31.810000 27.270000 6.040000 86.790000 90.530000 24.330000 66.770000
31.810000 27.270000 6.040000 86.790000 90.530000 24.330000 66.770000
31.810000 27.270000 6.040000 86.790000 90.530000 24.330000 66.770000
31.810000 27.270000 6.040000 86.790000 90.530000 24.330000 66.770000
31.810000 27.270000 6.040000 86.790000 140.530000 24.330000 66.770000
31.810000 27.270000 6.040000 86.790000 140.530000 24.330000 66.770000
31.810000 27.270000 6.040000 86.790000 140.530000 24.330000 66.770000
31.810000 27.270000 6.040000 86.790000 140.530000 24.330000 66.770000
31.810000 27.270000 6.040000 136.790000 90.530000 24.330000 66.770000
31.810000 27.270000 6.040000 136.790000 90.530000 24.330000 66.770000
31.810000 27.270000 6.040000 136.790000 90.530000 24.330000 66.770000
31.810000 27.270000 6.040000 136.790000 90.530000 24.330000 66.770000
31.810000 27.270000 6.040000 136.790000 140.530000 24.330000 66.770000
31.810000 27.270000 6.040000 136.790000 140.530000 24.330000 66.770000
31.810000 27.270000 6.040000 136.790000 140.530000 24.330000 66.770000
31.810000 27.270000 6.040000 136.790000 140.530000 24.330000 66.770000
31.810000 27.270000 6.040000 86.790000 90.530000 24.330000 66.770000
31.810000 27.270000 6.040000 86.790000 90.530000 24.330000 66.770000
31.810000 27.270000 6.040000 86.790000 90.530000 24.330000 66.770000
31.810000 27.270000 6.040000 86.790000 90.530000 24.330000 66.770000
31.810000 27.270000 6.040000 86.790000 140.530000 24.330000 66.770000
31.810000 27.270000 6.040000 86.790000 140.530000 24.330000 66.770000
31.810000 27.270000 6.040000 86.790000 140.530000 24.330000 66.770000
31.810000 27.270000 6.040000 86.790000 140.530000 24.330000 66.770000
31.810000 27.270000 6.040000 136.790000 90.530000 24.330000 66.770000
31.810000 27.270000 6.040000 136.790000 90.530000 24.330000 66.770000
31.810000 27.270000 6.040000 136.790000 90.530000 24.330000 66.770000
31.810000 27.270000 6.040000 136.790000 90.530000 24.330000 66.770000
31.810000 27.270000 6.040000 136.790000 140.530000 24.330000 66.770000
31.810000 27.270000 6.040000 136.790000 140.530000 24.330000 66.770000
31.810000 27.270000 6.040000 136.790000 140.530000 24.330000 66.770000
31.810000 27.270000 6.040000 136.790000 140.530000 24.330000 66.770000
31.810000 27.270000 6.040000 86.790000 90.530000 24.330000 66.770000
31.810000 27.270000 6.040000 86.790000 90.530000 24.330000 66.770000
31.810000 27.270000 6.040000 86.790000 90.530000 24.330000 66.770000
31.810000 27.270000 6.040000 86.790000 90.530000 24.330000 66.770000
31.810000 27.270000 6.040000 86.790000 140.530000 24.330000 66.770000
31.810000 27.270000 6.040000 86.790000 140.530000 24.330000 66.770000
31.810000 27.270000 6.040000 86.790000 140.530000 24.330000 66.770000
31.810000 27.270000 6.040000 86.790000 140.530000 24.330000 66.770000
31.810000 27.270000 6.040000 136.790000 90.530000 24.330000 66.770000
31.810000 27.270000 6.040000 136.790000 90.530000 24.330000 66.770000
31.810000 27.270000 6.040000 136.790000 90.530000 24.330000 66.770000
31.810000 27.270000 6.040000 136.790000 90.530000 24.330000 66.770000
31.810000 27.270000 6.040000 136.790000 140.530000 24.330000 66.770000
31.810000 27.270000 6.040000 136.790000 140.530000 24.330000 66.770000
31.810000 27.270000 6.040000 136.790000 140.530000 24.330000 66.770000
31.810000 27.270000 6.040000 136.790000 140.530000 24.330000 66.770000
31.810000 27.270000 6.040000 86.790000 90.530000 24.330000 66.770000
31.810000 27.270000 6.040000 86.790000 90.530000 24.330000 66.770000
31.810000 27.270000 6.040000 86.790000 90.530000 24.330000 66.770000
31.810000 27.270000 6.040000 86.790000 90.530000 24.330000 66.770000
31.810000 27.270000 6.040000 86.790000 140.530000 24.330000 66.770000
31.810000 27.270000 6.040000 86.790000 140.530000 24.330000 66.770000
31.810000 27.270000 6.040000 86.790000 140.530000 24.330000 66.770000
31.810000 27.270000 6.040000 86.790000 140.530000 24.330000 66.770000
31.810000 27.270000 6.040000 136.790000 90.530000 24.330000 66.770000
31.810000 27.270000 6.040000 136.790000 90.530000 24.330000 66.770000
31.810000 27.270000 6.040000 136.790000 90.530000 24.330000 66.770000
31.810000 27.270000 6.040000 136.790000 90.530000 24.330000 66.770000
31.810000 27.270000 6.040000 136.790000 140.530000 24.330000 66.770000
31.810000 27.270000 6.040000 136.790000 140.530000 24.330000 66.770000
31.810000 27.270000 6.040000 136.790000 140.530000 24.330000 66.770000
31.810000 27.270000 6.040000 136.790000 140.530000 24.330000 66.770000
31.810000 27.270000 6.040000 86.790000 90.530000 24.330000 66.770000
31.810000 27.270000 6.040000 86.790000 90.530000 24.330000 66.770000
31.810000 27.270000 6.040000 86.790000 90.530000 24.330000 66.770000
31.810000 27.270000 6.040000 86.790000 90.530000 24.330000 66.770000
31.810000 27.270000 6.040000 86.790000 140.530000 24.330000 66.770000
31.810000 27.270000 6.040000 86.790000 140.530000 24.330000 66.770000
31.810000 27.270000 6.040000 86.790000 140.530000 24.330000 66.770000
31.810000 27.270000 6.040000 86.790000 140.530000 24.330000 66.770000
31.810000 27.270000 6.040000 136.790000 90.530000 24.330000 66.770000
31.810000 27.270000 6.040000 136.790000 90.530000 24.330000 66.770000
31.810000 27.270000 6.040000 136.790000 90.530000 24.330000 66.770000
31.810000 27.270000 6.040000 136.790000 90.530000 24.330000 66.770000
31.810000 27.270000 6.040000 136.790000 140.530000 24.330000 66.770000
31.810000 27.270000 6.040000 136.790000 140.530000 24.330000 66.770000
31.810000 27.270000 6.040000 136.790000 140.530000 24.330000 66.770000
31.810000 27.270000 6.040000 136.790000 140.530000 24.330000 66.770000
31.810000 27.270000 6.040000 86.790000 90.530000 24.330000 66.770000
31.810000 27.270000 6.040000 86.790000 90.530000 24.330000 66.770000
31.810000 27.270000 6.040000 86.790000 90.530000 24.330000 66.770000
31.810000 27.270000 6.040000 86.790000 90.530000 24.330000 66.770000
31.810000 27.270000 6.040000 86.790000 140.530000 24.330000 66.770000
31.810000 27.270000 6.040000 86.790000 140.530000 24.330000 66.770000
31.810000 27.270000 6.040000 86.790000 140.530000 24.330000 66.770000
31.810000 27.270000 6.040000 86.790000 140.530000 24.330000 66.770000
31.810000 27.270000 6.040000 136.790000 90.530000 24.330000 66.770000
31.810000 27.270000 6.040000 136.790000 90.530000 24.330000 66.770000
31.810000 27.270000 6.040000 136.790000 90.530000 24.330000 66.770000
31.810000 27.270000 6.040000 136.790000 90.530000 24.330000 66.770000
31.810000 27.270000 6.040000 136.790000 140.530000 24.330000 66.770000
31.810000 27.270000 6.040000 136.790000 140.530000 24.330000 66.770000
31.810000 27.270000 6.040000 136.790000 140.530000 24.330000 66.770000
31.810000 27.270000 6.040000 136.790000 140.530000 24.330000 66.770000
31.810000 27.270000 6.040000 86.790000 90.530000 24.330000 66.770000
31.810000 27.270000 6.040000 86.790000 90.530000 24.330000 66.770000
31.810000 27.270000 6.040000 86.790000 90.530000 24.330000 66.770000
31.810000 27.270000 6.040000 86.790000 90.530000 24.330000 66.770000
31.810000 27.270000 6.040000 86.790000 140.530000 24.330000 66.770000
31.810000 27.270000 6.040000 86.790000 140.530000 24.330000 66.770000
31.810000 27.270000 6.040000 86.790000 140.530000 24.330000 66.770000
31.810000 27.270000 6.040000 86.790000 140.530000 24.330000 66.770000
31.810000 27.270000 6.040000 136.790000 90.530000 24.330000 66.770000
31.810000 27.270000 6.040000 136.790000 90.530000 24.330000 66.770000
31.810000 27.270000 6.040000 136.790000 90.530000 24.330000 66.770000
31.810000 27.270000 6.040000 136.790000 90.530000 24.330000 66.770000
31.810000 27.270000 6.040000 136.790000 140.530000 24.330000 66.770000
31.810000 27.270000 6.040000 136.790000 140.530000 24.330000 66.770000
31.810000 27.270000 6.040000 136.790000 140.530000 24.330000 66.770000
31.810000 27.270000 6.040000 136.790000 140.530000 24.330000 66.770000
31.810000 27.270000 6.040000 86.790000 90.530000 24.330000 66.770000
31.810000 27.270000 6.040000 86.790000 90.530000 24.330000 66.770000
31.810000 27.270000 6.040000 86.790000 90.530000 24.330000 66.770000
31.810000 27.270000 6.040000 86.790000 90.530000 24.330000 66.770000
31.810000 27.270000 6.040000 86.790000 140.530000 24.330000 66.770000
31.810000 27.270000 6.040000 86.790000 140.530000 24.330000 66.770000
31.810000 27.270000 6.040000 86.790000 140.530000 24.330000 66.770000
31.810000 27.270000 6.040000 86.790000 140.530000 24.330000 66.770000
31.810000 27.270000 6.040000 136.790000 90.530000 24.330000 66.770000
31.810000 27.270000 6.040000 136.790000 90.530000 24.330000 66.770000
31.810000 27.270000 6.040000 136.790000 90.530000 24.330000 66.770000
31.810000 27.270000 6.040000 136.790000 90.530000 24.330000 66.770000
31.810000 27.270000 6.040000 136.790000 140.530000 24.330000 66.770000
31.810000 27.270000 6.040000 136.790000 140.530000 24.330000 66.770000
31.810000 27.270000 6.040000 136.790000 140.530000 24.330000 66.770000
31.810000 27.270000 6.040000 136.790000 140.530000 24.330000 66.770000
31.810000 27.270000 6.040000 86.790000 90.530000 24.330000 66.770000
31.810000 27.270000 6.040000 86.790000 90.530000 24.330000 66.770000
31.810000 27.270000 6.040000 86.790000 90.530000 0.010000 66.770000
31.810000 27.270000 6.040000 86.790000 90.530000 0.010000 66.770000
31.810000 27.270000 6.040000 86.790000 90.530000 24.330000 66.770000
31.810000 27.270000 6.040000 86.790000 90.530000 24.330000 66.770000
31.810000 27.270000 6.040000 86.790000 90.530000 0.010000 66.770000
31.810000 27.270000 6.040000 86.790000 90.530000 0.010000 66.770000
31.810000 27.270000 6.040000 86.790000 90.530000 24.330000 66.770000
31.810000 27.270000 6.040000 86.790000 90.530000 24.330000 66.770000
31.810000 27.270000 6.040000 86.790000 90.530000 0.010000 66.770000
31.810000 27.270000 6.040000 86.790000 90.530000 0.010000 66.770000
31.810000 27.270000 6.040000 86.790000 90.530000 24.330000 66.770000
31.810000 27.270000 6.040000 86.790000 90.530000 24.330000 66.770000
31.810000 27.270000 6.040000 86.790000 90.530000 0.010000 66.770000
31.810000 27.270000 6.040000 86.790000 90.530000 0.010000 66.770000
31.810000 27.270000 0.010000 86.790000 90.530000 24.330000 66.770000
31.810000 27.270000 0.010000 86.790000 90.530000 24.330000 66.770000
31.810000 27.270000 0.010000 86.790000 90.530000 0.010000 66.770000
31.810000 27.270000 0.010000 86.790000 90.530000 0.010000 66.770000
31.810000 27.270000 0.010000 86.790000 90.530000 24.330000 66.770000
31.810000 27.270000 0.010000 86.790000 90.530000 24.330000 66.770000
31.810000 27.270000 0.010000 86.790000 90.530000 0.010000 66.770000
31.810000 27.270000 0.010000 86.790000 90.530000 0.010000 66.770000
31.810000 27.270000 0.010000 86.790000 90.530000 24.330000 66.770000
31.810000 27.270000 0.010000 86.790000 90.530000 24.330000 66.770000
31.810000 27.270000 0.010000 86.790000 90.530000 0.010000 66.770000
31.810000 27.270000 0.010000 86.790000 90.530000 0.010000 66.770000
31.810000 27.270000 0.010000 86.790000 90.530000 24.330000 66.770000
31.810000 27.270000 0.010000 86.790000 90.530000 24.330000 66.770000
31.810000 27.270000 0.010000 86.790000 90.530000 0.010000 66.770000
31.810000 27.270000 0.010000 86.790000 90.530000 0.010000 66.770000
31.810000 27.270000 6.040000 86.790000 90.530000 24.330000 66.770000
31.810000 27.270000 6.040000 86.790000 90.530000 24.330000 66.770000
31.810000 27.270000 6.040000 86.790000 90.530000 0.010000 66.770000
31.810000 27.270000 6.040000 86.790000 90.530000 0.010000 66.770000
31.810000 27.270000 6.040000 86.790000 90.530000 24.330000 66.770000
31.810000 27.270000 6.040000 86.790000 90.530000 24.330000 66.770000
31.810000 27.270000 6.040000 86.790000 90.530000 0.010000 66.770000
31.810000 27.270000 6.040000 86.790000 90.530000 0.010000 66.770000
31.810000 27.270000 6.040000 86.790000 90.530000 24.330000 66.770000
31.810000 27.270000 6.040000 86.790000 90.530000 24.330000 66.770000
31.810000 27.270000 6.040000 86.790000 90.530000 0.010000 66.770000
31.810000 27.270000 6.040000 86.790000 90.530000 0.010000 66.770000
31.810000 27.270000 6.040000 86.790000 90.530000 24.330000 66.770000
31.810000 27.270000 6.040000 86.790000 90.530000 24.330000 66.770000
31.810000 27.270000 6.040000 86.790000 90.530000 0.010000 66.770000
31.810000 27.270000 6.040000 86.790000 90.530000 0.010000 66.770000
31.810000 27.270000 0.010000 86.790000 90.530000 24.330000 66.770000
31.810000 27.270000 0.010000 86.790000 90.530000 24.330000 66.770000
31.810000 27.270000 0.010000 86.790000 90.530000 0.010000 66.770000
31.810000 27.270000 0.010000 86.790000 90.530000 0.010000 66.770000
31.810000 27.270000 0.010000 86.790000 90.530000 24.330000 66.770000
31.810000 27.270000 0.010000 86.790000 90.530000 24.330000 66.770000
31.810000 27.270000 0.010000 86.790000 90.530000 0.010000 66.770000
31.810000 27.270000 0.010000 86.790000 90.530000 0.010000 66.770000
31.810000 27.270000 0.010000 86.790000 90.530000 24.330000 66.770000
31.810000 27.270000 0.010000 86.790000 90.530000 24.330000 66.770000
31.810000 27.270000 0.010000 86.790000 90.530000 0.010000 66.770000
31.810000 27.270000 0.010000 86.790000 90.530000 0.010000 66.770000
31.810000 27.270000 0.010000 86.790000 90.530000 24.330000 66.770000
31.810000 27.270000 0.010000 86.790000 90.530000 24.330000 66.770000
31.810000 27.270000 0.010000 86.790000 90.530000 0.010000 66.770000
31.810000 27.270000 0.010000 86.790000 90.530000 0.010000 66.770000
0.010000 27.270000 6.040000 86.790000 90.530000 24.330000 66.770000
0.010000 27.270000 6.040000 86.790000 90.530000 24.330000 66.770000
0.010000 27.270000 6.040000 86.790000 90.530000 0.010000 66.770000
0.010000 27.270000 6.040000 86.790000 90.530000 0.010000 66.770000
0.010000 27.270000 6.040000 86.790000 90.530000 24.330000 66.770000
0.010000 27.270000 6.040000 86.790000 90.530000 24.330000 66.770000
0.010000 27.270000 6.040000 86.790000 90.530000 0.010000 66.770000
0.010000 27.270000 6.040000 86.790000 90.530000 0.010000 66.770000
0.010000 27.270000 6.040000 86.790000 90.530000 24.330000 66.770000
0.010000 27.270000 6.040000 86.790000 90.530000 24.330000 66.770000
0.010000 27.270000 6.040000 86.790000 90.530000 0.010000 66.770000
0.010000 27.270000 6.040000 86.790000 90.530000 0.010000 66.770000
0.010000 27.270000 6.040000 86.790000 90.530000 24.330000 66.770000
0.010000 27.270000 6.040000 86.790000 90.530000 24.330000 66.770000
0.010000 27.270000 6.040000 86.790000 90.530000 0.010000 66.770000
0.010000 27.270000 6.040000 86.790000 90.530000 0.010000 66.770000
0.010000 27.270000 0.010000 86.790000 90.530000 24.330000 66.770000
0.010000 27.270000 0.010000 86.790000 90.530000 24.330000 66.770000
0.010000 27.270000 0.010000 86.790000 90.530000 0.010000 66.770000
0.010000 27.270000 0.010000 86.790000 90.530000 0.010000 66.770000
0.010000 27.270000 0.010000 86.790000 90.530000 24.330000 66.770000
0.010000 27.270000 0.010000 86.790000 90.530000 24.330000 66.770000
0.010000 27.270000 0.010000 86.790000 90.530000 0.010000 66.770000
0.010000 27.270000 0.010000 86.790000 90.530000 0.010000 66.770000
0.010000 27.270000 0.010000 86.790000 90.530000 24.330000 66.770000
0.010000 27.270000 0.010000 86.790000 90.530000 24.330000 66.770000
0.010000 27.270000 0.010000 86.790000 90.530000 0.010000 66.770000
0.010000 27.270000 0.010000 86.790000 90.530000 0.010000 66.770000
0.010000 27.270000 0.010000 86.790000 90.530000 24.330000 66.770000
0.010000 27.270000 0.010000 86.790000 90.530000 24.330000 66.770000
0.010000 27.270000 0.010000 86.790000 90.530000 0.010000 66.770000
0.010000 27.270000 0.010000 86.790000 90.530000 0.010000 66.770000
0.010000 27.270000 6.040000 86.790000 90.530000 24.330000 66.770000
0.010000 27.270000 6.040000 86.790000 90.530000 24.330000 66.770000
0.010000 27.270000 6.040000 86.790000 90.530000 0.010000 66.770000
0.010000 27.270000 6.040000 86.790000 90.530000 0.010000 66.770000
0.010000 27.270000 6.040000 86.790000 90.530000 24.330000 66.770000
0.010000 27.270000 6.040000 86.790000 90.530000 24.330000 66.770000
0.010000 27.270000 6.040000 86.790000 90.530000 0.010000 66.770000
0.010000 27.270000 6.040000 86.790000 90.530000 0.010000 66.770000
0.010000 27.270000 6.040000 86.790000 90.530000 24.330000 66.770000
0.010000 27.270000 6.040000 86.790000 90.530000 24.330000 66.770000
0.010000 27.270000 6.040000 86.790000 90.530000 0.010000 66.770000
0.010000 27.270000 6.040000 86.790000 90.530000 0.010000 66.770000
0.010000 27.270000 6.040000 86.790000 90.530000 24.330000 66.770000
0.010000 27.270000 6.040000 86.790000 90.530000 24.330000 66.770000
0.010000 27.270000 6.040000 86.790000 90.530000 0.010000 66.770000
0.010000 27.270000 6.040000 86.790000 90.530000 0.010000 66.770000
0.010000 27.270000 0.010000 86.790000 90.530000 24.330000 66.770000
0.010000 27.270000 0.010000 86.790000 90.530000 24.330000 66.770000
0.010000 27.270000 0.010000 86.790000 90.530000 0.010000 66.770000
0.010000 27.270000 0.010000 86.790000 90.530000 0.010000 66.770000
0.010000 27.270000 0.010000 86.790000 90.530000 24.330000 66.770000
0.010000 27.270000 0.010000 86.790000 90.530000 24.330000 66.770000
0.010000 27.270000 0.010000 86.790000 90.530000 0.010000 66.770000
0.010000 27.270000 0.010000 86.790000 90.530000 0.010000 66.770000
0.010000 27.270000 0.010000 86.790000 90.530000 24.330000 66.770000
0.010000 27.270000 0.010000 86.790000 90.530000 24.330000 66.770000
0.010000 27.270000 0.010000 86.790000 90.530000 0.010000 66.770000
0.010000 27.270000 0.010000 86.790000 90.530000 0.010000 66.770000
0.010000 27.270000 0.010000 86.790000 90.530000 24.330000 66.770000
0.010000 27.270000 0.010000 86.790000 90.530000 24.330000 66.770000
0.010000 27.270000 0.010000 86.790000 90.530000 0.010000 66.770000
0.010000 27.270000 0.010000 86.790000 90.530000 0.010000 66.770000
31.810000 27.270000 6.040000 86.790000 90.530000 24.330000 66.770000
31.810000 27.270000 6.040000 86.790000 90.530000 24.330000 66.770000
31.810000 27.270000 6.040000 86.790000 90.530000 0.010000 66.770000
31.810000 27.270000 6.040000 86.790000 90.530000 0.010000 66.770000
31.810000 27.270000 6.040000 86.790000 140.530000 24.330000 66.770000
31.810000 27.270000 6.040000 86.790000 140.530000 24.330000 66.770000
31.810000 27.270000 6.040000 86.790000 140.530000 0.010000 66.770000
31.810000 27.270000 6.040000 86.790000 140.530000 0.010000 66.770000
31.810000 27.270000 6.040000 136.790000 90.530000 24.330000 66.770000
31.810000 27.270000 6.040000 136.790000 90.530000 24.330000 66.770000
31.810000 27.270000 6.040000 136.790000 90.530000 0.010000 66.770000
31.810000 27.270000 6.040000 136.790000 90.530000 0.010000 66.770000
31.810000 27.270000 6.040000 136.790000 140.530000 24.330000 66.770000
31.810000 27.270000 6.040000 136.790000 140.530000 24.330000 66.770000
31.810000 27.270000 6.040000 136.790000 140.530000 0.010000 66.770000
31.810000 27.270000 6.040000 136.790000 140.530000 0.010000 66.770000
31.810000 27.270000 0.010000 86.790000 90.530000 24.330000 66.770000
31.810000 27.270000 0.010000 86.790000 90.530000 24.330000 66.770000
31.810000 27.270000 0.010000 86.790000 90.530000 0.010000 66.770000
31.810000 27.270000 0.010000 86.790000 90.530000 0.010000 66.770000
31.810000 27.270000 0.010000 86.790000 140.530000 24.330000 66.770000
31.810000 27.270000 0.010000 86.790000 140.530000 24.330000 66.770000
31.810000 27.270000 0.010000 86.790000 140.530000 0.010000 66.770000
31.810000 27.270000 0.010000 86.790000 140.530000 0.010000 66.770000
31.810000 27.270000 0.010000 136.790000 90.530000 24.330000 66.770000
31.810000 27.270000 0.010000 136.790000 90.530000 24.330000 66.770000
31.810000 27.270000 0.010000 136.790000 90.530000 0.010000 66.770000
31.810000 27.270000 0.010000 136.790000 90.530000 0.010000 66.770000
31.810000 27.270000 0.010000 136.790000 140.530000 24.330000 66.770000
31.810000 27.270000 0.010000 136.790000 140.530000 24.330000 66.770000
31.810000 27.270000 0.010000 136.790000 140.530000 0.010000 66.770000
31.810000 27.270000 0.010000 136.790000 140.530000 0.010000 66.770000
31.810000 27.270000 6.040000 86.790000 90.530000 24.330000 66.770000
31.810000 27.270000 6.040000 86.790000 90.530000 24.330000 66.770000
31.810000 27.270000 6.040000 86.790000 90.530000 0.010000 66.770000
31.810000 27.270000 6.040000 86.790000 90.530000 0.010000 66.770000
31.810000 27.270000 6.040000 86.790000 140.530000 24.330000 66.770000
31.810000 27.270000 6.040000 86.790000 140.530000 24.330000 66.770000
31.810000 27.270000 6.040000 86.790000 140.530000 0.010000 66.770000
31.810000 27.270000 6.040000 86.790000 140.530000 0.010000 66.770000
31.810000 27.270000 6.040000 136.790000 90.530000 24.330000 66.770000
31.810000 27.270000 6.040000 136.790000 90.530000 24.330000 66.770000
31.810000 27.270000 6.040000 136.790000 90.530000 0.010000 66.770000
31.810000 27.270000 6.040000 136.790000 90.530000 0.010000 66.770000
31.810000 27.270000 6.040000 136.790000 140.530000 24.330000 66.770000
31.810000 27.270000 6.040000 136.790000 140.530000 24.330000 66.770000
31.810000 27.270000 6.040000 136.790000 140.530000 0.010000 66.770000
31.810000 27.270000 6.040000 136.790000 140.530000 0.010000 66.770000
31.810000 27.270000 0.010000 86.790000 90.530000 24.330000 66.770000
31.810000 27.270000 0.010000 86.790000 90.530000 24.330000 66.770000
31.810000 27.270000 0.010000 86.790000 90.530000 0.010000 66.770000
31.810000 27.270000 0.010000 86.790000 90.530000 0.010000 66.770000
31.810000 27.270000 0.010000 86.790000 140.530000 24.330000 66.770000
31.810000 27.270000 0.010000 86.790000 140.530000 24.330000 66.770000
31.810000 27.270000 0.010000 86.790000 140.530000 0.010000 66.770000
31.810000 27.270000 0.010000 86.790000 140.530000 0.010000 66.770000
31.810000 27.270000 0.010000 136.790000 90.530000 24.330000 66.770000
31.810000 27.270000 0.010000 136.790000 90.530000 24.330000 66.770000
31.810000 27.270000 0.010000 136.790000 90.530000 0.010000 66.770000
31.810000 27.270000 0.010000 136.790000 90.530000 0.010000 66.770000
31.810000 27.270000 0.010000 136.790000 140.530000 24.330000 66.770000
31.810000 27.270000 0.010000 136.790000 140.530000 24.330000 66.770000
31.810000 27.270000 0.010000 136.790000 140.530000 0.010000 66.770000
31.810000 27.270000 0.010000 136.790000 140.530000 0.010000 66.770000
0.010000 27.270000 6.040000 86.790000 90.530000 24.330000 66.770000
0.010000 27.270000 6.040000 86.790000 90.530000 24.330000 66.770000
0.010000 27.270000 6.040000 86.790000 90.530000 0.010000 66.770000
0.010000 27.270000 6.040000 86.790000 90.530000 0.010000 66.770000
0.010000 27.270000 6.040000 86.790000 140.530000 24.330000 66.770000
0.010000 27.270000 6.040000 86.790000 140.530000 24.330000 66.770000
0.010000 27.270000 6.040000 86.790000 140.530000 0.010000 66.770000
0.010000 27.270000 6.040000 86.790000 140.530000 0.010000 66.770000
0.010000 27.270000 6.040000 136.790000 90.530000 24.330000 66.770000
0.010000 27.270000 6.040000 136.790000 90.530000 24.330000 66.770000
0.010000 27.270000 6.040000 136.790000 90.530000 0.010000 66.770000
0.010000 27.270000 6.040000 136.790000 90.530000 0.010000 66.770000
0.010000 27.270000 6.040000 136.790000 140.530000 24.330000 66.770000
0.010000 27.270000 6.040000 136.790000 140.530000 24.330000 66.770000
0.010000 27.270000 6.040000 136.790000 140.530000 0.010000 66.770000
0.010000 27.270000 6.040000 136.790000 140.530000 0.010000 66.770000
0.010000 27.270000 0.010000 86.790000 90.530000 24.330000 66.770000
0.010000 27.270000 0.010000 86.790000 90.530000 24.330000 66.770000
0.010000 27.270000 0.010000 86.790000 90.530000 0.010000 66.770000
0.010000 27.270000 0.010000 86.790000 90.530000 0.010000 66.770000
0.010000 27.270000 0.010000 86.790000 140.530000 24.330000 66.770000
0.010000 27.270000 0.010000 86.790000 140.530000 24.330000 66.770000
0.010000 27.270000 0.010000 86.790000 140.530000 0.010000 66.770000
0.010000 27.270000 0.010000 86.790000 140.530000 0.010000 66.770000
0.010000 27.270000 0.010000 136.790000 90.530000 24.330000 66.770000
0.010000 27.270000 0.010000 136.790000 90.530000 24.330000 66.770000
0.010000 27.270000 0.010000 136.790000 90.530000 0.010000 66.770000
0.010000 27.270000 0.010000 136.790000 90.530000 0.010000 66.770000
0.010000 27.270000 0.010000 136.790000 140.530000 24.330000 66.770000
0.010000 27.270000 0.010000 136.790000 140.530000 24.330000 66.770000
0.010000 27.270000 0.010000 136.790000 140.530000 0.010000 66.770000
0.010000 27.270000 0.010000 136.790000 140.530000 0.010000 66.770000
0.010000 27.270000 6.040000 86.790000 90.530000 24.330000 66.770000
0.010000 27.270000 6.040000 86.790000 90.530000 24.330000 66.770000
0.010000 27.270000 6.040000 86.790000 90.530000 0.010000 66.770000
0.010000 27.270000 6.040000 86.790000 90.530000 0.010000 66.770000
0.010000 27.270000 6.040000 86.790000 140.530000 24.330000 66.770000
0.010000 27.270000 6.040000 86.790000 140.530000 24.330000 66.770000
0.010000 27.270000 6.040000 86.790000 140.530000 0.010000 66.770000
0.010000 27.270000 6.040000 86.790000 140.530000 0.010000 66.770000
0.010000 27.270000 6.040000 136.790000 90.530000 24.330000 66.770000
0.010000 27.270000 6.040000 136.790000 90.530000 24.330000 66.770000
0.010000 27.270000 6.040000 136.790000 90.530000 0.010000 66.770000
0.010000 27.270000 6.040000 136.790000 90.530000 0.010000 66.770000
0.010000 27.270000 6.040000 136.790000 140.530000 24.330000 66.770000
0.010000 27.270000 6.040000 136.790000 140.530000 24.330000 66.770000
0.010000 27.270000 6.040000 136.790000 140.530000 0.010000 66.770000
0.010000 27.270000 6.040000 136.790000 140.530000 0.010000 66.770000
0.010000 27.270000 0.010000 86.790000 90.530000 24.330000 66.770000
0.010000 27.270000 0.010000 86.790000 90.530000 24.330000 66.770000
0.010000 27.270000 0.010000 86.790000 90.530000 0.010000 66.770000
0.010000 27.270000 0.010000 86.790000 90.530000 0.010000 66.770000
0.010000 27.270000 0.010000 86.790000 140.530000 24.330000 66.770000
0.010000 27.270000 0.010000 86.790000 140.530000 24.330000 66.770000
0.010000 27.270000 0.010000 86.790000 140.530000 0.010000 66.770000
0.010000 27.270000 0.010000 86.790000 140.530000 0.010000 66.770000
0.010000 27.270000 0.010000 136.790000 90.530000 24.330000 66.770000
0.010000 27.270000 0.010000 136.790000 90.530000 24.330000 66.770000
0.010000 27.270000 0.010000 136.790000 90.530000 0.010000 66.770000
0.010000 27.270000 0.010000 136.790000 90.530000 0.010000 66.770000
0.010000 27.270000 0.010000 136.790000 140.530000 24.330000 66.770000
0.010000 27.270000 0.010000 136.790000 140.530000 24.330000 66.770000
0.010000 27.270000 0.010000 136.790000 140.530000 0.010000 66.770000
0.010000 27.270000 0.010000 136.790000 140.530000 0.010000 66.770000
