42.800000 44.140000 41.410000 76.380000 56.200000 41.780000 70.400000
42.800000 44.140000 41.410000 76.380000 56.200000 41.780000 120.400000
42.800000 44.140000 41.410000 76.380000 56.200000 41.780000 70.400000
42.800000 44.140000 41.410000 76.380000 56.200000 41.780000 120.400000
42.800000 44.140000 41.410000 76.380000 56.200000 41.780000 70.400000
42.800000 44.140000 41.410000 76.380000 56.200000 41.780000 120.400000
42.800000 44.140000 41.410000 76.380000 56.200000 41.780000 70.400000
42.800000 44.140000 41.410000 76.380000 56.200000 41.780000 120.400000
42.800000 44.140000 41.410000 76.380000 56.200000 41.780000 70.400000
42.800000 44.140000 41.410000 76.380000 56.200000 41.780000 120.400000
42.800000 44.140000 41.410000 76.380000 56.200000 41.780000 70.400000
42.800000 44.140000 41.410000 76.380000 56.200000 41.780000 120.400000
42.800000 44.140000 41.410000 76.380000 56.200000 41.780000 70.400000
42.800000 44.140000 41.410000 76.380000 56.200000 41.780000 120.400000
42.800000 44.140000 41.410000 76.380000 56.200000 41.780000 70.400000
42.800000 44.140000 41.410000 76.380000 56.200000 41.780000 120.400000
42.800000 44.140000 91.410000 76.380000 56.200000 41.780000 70.400000
42.800000 44.140000 91.410000 76.380000 56.200000 41.780000 120.400000
42.800000 44.140000 91.410000 76.380000 56.200000 41.780000 70.400000
42.800000 44.140000 91.410000 76.380000 56.200000 41.780000 120.400000
42.800000 44.140000 91.410000 76.380000 56.200000 41.780000 70.400000
42.800000 44.140000 91.410000 76.380000 56.200000 41.780000 120.400000
42.800000 44.140000 91.410000 76.380000 56.200000 41.780000 70.400000
42.800000 44.140000 91.410000 76.380000 56.200000 41.780000 120.400000
42.800000 44.140000 91.410000 76.380000 56.200000 41.780000 70.400000
42.800000 44.140000 91.410000 76.380000 56.200000 41.780000 120.400000
42.800000 44.140000 91.410000 76.380000 56.200000 41.780000 70.400000
42.800000 44.140000 91.410000 76.380000 56.200000 41.780000 120.400000
42.800000 44.140000 91.410000 76.380000 56.200000 41.780000 70.400000
42.800000 44.140000 91.410000 76.380000 56.200000 41.780000 120.400000
42.800000 44.140000 91.410000 76.380000 56.200000 41.780000 70.400000
42.800000 44.140000 91.410000 76.380000 56.200000 41.780000 120.400000
42.800000 94.140000 41.410000 76.380000 56.200000 41.780000 70.400000
42.800000 94.140000 41.410000 76.380000 56.200000 41.780000 120.400000
42.800000 94.140000 41.410000 76.380000 56.200000 41.780000 70.400000
42.800000 94.140000 41.410000 76.380000 56.200000 41.780000 120.400000
42.800000 94.140000 41.410000 76.380000 56.200000 41.780000 70.400000
42.800000 94.140000 41.410000 76.380000 56.200000 41.780000 120.400000
42.800000 94.140000 41.410000 76.380000 56.200000 41.780000 70.400000
42.800000 94.140000 41.410000 76.380000 56.200000 41.780000 120.400000
42.800000 94.140000 41.410000 76.380000 56.200000 41.780000 70.400000
42.800000 94.140000 41.410000 76.380000 56.200000 41.780000 120.400000
42.800000 94.140000 41.410000 76.380000 56.200000 41.780000 70.400000
42.800000 94.140000 41.410000 76.380000 56.200000 41.780000 120.400000
42.800000 94.140000 41.410000 76.380000 56.200000 41.780000 70.400000
42.800000 94.140000 41.410000 76.380000 56.200000 41.780000 120.400000
42.800000 94.140000 41.410000 76.380000 56.200000 41.780000 70.400000
42.800000 94.140000 41.410000 76.380000 56.200000 41.780000 120.400000
42.800000 94.140000 91.410000 76.380000 56.200000 41.780000 70.400000
42.800000 94.140000 91.410000 76.380000 56.200000 41.780000 120.400000
42.800000 94.140000 91.410000 76.380000 56.200000 41.780000 70.400000
42.800000 94.140000 91.410000 76.380000 56.200000 41.780000 120.400000
42.800000 94.140000 91.410000 76.380000 56.200000 41.780000 70.400000
42.800000 94.140000 91.410000 76.380000 56.200000 41.780000 120.400000
42.800000 94.140000 91.410000 76.380000 56.200000 41.780000 70.400000
42.800000 94.140000 91.410000 76.380000 56.200000 41.780000 120.400000
42.800000 94.140000 91.410000 76.380000 56.200000 41.780000 70.400000
42.800000 94.140000 91.410000 76.380000 56.200000 41.780000 120.400000
42.800000 94.140000 91.410000 76.380000 56.200000 41.780000 70.400000
42.800000 94.140000 91.410000 76.380000 56.200000 41.780000 120.400000
42.800000 94.140000 91.410000 76.380000 56.200000 41.780000 70.400000
42.800000 94.140000 91.410000 76.380000 56.200000 41.780000 120.400000
42.800000 94.140000 91.410000 76.380000 56.200000 41.780000 70.400000
42.800000 94.140000 91.410000 76.380000 56.200000 41.780000 120.400000
92.800000 44.140000 41.410000 76.380000 56.200000 41.780000 70.400000
92.800000 44.140000 41.410000 76.380000 56.200000 41.780000 120.400000
92.800000 44.140000 41.410000 76.380000 56.200000 41.780000 70.400000
92.800000 44.140000 41.410000 76.380000 56.200000 41.780000 120.400000
92.800000 44.140000 41.410000 76.380000 56.200000 41.780000 70.400000
92.800000 44.140000 41.410000 76.380000 56.200000 41.780000 120.400000
92.800000 44.140000 41.410000 76.380000 56.200000 41.780000 70.400000
92.800000 44.140000 41.410000 76.380000 56.200000 41.780000 120.400000
92.800000 44.140000 41.410000 76.380000 56.200000 41.780000 70.400000
92.800000 44.140000 41.410000 76.380000 56.200000 41.780000 120.400000
92.800000 44.140000 41.410000 76.380000 56.200000 41.780000 70.400000
92.800000 44.140000 41.410000 76.380000 56.200000 41.780000 120.400000
92.800000 44.140000 41.410000 76.380000 56.200000 41.780000 70.400000
92.800000 44.140000 41.410000 76.380000 56.200000 41.780000 120.400000
92.800000 44.140000 41.410000 76.380000 56.200000 41.780000 70.400000
92.800000 44.140000 41.410000 76.380000 56.200000 41.780000 120.400000
92.800000 44.140000 91.410000 76.380000 56.200000 41.780000 70.400000
92.800000 44.140000 91.410000 76.380000 56.200000 41.780000 120.400000
92.800000 44.140000 91.410000 76.380000 56.200000 41.780000 70.400000
92.800000 44.140000 91.410000 76.380000 56.200000 41.780000 120.400000
92.800000 44.140000 91.410000 76.380000 56.200000 41.780000 70.400000
92.800000 44.140000 91.410000 76.380000 56.200000 41.780000 120.400000
92.800000 44.140000 91.410000 76.380000 56.200000 41.780000 70.400000
92.800000 44.140000 91.410000 76.380000 56.200000 41.780000 120.400000
92.800000 44.140000 91.410000 76.380000 56.200000 41.780000 70.400000
92.800000 44.140000 91.410000 76.380000 56.200000 41.780000 120.400000
92.800000 44.140000 91.410000 76.380000 56.200000 41.780000 70.400000
92.800000 44.140000 91.410000 76.380000 56.200000 41.780000 120.400000
92.800000 44.140000 91.410000 76.380000 56.200000 41.780000 70.400000
92.800000 44.140000 91.410000 76.380000 56.200000 41.780000 120.400000
92.800000 44.140000 91.410000 76.380000 56.200000 41.780000 70.400000
92.800000 44.140000 91.410000 76.380000 56.200000 41.780000 120.400000
92.800000 94.140000 41.410000 76.380000 56.200000 41.780000 70.400000
92.800000 94.140000 41.410000 76.380000 56.200000 41.780000 120.400000
92.800000 94.140000 41.410000 76.380000 56.200000 41.780000 70.400000
92.800000 94.140000 41.410000 76.380000 56.200000 41.780000 120.400000
92.800000 94.140000 41.410000 76.380000 56.200000 41.780000 70.400000
92.800000 94.140000 41.410000 76.380000 56.200000 41.780000 120.400000
92.800000 94.140000 41.410000 76.380000 56.200000 41.780000 70.400000
92.800000 94.140000 41.410000 76.380000 56.200000 41.780000 120.400000
92.800000 94.140000 41.410000 76.380000 56.200000 41.780000 70.400000
92.800000 94.140000 41.410000 76.380000 56.200000 41.780000 120.400000
92.800000 94.140000 41.410000 76.380000 56.200000 41.780000 70.400000
92.800000 94.140000 41.410000 76.380000 56.200000 41.780000 120.400000
92.800000 94.140000 41.410000 76.380000 56.200000 41.780000 70.400000
92.800000 94.140000 41.410000 76.380000 56.200000 41.780000 120.400000
92.800000 94.140000 41.410000 76.380000 56.200000 41.780000 70.400000
92.800000 94.140000 41.410000 76.380000 56.200000 41.780000 120.400000
92.800000 94.140000 91.410000 76.380000 56.200000 41.780000 70.400000
92.800000 94.140000 91.410000 76.380000 56.200000 41.780000 120.400000
92.800000 94.140000 91.410000 76.380000 56.200000 41.780000 70.400000
92.800000 94.140000 91.410000 76.380000 56.200000 41.780000 120.400000
92.800000 94.140000 91.410000 76.380000 56.200000 41.780000 70.400000
92.800000 94.140000 91.410000 76.380000 56.200000 41.780000 120.400000
92.800000 94.140000 91.410000 76.380000 56.200000 41.780000 70.400000
92.800000 94.140000 91.410000 76.380000 56.200000 41.780000 120.400000
92.800000 94.140000 91.410000 76.380000 56.200000 41.780000 70.400000
92.800000 94.140000 91.410000 76.380000 56.200000 41.780000 120.400000
92.800000 94.140000 91.410000 76.380000 56.200000 41.780000 70.400000
92.800000 94.140000 91.410000 76.380000 56.200000 41.780000 120.400000
92.800000 94.140000 91.410000 76.380000 56.200000 41.780000 70.400000
92.800000 94.140000 91.410000 76.380000 56.200000 41.780000 120.400000
92.800000 94.140000 91.410000 76.380000 56.200000 41.780000 70.400000
92.800000 94.140000 91.410000 76.380000 56.200000 41.780000 120.400000
42.800000 44.140000 41.410000 76.380000 56.200000 41.780000 70.400000
42.800000 44.140000 41.410000 76.380000 56.200000 41.780000 70.400000
42.800000 44.140000 41.410000 76.380000 56.200000 41.780000 70.400000
42.800000 44.140000 41.410000 76.380000 56.200000 41.780000 70.400000
42.800000 44.140000 41.410000 76.380000 56.200000 41.780000 70.400000
42.800000 44.140000 41.410000 76.380000 56.200000 41.780000 70.400000
42.800000 44.140000 41.410000 76.380000 56.200000 41.780000 70.400000
42.800000 44.140000 41.410000 76.380000 56.200000 41.780000 70.400000
42.800000 44.140000 41.410000 26.380000 56.200000 41.780000 70.400000
42.800000 44.140000 41.410000 26.380000 56.200000 41.780000 70.400000
42.800000 44.140000 41.410000 26.380000 56.200000 41.780000 70.400000
42.800000 44.140000 41.410000 26.380000 56.200000 41.780000 70.400000
42.800000 44.140000 41.410000 26.380000 56.200000 41.780000 70.400000
42.800000 44.140000 41.410000 26.380000 56.200000 41.780000 70.400000
42.800000 44.140000 41.410000 26.380000 56.200000 41.780000 70.400000
42.800000 44.140000 41.410000 26.380000 56.200000 41.780000 70.400000
42.800000 44.140000 41.410000 76.380000 56.200000 41.780000 70.400000
42.800000 44.140000 41.410000 76.380000 56.200000 41.780000 70.400000
42.800000 44.140000 41.410000 76.380000 56.200000 41.780000 70.400000
42.800000 44.140000 41.410000 76.380000 56.200000 41.780000 70.400000
42.800000 44.140000 41.410000 76.380000 56.200000 41.780000 70.400000
42.800000 44.140000 41.410000 76.380000 56.200000 41.780000 70.400000
42.800000 44.140000 41.410000 76.380000 56.200000 41.780000 70.400000
42.800000 44.140000 41.410000 76.380000 56.200000 41.780000 70.400000
42.800000 44.140000 41.410000 26.380000 56.200000 41.780000 70.400000
42.800000 44.140000 41.410000 26.380000 56.200000 41.780000 70.400000
42.800000 44.140000 41.410000 26.380000 56.200000 41.780000 70.400000
42.800000 44.140000 41.410000 26.380000 56.200000 41.780000 70.400000
42.800000 44.140000 41.410000 26.380000 56.200000 41.780000 70.400000
42.800000 44.140000 41.410000 26.380000 56.200000 41.780000 70.400000
42.800000 44.140000 41.410000 26.380000 56.200000 41.780000 70.400000
42.800000 44.140000 41.410000 26.380000 56.200000 41.780000 70.400000
42.800000 44.140000 41.410000 76.380000 56.200000 41.780000 70.400000
42.800000 44.140000 41.410000 76.380000 56.200000 41.780000 70.400000
42.800000 44.140000 41.410000 76.380000 56.200000 41.780000 70.400000
42.800000 44.140000 41.410000 76.380000 56.200000 41.780000 70.400000
42.800000 44.140000 41.410000 76.380000 56.200000 41.780000 70.400000
42.800000 44.140000 41.410000 76.380000 56.200000 41.780000 70.400000
42.800000 44.140000 41.410000 76.380000 56.200000 41.780000 70.400000
42.800000 44.140000 41.410000 76.380000 56.200000 41.780000 70.400000
42.800000 44.140000 41.410000 26.380000 56.200000 41.780000 70.400000
42.800000 44.140000 41.410000 26.380000 56.200000 41.780000 70.400000
42.800000 44.140000 41.410000 26.380000 56.200000 41.780000 70.400000
42.800000 44.140000 41.410000 26.380000 56.200000 41.780000 70.400000
42.800000 44.140000 41.410000 26.380000 56.200000 41.780000 70.400000
42.800000 44.140000 41.410000 26.380000 56.200000 41.780000 70.400000
42.800000 44.140000 41.410000 26.380000 56.200000 41.780000 70.400000
42.800000 44.140000 41.410000 26.380000 56.200000 41.780000 70.400000
42.800000 44.140000 41.410000 76.380000 56.200000 41.780000 70.400000
42.800000 44.140000 41.410000 76.380000 56.200000 41.780000 70.400000
42.800000 44.140000 41.410000 76.380000 56.200000 41.780000 70.400000
42.800000 44.140000 41.410000 76.380000 56.200000 41.780000 70.400000
42.800000 44.140000 41.410000 76.380000 56.200000 41.780000 70.400000
42.800000 44.140000 41.410000 76.380000 56.200000 41.780000 70.400000
42.800000 44.140000 41.410000 76.380000 56.200000 41.780000 70.400000
42.800000 44.140000 41.410000 76.380000 56.200000 41.780000 70.400000
42.800000 44.140000 41.410000 26.380000 56.200000 41.780000 70.400000
42.800000 44.140000 41.410000 26.380000 56.200000 41.780000 70.400000
42.800000 44.140000 41.410000 26.380000 56.200000 41.780000 70.400000
42.800000 44.140000 41.410000 26.380000 56.200000 41.780000 70.400000
42.800000 44.140000 41.410000 26.380000 56.200000 41.780000 70.400000
42.800000 44.140000 41.410000 26.380000 56.200000 41.780000 70.400000
42.800000 44.140000 41.410000 26.380000 56.200000 41.780000 70.400000
42.800000 44.140000 41.410000 26.380000 56.200000 41.780000 70.400000
42.800000 44.140000 41.410000 76.380000 56.200000 41.780000 70.400000
42.800000 44.140000 41.410000 76.380000 56.200000 41.780000 70.400000
42.800000 44.140000 41.410000 76.380000 56.200000 41.780000 70.400000
42.800000 44.140000 41.410000 76.380000 56.200000 41.780000 70.400000
42.800000 44.140000 41.410000 76.380000 56.200000 41.780000 70.400000
42.800000 44.140000 41.410000 76.380000 56.200000 41.780000 70.400000
42.800000 44.140000 41.410000 76.380000 56.200000 41.780000 70.400000
42.800000 44.140000 41.410000 76.380000 56.200000 41.780000 70.400000
42.800000 44.140000 41.410000 26.380000 56.200000 41.780000 70.400000
42.800000 44.140000 41.410000 26.380000 56.200000 41.780000 70.400000
42.800000 44.140000 41.410000 26.380000 56.200000 41.780000 70.400000
42.800000 44.140000 41.410000 26.380000 56.200000 41.780000 70.400000
42.800000 44.140000 41.410000 26.380000 56.200000 41.780000 70.400000
42.800000 44.140000 41.410000 26.380000 56.200000 41.780000 70.400000
42.800000 44.140000 41.410000 26.380000 56.200000 41.780000 70.400000
42.800000 44.140000 41.410000 26.380000 56.200000 41.780000 70.400000
42.800000 44.140000 41.410000 76.380000 56.200000 41.780000 70.400000
42.800000 44.140000 41.410000 76.380000 56.200000 41.780000 70.400000
42.800000 44.140000 41.410000 76.380000 56.200000 41.780000 70.400000
42.800000 44.140000 41.410000 76.380000 56.200000 41.780000 70.400000
42.800000 44.140000 41.410000 76.380000 56.200000 41.780000 70.400000
42.800000 44.140000 41.410000 76.380000 56.200000 41.780000 70.400000
42.800000 44.140000 41.410000 76.380000 56.200000 41.780000 70.400000
42.800000 44.140000 41.410000 76.380000 56.200000 41.780000 70.400000
42.800000 44.140000 41.410000 26.380000 56.200000 41.780000 70.400000
42.800000 44.140000 41.410000 26.380000 56.200000 41.780000 70.400000
42.800000 44.140000 41.410000 26.380000 56.200000 41.780000 70.400000
42.800000 44.140000 41.410000 26.380000 56.200000 41.780000 70.400000
42.800000 44.140000 41.410000 26.380000 56.200000 41.780000 70.400000
42.800000 44.140000 41.410000 26.380000 56.200000 41.780000 70.400000
42.800000 44.140000 41.410000 26.380000 56.200000 41.780000 70.400000
42.800000 44.140000 41.410000 26.380000 56.200000 41.780000 70.400000
42.800000 44.140000 41.410000 76.380000 56.200000 41.780000 70.400000
42.800000 44.140000 41.410000 76.380000 56.200000 41.780000 70.400000
42.800000 44.140000 41.410000 76.380000 56.200000 41.780000 70.400000
42.800000 44.140000 41.410000 76.380000 56.200000 41.780000 70.400000
42.800000 44.140000 41.410000 76.380000 56.200000 41.780000 70.400000
42.800000 44.140000 41.410000 76.380000 56.200000 41.780000 70.400000
42.800000 44.140000 41.410000 76.380000 56.200000 41.780000 70.400000
42.800000 44.140000 41.410000 76.380000 56.200000 41.780000 70.400000
42.800000 44.140000 41.410000 26.380000 56.200000 41.780000 70.400000
42.800000 44.140000 41.410000 26.380000 56.200000 41.780000 70.400000
42.800000 44.140000 41.410000 26.380000 56.200000 41.780000 70.400000
42.800000 44.140000 41.410000 26.380000 56.200000 41.780000 70.400000
42.800000 44.140000 41.410000 26.380000 56.200000 41.780000 70.400000
42.800000 44.140000 41.410000 26.380000 56.200000 41.780000 70.400000
42.800000 44.140000 41.410000 26.380000 56.200000 41.780000 70.400000
42.800000 44.140000 41.410000 26.380000 56.200000 41.780000 70.400000
42.800000 44.140000 41.410000 76.380000 56.200000 41.780000 70.400000
42.800000 44.140000 41.410000 76.380000 56.200000 41.780000 70.400000
42.800000 44.140000 41.410000 76.380000 56.200000 41.780000 70.400000
42.800000 44.140000 41.410000 76.380000 56.200000 41.780000 70.400000
42.800000 44.140000 41.410000 76.380000 56.200000 41.780000 70.400000
42.800000 44.140000 41.410000 76.380000 56.200000 41.780000 70.400000
42.800000 44.140000 41.410000 76.380000 56.200000 41.780000 70.400000
42.800000 44.140000 41.410000 76.380000 56.200000 41.780000 70.400000
42.800000 44.140000 41.410000 26.380000 56.200000 41.780000 70.400000
42.800000 44.140000 41.410000 26.380000 56.200000 41.780000 70.400000
42.800000 44.140000 41.410000 26.380000 56.200000 41.780000 70.400000
42.800000 44.140000 41.410000 26.380000 56.200000 41.780000 70.400000
42.800000 44.140000 41.410000 26.380000 56.200000 41.780000 70.400000
42.800000 44.140000 41.410000 26.380000 56.200000 41.780000 70.400000
42.800000 44.140000 41.410000 26.380000 56.200000 41.780000 70.400000
42.800000 44.140000 41.410000 26.380000 56.200000 41.780000 70.400000
42.800000 44.140000 41.410000 76.380000 56.200000 41.780000 70.400000
42.800000 44.140000 41.410000 76.380000 56.200000 41.780000 120.400000
42.800000 44.140000 41.410000 76.380000 56.200000 41.780000 70.400000
42.800000 44.140000 41.410000 76.380000 56.200000 41.780000 120.400000
42.800000 44.140000 41.410000 76.380000 56.200000 41.780000 70.400000
42.800000 44.140000 41.410000 76.380000 56.200000 41.780000 120.400000
42.800000 44.140000 41.410000 76.380000 56.200000 41.780000 70.400000
42.800000 44.140000 41.410000 76.380000 56.200000 41.780000 120.400000
42.800000 44.140000 41.410000 26.380000 56.200000 41.780000 70.400000
42.800000 44.140000 41.410000 26.380000 56.200000 41.780000 120.400000
42.800000 44.140000 41.410000 26.380000 56.200000 41.780000 70.400000
42.800000 44.140000 41.410000 26.380000 56.200000 41.780000 120.400000
42.800000 44.140000 41.410000 26.380000 56.200000 41.780000 70.400000
42.800000 44.140000 41.410000 26.380000 56.200000 41.780000 120.400000
42.800000 44.140000 41.410000 26.380000 56.200000 41.780000 70.400000
42.800000 44.140000 41.410000 26.380000 56.200000 41.780000 120.400000
42.800000 44.140000 91.410000 76.380000 56.200000 41.780000 70.400000
42.800000 44.140000 91.410000 76.380000 56.200000 41.780000 120.400000
42.800000 44.140000 91.410000 76.380000 56.200000 41.780000 70.400000
42.800000 44.140000 91.410000 76.380000 56.200000 41.780000 120.400000
42.800000 44.140000 91.410000 76.380000 56.200000 41.780000 70.400000
42.800000 44.140000 91.410000 76.380000 56.200000 41.780000 120.400000
42.800000 44.140000 91.410000 76.380000 56.200000 41.780000 70.400000
42.800000 44.140000 91.410000 76.380000 56.200000 41.780000 120.400000
42.800000 44.140000 91.410000 26.380000 56.200000 41.780000 70.400000
42.800000 44.140000 91.410000 26.380000 56.200000 41.780000 120.400000
42.800000 44.140000 91.410000 26.380000 56.200000 41.780000 70.400000
42.800000 44.140000 91.410000 26.380000 56.200000 41.780000 120.400000
42.800000 44.140000 91.410000 26.380000 56.200000 41.780000 70.400000
42.800000 44.140000 91.410000 26.380000 56.200000 41.780000 120.400000
42.800000 44.140000 91.410000 26.380000 56.200000 41.780000 70.400000
42.800000 44.140000 91.410000 26.380000 56.200000 41.780000 120.400000
42.800000 94.140000 41.410000 76.380000 56.200000 41.780000 70.400000
42.800000 94.140000 41.410000 76.380000 56.200000 41.780000 120.400000
42.800000 94.140000 41.410000 76.380000 56.200000 41.780000 70.400000
42.800000 94.140000 41.410000 76.380000 56.200000 41.780000 120.400000
42.800000 94.140000 41.410000 76.380000 56.200000 41.780000 70.400000
42.800000 94.140000 41.410000 76.380000 56.200000 41.780000 120.400000
42.800000 94.140000 41.410000 76.380000 56.200000 41.780000 70.400000
42.800000 94.140000 41.410000 76.380000 56.200000 41.780000 120.400000
42.800000 94.140000 41.410000 26.380000 56.200000 41.780000 70.400000
42.800000 94.140000 41.410000 26.380000 56.200000 41.780000 120.400000
42.800000 94.140000 41.410000 26.380000 56.200000 41.780000 70.400000
42.800000 94.140000 41.410000 26.380000 56.200000 41.780000 120.400000
42.800000 94.140000 41.410000 26.380000 56.200000 41.780000 70.400000
42.800000 94.140000 41.410000 26.380000 56.200000 41.780000 120.400000
42.800000 94.140000 41.410000 26.380000 56.200000 41.780000 70.400000
42.800000 94.140000 41.410000 26.380000 56.200000 41.780000 120.400000
42.800000 94.140000 91.410000 76.380000 56.200000 41.780000 70.400000
42.800000 94.140000 91.410000 76.380000 56.200000 41.780000 120.400000
42.800000 94.140000 91.410000 76.380000 56.200000 41.780000 70.400000
42.800000 94.140000 91.410000 76.380000 56.200000 41.780000 120.400000
42.800000 94.140000 91.410000 76.380000 56.200000 41.780000 70.400000
42.800000 94.140000 91.410000 76.380000 56.200000 41.780000 120.400000
42.800000 94.140000 91.410000 76.380000 56.200000 41.780000 70.400000
42.800000 94.140000 91.410000 76.380000 56.200000 41.780000 120.400000
42.800000 94.140000 91.410000 26.380000 56.200000 41.780000 70.400000
42.800000 94.140000 91.410000 26.380000 56.200000 41.780000 120.400000
42.800000 94.140000 91.410000 26.380000 56.200000 41.780000 70.400000
42.800000 94.140000 91.410000 26.380000 56.200000 41.780000 120.400000
42.800000 94.140000 91.410000 26.380000 56.200000 41.780000 70.400000
42.800000 94.140000 91.410000 26.380000 56.200000 41.780000 120.400000
42.800000 94.140000 91.410000 26.380000 56.200000 41.780000 70.400000
42.800000 94.140000 91.410000 26.380000 56.200000 41.780000 120.400000
92.800000 44.140000 41.410000 76.380000 56.200000 41.780000 70.400000
92.800000 44.140000 41.410000 76.380000 56.200000 41.780000 120.400000
92.800000 44.140000 41.410000 76.380000 56.200000 41.780000 70.400000
92.800000 44.140000 41.410000 76.380000 56.200000 41.780000 120.400000
92.800000 44.140000 41.410000 76.380000 56.200000 41.780000 70.400000
92.800000 44.140000 41.410000 76.380000 56.200000 41.780000 120.400000
92.800000 44.140000 41.410000 76.380000 56.200000 41.780000 70.400000
92.800000 44.140000 41.410000 76.380000 56.200000 41.780000 120.400000
92.800000 44.140000 41.410000 26.380000 56.200000 41.780000 70.400000
92.800000 44.140000 41.410000 26.380000 56.200000 41.780000 120.400000
92.800000 44.140000 41.410000 26.380000 56.200000 41.780000 70.400000
92.800000 44.140000 41.410000 26.380000 56.200000 41.780000 120.400000
92.800000 44.140000 41.410000 26.380000 56.200000 41.780000 70.400000
92.800000 44.140000 41.410000 26.380000 56.200000 41.780000 120.400000
92.800000 44.140000 41.410000 26.380000 56.200000 41.780000 70.400000
92.800000 44.140000 41.410000 26.380000 56.200000 41.780000 120.400000
92.800000 44.140000 91.410000 76.380000 56.200000 41.780000 70.400000
92.800000 44.140000 91.410000 76.380000 56.200000 41.780000 120.400000
92.800000 44.140000 91.410000 76.380000 56.200000 41.780000 70.400000
92.800000 44.140000 91.410000 76.380000 56.200000 41.780000 120.400000
92.800000 44.140000 91.410000 76.380000 56.200000 41.780000 70.400000
92.800000 44.140000 91.410000 76.380000 56.200000 41.780000 120.400000
92.800000 44.140000 91.410000 76.380000 56.200000 41.780000 70.400000
92.800000 44.140000 91.410000 76.380000 56.200000 41.780000 120.400000
92.800000 44.140000 91.410000 26.380000 56.200000 41.780000 70.400000
92.800000 44.140000 91.410000 26.380000 56.200000 41.780000 120.400000
92.800000 44.140000 91.410000 26.380000 56.200000 41.780000 70.400000
92.800000 44.140000 91.410000 26.380000 56.200000 41.780000 120.400000
92.800000 44.140000 91.410000 26.380000 56.200000 41.780000 70.400000
92.800000 44.140000 91.410000 26.380000 56.200000 41.780000 120.400000
92.800000 44.140000 91.410000 26.380000 56.200000 41.780000 70.400000
92.800000 44.140000 91.410000 26.380000 56.200000 41.780000 120.400000
92.800000 94.140000 41.410000 76.380000 56.200000 41.780000 70.400000
92.800000 94.140000 41.410000 76.380000 56.200000 41.780000 120.400000
92.800000 94.140000 41.410000 76.380000 56.200000 41.780000 70.400000
92.800000 94.140000 41.410000 76.380000 56.200000 41.780000 120.400000
92.800000 94.140000 41.410000 76.380000 56.200000 41.780000 70.400000
92.800000 94.140000 41.410000 76.380000 56.200000 41.780000 120.400000
92.800000 94.140000 41.410000 76.380000 56.200000 41.780000 70.400000
92.800000 94.140000 41.410000 76.380000 56.200000 41.780000 120.400000
92.800000 94.140000 41.410000 26.380000 56.200000 41.780000 70.400000
92.800000 94.140000 41.410000 26.380000 56.200000 41.780000 120.400000
92.800000 94.140000 41.410000 26.380000 56.200000 41.780000 70.400000
92.800000 94.140000 41.410000 26.380000 56.200000 41.780000 120.400000
92.800000 94.140000 41.410000 26.380000 56.200000 41.780000 70.400000
92.800000 94.140000 41.410000 26.380000 56.200000 41.780000 120.400000
92.800000 94.140000 41.410000 26.380000 56.200000 41.780000 70.400000
92.800000 94.140000 41.410000 26.380000 56.200000 41.780000 120.400000
92.800000 94.140000 91.410000 76.380000 56.200000 41.780000 70.400000
92.800000 94.140000 91.410000 76.380000 56.200000 41.780000 120.400000
92.800000 94.140000 91.410000 76.380000 56.200000 41.780000 70.400000
92.800000 94.140000 91.410000 76.380000 56.200000 41.780000 120.400000
92.800000 94.140000 91.410000 76.380000 56.200000 41.780000 70.400000
92.800000 94.140000 91.410000 76.380000 56.200000 41.780000 120.400000
92.800000 94.140000 91.410000 76.380000 56.200000 41.780000 70.400000
92.800000 94.140000 91.410000 76.380000 56.200000 41.780000 120.400000
92.800000 94.140000 91.410000 26.380000 56.200000 41.780000 70.400000
92.800000 94.140000 91.410000 26.380000 56.200000 41.780000 120.400000
92.800000 94.140000 91.410000 26.380000 56.200000 41.780000 70.400000
92.800000 94.140000 91.410000 26.380000 56.200000 41.780000 120.400000
92.800000 94.140000 91.410000 26.380000 56.200000 41.780000 70.400000
92.800000 94.140000 91.410000 26.380000 56.200000 41.780000 120.400000
92.800000 94.140000 91.410000 26.380000 56.200000 41.780000 70.400000
92.800000 94.140000 91.410000 26.380000 56.200000 41.780000 120.400000
