35.070000 24.320000 31.540000 78.070000 43.140000 44.340000 64.740000
35.070000 24.320000 31.540000 78.070000 43.140000 44.340000 64.740000
35.070000 24.320000 31.540000 78.070000 43.140000 94.340000 64.740000
35.070000 24.320000 31.540000 78.070000 43.140000 94.340000 64.740000
35.070000 24.320000 31.540000 78.070000 43.140000 44.340000 64.740000
35.070000 24.320000 31.540000 78.070000 43.140000 44.340000 64.740000
35.070000 24.320000 31.540000 78.070000 43.140000 94.340000 64.740000
35.070000 24.320000 31.540000 78.070000 43.140000 94.340000 64.740000
35.070000 24.320000 31.540000 78.070000 43.140000 44.340000 64.740000
35.070000 24.320000 31.540000 78.070000 43.140000 44.340000 64.740000
35.070000 24.320000 31.540000 78.070000 43.140000 94.340000 64.740000
35.070000 24.320000 31.540000 78.070000 43.140000 94.340000 64.740000
35.070000 24.320000 31.540000 78.070000 43.140000 44.340000 64.740000
35.070000 24.320000 31.540000 78.070000 43.140000 44.340000 64.740000
35.070000 24.320000 31.540000 78.070000 43.140000 94.340000 64.740000
35.070000 24.320000 31.540000 78.070000 43.140000 94.340000 64.740000
35.070000 24.320000 31.540000 78.070000 43.140000 44.340000 64.740000
35.070000 24.320000 31.540000 78.070000 43.140000 44.340000 64.740000
35.070000 24.320000 31.540000 78.070000 43.140000 94.340000 64.740000
35.070000 24.320000 31.540000 78.070000 43.140000 94.340000 64.740000
35.070000 24.320000 31.540000 78.070000 43.140000 44.340000 64.740000
35.070000 24.320000 31.540000 78.070000 43.140000 44.340000 64.740000
35.070000 24.320000 31.540000 78.070000 43.140000 94.340000 64.740000
35.070000 24.320000 31.540000 78.070000 43.140000 94.340000 64.740000
35.070000 24.320000 31.540000 78.070000 43.140000 44.340000 64.740000
35.070000 24.320000 31.540000 78.070000 43.140000 44.340000 64.740000
35.070000 24.320000 31.540000 78.070000 43.140000 94.340000 64.740000
35.070000 24.320000 31.540000 78.070000 43.140000 94.340000 64.740000
35.070000 24.320000 31.540000 78.070000 43.140000 44.340000 64.740000
35.070000 24.320000 31.540000 78.070000 43.140000 44.340000 64.740000
35.070000 24.320000 31.540000 78.070000 43.140000 94.340000 64.740000
35.070000 24.320000 31.540000 78.070000 43.140000 94.340000 64.740000
35.070000 24.320000 31.540000 78.070000 43.140000 44.340000 64.740000
35.070000 24.320000 31.540000 78.070000 43.140000 44.340000 64.740000
35.070000 24.320000 31.540000 78.070000 43.140000 94.340000 64.740000
35.070000 24.320000 31.540000 78.070000 43.140000 94.340000 64.740000
35.070000 24.320000 31.540000 78.070000 43.140000 44.340000 64.740000
35.070000 24.320000 31.540000 78.070000 43.140000 44.340000 64.740000
35.070000 24.320000 31.540000 78.070000 43.140000 94.340000 64.740000
35.070000 24.320000 31.540000 78.070000 43.140000 94.340000 64.740000
35.070000 24.320000 31.540000 78.070000 43.140000 44.340000 64.740000
35.070000 24.320000 31.540000 78.070000 43.140000 44.340000 64.740000
35.070000 24.320000 31.540000 78.070000 43.140000 94.340000 64.740000
35.070000 24.320000 31.540000 78.070000 43.140000 94.340000 64.740000
35.070000 24.320000 31.540000 78.070000 43.140000 44.340000 64.740000
35.070000 24.320000 31.540000 78.070000 43.140000 44.340000 64.740000
35.070000 24.320000 31.540000 78.070000 43.140000 94.340000 64.740000
35.070000 24.320000 31.540000 78.070000 43.140000 94.340000 64.740000
35.070000 24.320000 31.540000 78.070000 43.140000 44.340000 64.740000
35.070000 24.320000 31.540000 78.070000 43.140000 44.340000 64.740000
35.070000 24.320000 31.540000 78.070000 43.140000 94.340000 64.740000
35.070000 24.320000 31.540000 78.070000 43.140000 94.340000 64.740000
35.070000 24.320000 31.540000 78.070000 43.140000 44.340000 64.740000
35.070000 24.320000 31.540000 78.070000 43.140000 44.340000 64.740000
35.070000 24.320000 31.540000 78.070000 43.140000 94.340000 64.740000
35.070000 24.320000 31.540000 78.070000 43.140000 94.340000 64.740000
35.070000 24.320000 31.540000 78.070000 43.140000 44.340000 64.740000
35.070000 24.320000 31.540000 78.070000 43.140000 44.340000 64.740000
35.070000 24.320000 31.540000 78.070000 43.140000 94.340000 64.740000
35.070000 24.320000 31.540000 78.070000 43.140000 94.340000 64.740000
35.070000 24.320000 31.540000 78.070000 43.140000 44.340000 64.740000
35.070000 24.320000 31.540000 78.070000 43.140000 44.340000 64.740000
35.070000 24.320000 31.540000 78.070000 43.140000 94.340000 64.740000
35.070000 24.320000 31.540000 78.070000 43.140000 94.340000 64.740000
35.070000 24.320000 31.540000 78.070000 43.140000 44.340000 64.740000
35.070000 24.320000 31.540000 78.070000 43.140000 44.340000 64.740000
35.070000 24.320000 31.540000 78.070000 43.140000 94.340000 64.740000
35.070000 24.320000 31.540000 78.070000 43.140000 94.340000 64.740000
35.070000 24.320000 31.540000 78.070000 43.140000 44.340000 64.740000
35.070000 24.320000 31.540000 78.070000 43.140000 44.340000 64.740000
35.070000 24.320000 31.540000 78.070000 43.140000 94.340000 64.740000
35.070000 24.320000 31.540000 78.070000 43.140000 94.340000 64.740000
35.070000 24.320000 31.540000 78.070000 43.140000 44.340000 64.740000
35.070000 24.320000 31.540000 78.070000 43.140000 44.340000 64.740000
35.070000 24.320000 31.540000 78.070000 43.140000 94.340000 64.740000
35.070000 24.320000 31.540000 78.070000 43.140000 94.340000 64.740000
35.070000 24.320000 31.540000 78.070000 43.140000 44.340000 64.740000
35.070000 24.320000 31.540000 78.070000 43.140000 44.340000 64.740000
35.070000 24.320000 31.540000 78.070000 43.140000 94.340000 64.740000
35.070000 24.320000 31.540000 78.070000 43.140000 94.340000 64.740000
35.070000 24.320000 31.540000 78.070000 43.140000 44.340000 64.740000
35.070000 24.320000 31.540000 78.070000 43.140000 44.340000 64.740000
35.070000 24.320000 31.540000 78.070000 43.140000 94.340000 64.740000
35.070000 24.320000 31.540000 78.070000 43.140000 94.340000 64.740000
35.070000 24.320000 31.540000 78.070000 43.140000 44.340000 64.740000
35.070000 24.320000 31.540000 78.070000 43.140000 44.340000 64.740000
35.070000 24.320000 31.540000 78.070000 43.140000 94.340000 64.740000
35.070000 24.320000 31.540000 78.070000 43.140000 94.340000 64.740000
35.070000 24.320000 31.540000 78.070000 43.140000 44.340000 64.740000
35.070000 24.320000 31.540000 78.070000 43.140000 44.340000 64.740000
35.070000 24.320000 31.540000 78.070000 43.140000 94.340000 64.740000
35.070000 24.320000 31.540000 78.070000 43.140000 94.340000 64.740000
35.070000 24.320000 31.540000 78.070000 43.140000 44.340000 64.740000
35.070000 24.320000 31.540000 78.070000 43.140000 44.340000 64.740000
35.070000 24.320000 31.540000 78.070000 43.140000 94.340000 64.740000
35.070000 24.320000 31.540000 78.070000 43.140000 94.340000 64.740000
35.070000 24.320000 31.540000 78.070000 43.140000 44.340000 64.740000
35.070000 24.320000 31.540000 78.070000 43.140000 44.340000 64.740000
35.070000 24.320000 31.540000 78.070000 43.140000 94.340000 64.740000
35.070000 24.320000 31.540000 78.070000 43.140000 94.340000 64.740000
35.070000 24.320000 31.540000 78.070000 43.140000 44.340000 64.740000
35.070000 24.320000 31.540000 78.070000 43.140000 44.340000 64.740000
35.070000 24.320000 31.540000 78.070000 43.140000 94.340000 64.740000
35.070000 24.320000 31.540000 78.070000 43.140000 94.340000 64.740000
35.070000 24.320000 31.540000 78.070000 43.140000 44.340000 64.740000
35.070000 24.320000 31.540000 78.070000 43.140000 44.340000 64.740000
35.070000 24.320000 31.540000 78.070000 43.140000 94.340000 64.740000
35.070000 24.320000 31.540000 78.070000 43.140000 94.340000 64.740000
35.070000 24.320000 31.540000 78.070000 43.140000 44.340000 64.740000
35.070000 24.320000 31.540000 78.070000 43.140000 44.340000 64.740000
35.070000 24.320000 31.540000 78.070000 43.140000 94.340000 64.740000
35.070000 24.320000 31.540000 78.070000 43.140000 94.340000 64.740000
35.070000 24.320000 31.540000 78.070000 43.140000 44.340000 64.740000
35.070000 24.320000 31.540000 78.070000 43.140000 44.340000 64.740000
35.070000 24.320000 31.540000 78.070000 43.140000 94.340000 64.740000
35.070000 24.320000 31.540000 78.070000 43.140000 94.340000 64.740000
35.070000 24.320000 31.540000 78.070000 43.140000 44.340000 64.740000
35.070000 24.320000 31.540000 78.070000 43.140000 44.340000 64.740000
35.070000 24.320000 31.540000 78.070000 43.140000 94.340000 64.740000
35.070000 24.320000 31.540000 78.070000 43.140000 94.340000 64.740000
35.070000 24.320000 31.540000 78.070000 43.140000 44.340000 64.740000
35.070000 24.320000 31.540000 78.070000 43.140000 44.340000 64.740000
35.070000 24.320000 31.540000 78.070000 43.140000 94.340000 64.740000
35.070000 24.320000 31.540000 78.070000 43.140000 94.340000 64.740000
35.070000 24.320000 31.540000 78.070000 43.140000 44.340000 64.740000
35.070000 24.320000 31.540000 78.070000 43.140000 44.340000 64.740000
35.070000 24.320000 31.540000 78.070000 43.140000 94.340000 64.740000
35.070000 24.320000 31.540000 78.070000 43.140000 94.340000 64.740000
35.070000 24.320000 31.540000 78.070000 43.140000 44.340000 64.740000
35.070000 24.320000 31.540000 78.070000 43.140000 44.340000 14.740000
35.070000 24.320000 31.540000 78.070000 43.140000 44.340000 64.740000
35.070000 24.320000 31.540000 78.070000 43.140000 44.340000 14.740000
35.070000 24.320000 31.540000 78.070000 0.010000 44.340000 64.740000
35.070000 24.320000 31.540000 78.070000 0.010000 44.340000 14.740000
35.070000 24.320000 31.540000 78.070000 0.010000 44.340000 64.740000
35.070000 24.320000 31.540000 78.070000 0.010000 44.340000 14.740000
35.070000 24.320000 31.540000 78.070000 43.140000 44.340000 64.740000
35.070000 24.320000 31.540000 78.070000 43.140000 44.340000 14.740000
35.070000 24.320000 31.540000 78.070000 43.140000 44.340000 64.740000
35.070000 24.320000 31.540000 78.070000 43.140000 44.340000 14.740000
35.070000 24.320000 31.540000 78.070000 0.010000 44.340000 64.740000
35.070000 24.320000 31.540000 78.070000 0.010000 44.340000 14.740000
35.070000 24.320000 31.540000 78.070000 0.010000 44.340000 64.740000
35.070000 24.320000 31.540000 78.070000 0.010000 44.340000 14.740000
35.070000 24.320000 31.540000 78.070000 43.140000 44.340000 64.740000
35.070000 24.320000 31.540000 78.070000 43.140000 44.340000 14.740000
35.070000 24.320000 31.540000 78.070000 43.140000 44.340000 64.740000
35.070000 24.320000 31.540000 78.070000 43.140000 44.340000 14.740000
35.070000 24.320000 31.540000 78.070000 0.010000 44.340000 64.740000
35.070000 24.320000 31.540000 78.070000 0.010000 44.340000 14.740000
35.070000 24.320000 31.540000 78.070000 0.010000 44.340000 64.740000
35.070000 24.320000 31.540000 78.070000 0.010000 44.340000 14.740000
35.070000 24.320000 31.540000 78.070000 43.140000 44.340000 64.740000
35.070000 24.320000 31.540000 78.070000 43.140000 44.340000 14.740000
35.070000 24.320000 31.540000 78.070000 43.140000 44.340000 64.740000
35.070000 24.320000 31.540000 78.070000 43.140000 44.340000 14.740000
35.070000 24.320000 31.540000 78.070000 0.010000 44.340000 64.740000
35.070000 24.320000 31.540000 78.070000 0.010000 44.340000 14.740000
35.070000 24.320000 31.540000 78.070000 0.010000 44.340000 64.740000
35.070000 24.320000 31.540000 78.070000 0.010000 44.340000 14.740000
35.070000 0.010000 31.540000 78.070000 43.140000 44.340000 64.740000
35.070000 0.010000 31.540000 78.070000 43.140000 44.340000 14.740000
35.070000 0.010000 31.540000 78.070000 43.140000 44.340000 64.740000
35.070000 0.010000 31.540000 78.070000 43.140000 44.340000 14.740000
35.070000 0.010000 31.540000 78.070000 0.010000 44.340000 64.740000
35.070000 0.010000 31.540000 78.070000 0.010000 44.340000 14.740000
35.070000 0.010000 31.540000 78.070000 0.010000 44.340000 64.740000
35.070000 0.010000 31.540000 78.070000 0.010000 44.340000 14.740000
35.070000 0.010000 31.540000 78.070000 43.140000 44.340000 64.740000
35.070000 0.010000 31.540000 78.070000 43.140000 44.340000 14.740000
35.070000 0.010000 31.540000 78.070000 43.140000 44.340000 64.740000
35.070000 0.010000 31.540000 78.070000 43.140000 44.340000 14.740000
35.070000 0.010000 31.540000 78.070000 0.010000 44.340000 64.740000
35.070000 0.010000 31.540000 78.070000 0.010000 44.340000 14.740000
35.070000 0.010000 31.540000 78.070000 0.010000 44.340000 64.740000
35.070000 0.010000 31.540000 78.070000 0.010000 44.340000 14.740000
35.070000 0.010000 31.540000 78.070000 43.140000 44.340000 64.740000
35.070000 0.010000 31.540000 78.070000 43.140000 44.340000 14.740000
35.070000 0.010000 31.540000 78.070000 43.140000 44.340000 64.740000
35.070000 0.010000 31.540000 78.070000 43.140000 44.340000 14.740000
35.070000 0.010000 31.540000 78.070000 0.010000 44.340000 64.740000
35.070000 0.010000 31.540000 78.070000 0.010000 44.340000 14.740000
35.070000 0.010000 31.540000 78.070000 0.010000 44.340000 64.740000
35.070000 0.010000 31.540000 78.070000 0.010000 44.340000 14.740000
35.070000 0.010000 31.540000 78.070000 43.140000 44.340000 64.740000
35.070000 0.010000 31.540000 78.070000 43.140000 44.340000 14.740000
35.070000 0.010000 31.540000 78.070000 43.140000 44.340000 64.740000
35.070000 0.010000 31.540000 78.070000 43.140000 44.340000 14.740000
35.070000 0.010000 31.540000 78.070000 0.010000 44.340000 64.740000
35.070000 0.010000 31.540000 78.070000 0.010000 44.340000 14.740000
35.070000 0.010000 31.540000 78.070000 0.010000 44.340000 64.740000
35.070000 0.010000 31.540000 78.070000 0.010000 44.340000 14.740000
35.070000 24.320000 31.540000 78.070000 43.140000 44.340000 64.740000
35.070000 24.320000 31.540000 78.070000 43.140000 44.340000 14.740000
35.070000 24.320000 31.540000 78.070000 43.140000 44.340000 64.740000
35.070000 24.320000 31.540000 78.070000 43.140000 44.340000 14.740000
35.070000 24.320000 31.540000 78.070000 0.010000 44.340000 64.740000
35.070000 24.320000 31.540000 78.070000 0.010000 44.340000 14.740000
35.070000 24.320000 31.540000 78.070000 0.010000 44.340000 64.740000
35.070000 24.320000 31.540000 78.070000 0.010000 44.340000 14.740000
35.070000 24.320000 31.540000 78.070000 43.140000 44.340000 64.740000
35.070000 24.320000 31.540000 78.070000 43.140000 44.340000 14.740000
35.070000 24.320000 31.540000 78.070000 43.140000 44.340000 64.740000
35.070000 24.320000 31.540000 78.070000 43.140000 44.340000 14.740000
35.070000 24.320000 31.540000 78.070000 0.010000 44.340000 64.740000
35.070000 24.320000 31.540000 78.070000 0.010000 44.340000 14.740000
35.070000 24.320000 31.540000 78.070000 0.010000 44.340000 64.740000
35.070000 24.320000 31.540000 78.070000 0.010000 44.340000 14.740000
35.070000 24.320000 31.540000 78.070000 43.140000 44.340000 64.740000
35.070000 24.320000 31.540000 78.070000 43.140000 44.340000 14.740000
35.070000 24.320000 31.540000 78.070000 43.140000 44.340000 64.740000
35.070000 24.320000 31.540000 78.070000 43.140000 44.340000 14.740000
35.070000 24.320000 31.540000 78.070000 0.010000 44.340000 64.740000
35.070000 24.320000 31.540000 78.070000 0.010000 44.340000 14.740000
35.070000 24.320000 31.540000 78.070000 0.010000 44.340000 64.740000
35.070000 24.320000 31.540000 78.070000 0.010000 44.340000 14.740000
35.070000 24.320000 31.540000 78.070000 43.140000 44.340000 64.740000
35.070000 24.320000 31.540000 78.070000 43.140000 44.340000 14.740000
35.070000 24.320000 31.540000 78.070000 43.140000 44.340000 64.740000
35.070000 24.320000 31.540000 78.070000 43.140000 44.340000 14.740000
35.070000 24.320000 31.540000 78.070000 0.010000 44.340000 64.740000
35.070000 24.320000 31.540000 78.070000 0.010000 44.340000 14.740000
35.070000 24.320000 31.540000 78.070000 0.010000 44.340000 64.740000
35.070000 24.320000 31.540000 78.070000 0.010000 44.340000 14.740000
35.070000 0.010000 31.540000 78.070000 43.140000 44.340000 64.740000
35.070000 0.010000 31.540000 78.070000 43.140000 44.340000 14.740000
35.070000 0.010000 31.540000 78.070000 43.140000 44.340000 64.740000
35.070000 0.010000 31.540000 78.070000 43.140000 44.340000 14.740000
35.070000 0.010000 31.540000 78.070000 0.010000 44.340000 64.740000
35.070000 0.010000 31.540000 78.070000 0.010000 44.340000 14.740000
35.070000 0.010000 31.540000 78.070000 0.010000 44.340000 64.740000
35.070000 0.010000 31.540000 78.070000 0.010000 44.340000 14.740000
35.070000 0.010000 31.540000 78.070000 43.140000 44.340000 64.740000
35.070000 0.010000 31.540000 78.070000 43.140000 44.340000 14.740000
35.070000 0.010000 31.540000 78.070000 43.140000 44.340000 64.740000
35.070000 0.010000 31.540000 78.070000 43.140000 44.340000 14.740000
35.070000 0.010000 31.540000 78.070000 0.010000 44.340000 64.740000
35.070000 0.010000 31.540000 78.070000 0.010000 44.340000 14.740000
35.070000 0.010000 31.540000 78.070000 0.010000 44.340000 64.740000
35.070000 0.010000 31.540000 78.070000 0.010000 44.340000 14.740000
35.070000 0.010000 31.540000 78.070000 43.140000 44.340000 64.740000
35.070000 0.010000 31.540000 78.070000 43.140000 44.340000 14.740000
35.070000 0.010000 31.540000 78.070000 43.140000 44.340000 64.740000
35.070000 0.010000 31.540000 78.070000 43.140000 44.340000 14.740000
35.070000 0.010000 31.540000 78.070000 0.010000 44.340000 64.740000
35.070000 0.010000 31.540000 78.070000 0.010000 44.340000 14.740000
35.070000 0.010000 31.540000 78.070000 0.010000 44.340000 64.740000
35.070000 0.010000 31.540000 78.070000 0.010000 44.340000 14.740000
35.070000 0.010000 31.540000 78.070000 43.140000 44.340000 64.740000
35.070000 0.010000 31.540000 78.070000 43.140000 44.340000 14.740000
35.070000 0.010000 31.540000 78.070000 43.140000 44.340000 64.740000
35.070000 0.010000 31.540000 78.070000 43.140000 44.340000 14.740000
35.070000 0.010000 31.540000 78.070000 0.010000 44.340000 64.740000
35.070000 0.010000 31.540000 78.070000 0.010000 44.340000 14.740000
35.070000 0.010000 31.540000 78.070000 0.010000 44.340000 64.740000
35.070000 0.010000 31.540000 78.070000 0.010000 44.340000 14.740000
35.070000 24.320000 31.540000 78.070000 43.140000 44.340000 64.740000
35.070000 24.320000 31.540000 78.070000 43.140000 44.340000 14.740000
35.070000 24.320000 31.540000 78.070000 43.140000 94.340000 64.740000
35.070000 24.320000 31.540000 78.070000 43.140000 94.340000 14.740000
35.070000 24.320000 31.540000 78.070000 0.010000 44.340000 64.740000
35.070000 24.320000 31.540000 78.070000 0.010000 44.340000 14.740000
35.070000 24.320000 31.540000 78.070000 0.010000 94.340000 64.740000
35.070000 24.320000 31.540000 78.070000 0.010000 94.340000 14.740000
35.070000 24.320000 31.540000 78.070000 43.140000 44.340000 64.740000
35.070000 24.320000 31.540000 78.070000 43.140000 44.340000 14.740000
35.070000 24.320000 31.540000 78.070000 43.140000 94.340000 64.740000
35.070000 24.320000 31.540000 78.070000 43.140000 94.340000 14.740000
35.070000 24.320000 31.540000 78.070000 0.010000 44.340000 64.740000
35.070000 24.320000 31.540000 78.070000 0.010000 44.340000 14.740000
35.070000 24.320000 31.540000 78.070000 0.010000 94.340000 64.740000
35.070000 24.320000 31.540000 78.070000 0.010000 94.340000 14.740000
35.070000 24.320000 31.540000 78.070000 43.140000 44.340000 64.740000
35.070000 24.320000 31.540000 78.070000 43.140000 44.340000 14.740000
35.070000 24.320000 31.540000 78.070000 43.140000 94.340000 64.740000
35.070000 24.320000 31.540000 78.070000 43.140000 94.340000 14.740000
35.070000 24.320000 31.540000 78.070000 0.010000 44.340000 64.740000
35.070000 24.320000 31.540000 78.070000 0.010000 44.340000 14.740000
35.070000 24.320000 31.540000 78.070000 0.010000 94.340000 64.740000
35.070000 24.320000 31.540000 78.070000 0.010000 94.340000 14.740000
35.070000 24.320000 31.540000 78.070000 43.140000 44.340000 64.740000
35.070000 24.320000 31.540000 78.070000 43.140000 44.340000 14.740000
35.070000 24.320000 31.540000 78.070000 43.140000 94.340000 64.740000
35.070000 24.320000 31.540000 78.070000 43.140000 94.340000 14.740000
35.070000 24.320000 31.540000 78.070000 0.010000 44.340000 64.740000
35.070000 24.320000 31.540000 78.070000 0.010000 44.340000 14.740000
35.070000 24.320000 31.540000 78.070000 0.010000 94.340000 64.740000
35.070000 24.320000 31.540000 78.070000 0.010000 94.340000 14.740000
35.070000 0.010000 31.540000 78.070000 43.140000 44.340000 64.740000
35.070000 0.010000 31.540000 78.070000 43.140000 44.340000 14.740000
35.070000 0.010000 31.540000 78.070000 43.140000 94.340000 64.740000
35.070000 0.010000 31.540000 78.070000 43.140000 94.340000 14.740000
35.070000 0.010000 31.540000 78.070000 0.010000 44.340000 64.740000
35.070000 0.010000 31.540000 78.070000 0.010000 44.340000 14.740000
35.070000 0.010000 31.540000 78.070000 0.010000 94.340000 64.740000
35.070000 0.010000 31.540000 78.070000 0.010000 94.340000 14.740000
35.070000 0.010000 31.540000 78.070000 43.140000 44.340000 64.740000
35.070000 0.010000 31.540000 78.070000 43.140000 44.340000 14.740000
35.070000 0.010000 31.540000 78.070000 43.140000 94.340000 64.740000
35.070000 0.010000 31.540000 78.070000 43.140000 94.340000 14.740000
35.070000 0.010000 31.540000 78.070000 0.010000 44.340000 64.740000
35.070000 0.010000 31.540000 78.070000 0.010000 44.340000 14.740000
35.070000 0.010000 31.540000 78.070000 0.010000 94.340000 64.740000
35.070000 0.010000 31.540000 78.070000 0.010000 94.340000 14.740000
35.070000 0.010000 31.540000 78.070000 43.140000 44.340000 64.740000
35.070000 0.010000 31.540000 78.070000 43.140000 44.340000 14.740000
35.070000 0.010000 31.540000 78.070000 43.140000 94.340000 64.740000
35.070000 0.010000 31.540000 78.070000 43.140000 94.340000 14.740000
35.070000 0.010000 31.540000 78.070000 0.010000 44.340000 64.740000
35.070000 0.010000 31.540000 78.070000 0.010000 44.340000 14.740000
35.070000 0.010000 31.540000 78.070000 0.010000 94.340000 64.740000
35.070000 0.010000 31.540000 78.070000 0.010000 94.340000 14.740000
35.070000 0.010000 31.540000 78.070000 43.140000 44.340000 64.740000
35.070000 0.010000 31.540000 78.070000 43.140000 44.340000 14.740000
35.070000 0.010000 31.540000 78.070000 43.140000 94.340000 64.740000
35.070000 0.010000 31.540000 78.070000 43.140000 94.340000 14.740000
35.070000 0.010000 31.540000 78.070000 0.010000 44.340000 64.740000
35.070000 0.010000 31.540000 78.070000 0.010000 44.340000 14.740000
35.070000 0.010000 31.540000 78.070000 0.010000 94.340000 64.740000
35.070000 0.010000 31.540000 78.070000 0.010000 94.340000 14.740000
35.070000 24.320000 31.540000 78.070000 43.140000 44.340000 64.740000
35.070000 24.320000 31.540000 78.070000 43.140000 44.340000 14.740000
35.070000 24.320000 31.540000 78.070000 43.140000 94.340000 64.740000
35.070000 24.320000 31.540000 78.070000 43.140000 94.340000 14.740000
35.070000 24.320000 31.540000 78.070000 0.010000 44.340000 64.740000
35.070000 24.320000 31.540000 78.070000 0.010000 44.340000 14.740000
35.070000 24.320000 31.540000 78.070000 0.010000 94.340000 64.740000
35.070000 24.320000 31.540000 78.070000 0.010000 94.340000 14.740000
35.070000 24.320000 31.540000 78.070000 43.140000 44.340000 64.740000
35.070000 24.320000 31.540000 78.070000 43.140000 44.340000 14.740000
35.070000 24.320000 31.540000 78.070000 43.140000 94.340000 64.740000
35.070000 24.320000 31.540000 78.070000 43.140000 94.340000 14.740000
35.070000 24.320000 31.540000 78.070000 0.010000 44.340000 64.740000
35.070000 24.320000 31.540000 78.070000 0.010000 44.340000 14.740000
35.070000 24.320000 31.540000 78.070000 0.010000 94.340000 64.740000
35.070000 24.320000 31.540000 78.070000 0.010000 94.340000 14.740000
35.070000 24.320000 31.540000 78.070000 43.140000 44.340000 64.740000
35.070000 24.320000 31.540000 78.070000 43.140000 44.340000 14.740000
35.070000 24.320000 31.540000 78.070000 43.140000 94.340000 64.740000
35.070000 24.320000 31.540000 78.070000 43.140000 94.340000 14.740000
35.070000 24.320000 31.540000 78.070000 0.010000 44.340000 64.740000
35.070000 24.320000 31.540000 78.070000 0.010000 44.340000 14.740000
35.070000 24.320000 31.540000 78.070000 0.010000 94.340000 64.740000
35.070000 24.320000 31.540000 78.070000 0.010000 94.340000 14.740000
35.070000 24.320000 31.540000 78.070000 43.140000 44.340000 64.740000
35.070000 24.320000 31.540000 78.070000 43.140000 44.340000 14.740000
35.070000 24.320000 31.540000 78.070000 43.140000 94.340000 64.740000
35.070000 24.320000 31.540000 78.070000 43.140000 94.340000 14.740000
35.070000 24.320000 31.540000 78.070000 0.010000 44.340000 64.740000
35.070000 24.320000 31.540000 78.070000 0.010000 44.340000 14.740000
35.070000 24.320000 31.540000 78.070000 0.010000 94.340000 64.740000
35.070000 24.320000 31.540000 78.070000 0.010000 94.340000 14.740000
35.070000 0.010000 31.540000 78.070000 43.140000 44.340000 64.740000
35.070000 0.010000 31.540000 78.070000 43.140000 44.340000 14.740000
35.070000 0.010000 31.540000 78.070000 43.140000 94.340000 64.740000
35.070000 0.010000 31.540000 78.070000 43.140000 94.340000 14.740000
35.070000 0.010000 31.540000 78.070000 0.010000 44.340000 64.740000
35.070000 0.010000 31.540000 78.070000 0.010000 44.340000 14.740000
35.070000 0.010000 31.540000 78.070000 0.010000 94.340000 64.740000
35.070000 0.010000 31.540000 78.070000 0.010000 94.340000 14.740000
35.070000 0.010000 31.540000 78.070000 43.140000 44.340000 64.740000
35.070000 0.010000 31.540000 78.070000 43.140000 44.340000 14.740000
35.070000 0.010000 31.540000 78.070000 43.140000 94.340000 64.740000
35.070000 0.010000 31.540000 78.070000 43.140000 94.340000 14.740000
35.070000 0.010000 31.540000 78.070000 0.010000 44.340000 64.740000
35.070000 0.010000 31.540000 78.070000 0.010000 44.340000 14.740000
35.070000 0.010000 31.540000 78.070000 0.010000 94.340000 64.740000
35.070000 0.010000 31.540000 78.070000 0.010000 94.340000 14.740000
35.070000 0.010000 31.540000 78.070000 43.140000 44.340000 64.740000
35.070000 0.010000 31.540000 78.070000 43.140000 44.340000 14.740000
35.070000 0.010000 31.540000 78.070000 43.140000 94.340000 64.740000
35.070000 0.010000 31.540000 78.070000 43.140000 94.340000 14.740000
35.070000 0.010000 31.540000 78.070000 0.010000 44.340000 64.740000
35.070000 0.010000 31.540000 78.070000 0.010000 44.340000 14.740000
35.070000 0.010000 31.540000 78.070000 0.010000 94.340000 64.740000
35.070000 0.010000 31.540000 78.070000 0.010000 94.340000 14.740000
35.070000 0.010000 31.540000 78.070000 43.140000 44.340000 64.740000
35.070000 0.010000 31.540000 78.070000 43.140000 44.340000 14.740000
35.070000 0.010000 31.540000 78.070000 43.140000 94.340000 64.740000
35.070000 0.010000 31.540000 78.070000 43.140000 94.340000 14.740000
35.070000 0.010000 31.540000 78.070000 0.010000 44.340000 64.740000
35.070000 0.010000 31.540000 78.070000 0.010000 44.340000 14.740000
35.070000 0.010000 31.540000 78.070000 0.010000 94.340000 64.740000
35.070000 0.010000 31.540000 78.070000 0.010000 94.340000 14.740000
