0.025983 0.010013 0.180408 0.035668 0.179435 0.567782 0.000710
0.004745 0.001059 0.011715 0.007051 0.227164 0.742903 0.005364
0.143217 0.013380 0.299032 0.277148 0.231434 0.030882 0.004908
0.002781 0.000299 0.016095 0.011090 0.946655 0.016989 0.006091
0.056325 0.006296 0.582087 0.002661 0.023164 0.304793 0.024673
0.022995 0.001226 0.094737 0.078450 0.166686 0.561949 0.073957
0.117542 0.000661 0.050673 0.724283 0.037962 0.066289 0.002590
0.015018 0.000126 0.202430 0.054153 0.309084 0.416079 0.003110
0.000235 0.009497 0.006923 0.000523 0.930673 0.051005 0.001144
0.109364 0.000217 0.136006 0.286392 0.315851 0.039840 0.112329
0.026773 0.002017 0.011816 0.734447 0.142702 0.062487 0.019757
0.185858 0.491622 0.019773 0.061317 0.031969 0.205227 0.004234
0.017516 0.005724 0.074013 0.269880 0.506355 0.120042 0.006469
0.065899 0.000901 0.226748 0.030283 0.639671 0.035434 0.001064
0.102325 0.000893 0.021226 0.002085 0.737332 0.134697 0.001442
0.017720 0.000201 0.321800 0.257497 0.225310 0.016452 0.161019
0.002305 0.000459 0.088898 0.011644 0.767128 0.102563 0.027002
0.092340 0.003750 0.046068 0.010548 0.436389 0.408996 0.001909
0.439699 0.000156 0.240991 0.297401 0.015137 0.006093 0.000523
0.152820 0.125647 0.055240 0.510189 0.096327 0.046990 0.012787
0.013382 0.001415 0.006601 0.810024 0.090919 0.069839 0.007821
0.000388 0.000004 0.001385 0.966340 0.020400 0.011348 0.000135
0.027879 0.000521 0.000820 0.018311 0.945568 0.006860 0.000041
0.264927 0.046872 0.105672 0.012738 0.177797 0.364814 0.027180
0.001491 0.002424 0.182405 0.746906 0.062034 0.002654 0.002087
0.002683 0.000681 0.030175 0.049973 0.539324 0.376867 0.000297
0.337981 0.001314 0.050532 0.027010 0.330846 0.250639 0.001678
0.155617 0.005910 0.166139 0.033156 0.576365 0.062557 0.000257
0.048892 0.065740 0.083259 0.105946 0.130662 0.510511 0.054990
0.016833 0.005004 0.009420 0.001772 0.928353 0.024137 0.014481
0.061121 0.002267 0.019108 0.099602 0.534574 0.218079 0.065250
0.011490 0.005575 0.119487 0.120792 0.447392 0.265046 0.030217
0.003776 0.000212 0.330299 0.412592 0.241723 0.003810 0.007588
0.004020 0.000263 0.041696 0.070165 0.132655 0.747539 0.003662
0.159746 0.003556 0.034413 0.620469 0.133057 0.043845 0.004913
0.041773 0.010910 0.032125 0.357417 0.324673 0.233095 0.000007
0.372462 0.002402 0.035396 0.060280 0.302019 0.226877 0.000564
0.062459 0.052590 0.009817 0.003165 0.849330 0.016613 0.006026
0.156442 0.008244 0.031768 0.331061 0.013120 0.422265 0.037099
0.089101 0.001747 0.050325 0.066296 0.222166 0.565170 0.005196
0.014952 0.000326 0.336317 0.007401 0.423564 0.211294 0.006147
0.045060 0.000226 0.017423 0.704427 0.188907 0.038347 0.005610
0.126366 0.002553 0.560697 0.001587 0.167072 0.131254 0.010470
0.255157 0.441555 0.032955 0.000599 0.035664 0.233796 0.000273
0.056700 0.017999 0.055750 0.036886 0.608896 0.214353 0.009415
0.018165 0.001801 0.046419 0.004249 0.889162 0.035158 0.005046
0.004074 0.000187 0.335550 0.015007 0.324661 0.319853 0.000667
0.133931 0.003315 0.015279 0.360355 0.390569 0.085479 0.011072
0.040425 0.011051 0.648816 0.025990 0.078628 0.122464 0.072626
0.019034 0.000737 0.011294 0.157796 0.774782 0.036066 0.000289
0.001828 0.000848 0.007972 0.051203 0.228316 0.707110 0.002723
0.007225 0.000065 0.000494 0.011986 0.964933 0.002494 0.012802
0.128370 0.003766 0.026418 0.135456 0.087544 0.479157 0.139288
0.354747 0.022223 0.013926 0.002595 0.157801 0.437670 0.011039
0.121322 0.002299 0.087041 0.056529 0.706347 0.021115 0.005346
0.041911 0.000521 0.210696 0.072879 0.058449 0.597465 0.018079
0.322869 0.000825 0.026748 0.127868 0.141019 0.369314 0.011357
0.242800 0.007514 0.011022 0.399061 0.055599 0.224994 0.059010
0.013449 0.000016 0.064247 0.000656 0.711507 0.118862 0.091263
0.055115 0.019351 0.008893 0.018405 0.763550 0.134231 0.000454
0.045562 0.000711 0.015026 0.266147 0.338039 0.311512 0.023004
0.015582 0.001855 0.114657 0.011875 0.812318 0.042119 0.001595
0.064151 0.000214 0.076148 0.008441 0.588017 0.248418 0.014611
0.025754 0.032527 0.052218 0.078765 0.356845 0.446870 0.007021
0.011919 0.000735 0.000773 0.010007 0.819198 0.156677 0.000692
0.017147 0.018374 0.666913 0.006556 0.123106 0.099237 0.068666
0.059615 0.000475 0.013868 0.797900 0.041553 0.085577 0.001013
0.145587 0.004899 0.200221 0.005046 0.567102 0.074401 0.002744
0.231558 0.000537 0.012121 0.352082 0.226564 0.173722 0.003417
0.044811 0.011512 0.188415 0.013651 0.059667 0.265789 0.416155
0.000044 0.000137 0.002634 0.002968 0.994084 0.000116 0.000017
0.945475 0.001782 0.023729 0.008260 0.010775 0.007893 0.002085
0.002324 0.000014 0.013238 0.006005 0.016469 0.957045 0.004906
0.050536 0.000220 0.017873 0.055890 0.638083 0.230041 0.007357
0.035192 0.000344 0.051729 0.527719 0.216881 0.133733 0.034403
0.018019 0.004566 0.019400 0.266896 0.493813 0.131578 0.065729
0.008752 0.000201 0.022972 0.000989 0.952240 0.010119 0.004726
0.029950 0.001988 0.049231 0.376238 0.125422 0.412182 0.004989
0.018262 0.016456 0.677932 0.051577 0.168883 0.041029 0.025862
0.036402 0.000505 0.452215 0.275652 0.105280 0.115751 0.014195
0.001681 0.000670 0.049634 0.000783 0.137939 0.808427 0.000866
0.115382 0.002016 0.257014 0.029445 0.483101 0.071412 0.041630
0.106288 0.000525 0.101636 0.152167 0.167264 0.470266 0.001855
0.178374 0.007974 0.041949 0.001474 0.205476 0.529238 0.035515
0.063908 0.001102 0.002113 0.031339 0.853114 0.045175 0.003250
0.158792 0.008140 0.025595 0.065106 0.407766 0.265170 0.069431
0.026307 0.005369 0.016079 0.712166 0.073411 0.166137 0.000530
0.026684 0.004628 0.302422 0.013992 0.448055 0.168353 0.035866
0.027702 0.005893 0.085723 0.006065 0.842423 0.026234 0.005959
0.032852 0.062953 0.039290 0.000772 0.824093 0.039646 0.000393
0.027888 0.000539 0.006357 0.363597 0.535708 0.060228 0.005683
0.012933 0.006462 0.297667 0.000532 0.472627 0.206682 0.003097
0.001123 0.001178 0.019387 0.850989 0.073751 0.051813 0.001759
0.000322 0.000013 0.000042 0.003141 0.986468 0.010006 0.000008
0.056043 0.001407 0.001126 0.031012 0.176567 0.730956 0.002890
0.223228 0.000608 0.091546 0.024960 0.013308 0.636047 0.010305
0.252849 0.007896 0.016975 0.375512 0.074692 0.265806 0.006269
0.013029 0.000022 0.116729 0.025815 0.786690 0.054972 0.002744
0.021514 0.032253 0.096696 0.003853 0.726558 0.035224 0.083902
0.311062 0.001128 0.128972 0.209055 0.088735 0.256447 0.004601
0.001092 0.001769 0.007434 0.000747 0.839889 0.146809 0.002259
0.006394 0.009034 0.043243 0.831330 0.023890 0.082454 0.003655
0.105164 0.000069 0.024542 0.437208 0.010976 0.084240 0.337801
0.034359 0.000351 0.045685 0.025162 0.048181 0.843203 0.003059
0.299778 0.001717 0.009006 0.288728 0.086321 0.313406 0.001044
0.001787 0.000566 0.015495 0.009106 0.726796 0.239820 0.006430
0.317804 0.001241 0.163541 0.001608 0.130682 0.379587 0.005537
0.031145 0.004069 0.176729 0.066238 0.253914 0.467465 0.000441
0.012220 0.004030 0.091305 0.106762 0.741880 0.043080 0.000723
0.006513 0.000090 0.009915 0.021723 0.163793 0.797311 0.000655
0.093448 0.000116 0.464536 0.102360 0.103122 0.109727 0.126691
0.017664 0.000812 0.041401 0.035987 0.885081 0.018623 0.000433
0.007040 0.000504 0.019411 0.004987 0.919768 0.044000 0.004290
0.072646 0.000541 0.133156 0.052463 0.549127 0.190339 0.001727
0.256308 0.006313 0.018909 0.010798 0.584365 0.122878 0.000430
0.006955 0.000011 0.070585 0.001014 0.039210 0.882205 0.000020
0.165451 0.005023 0.010280 0.144114 0.504440 0.168887 0.001805
0.087623 0.001355 0.094464 0.204640 0.013740 0.597334 0.000844
0.002511 0.000521 0.002194 0.001939 0.682158 0.275833 0.034845
0.364732 0.361990 0.046718 0.001306 0.100445 0.124039 0.000771
0.010732 0.000354 0.001708 0.817055 0.167881 0.002055 0.000215
0.010778 0.002789 0.064746 0.577724 0.240846 0.102256 0.000861
0.468151 0.072797 0.276911 0.009730 0.092264 0.073188 0.006959
0.006768 0.000377 0.040886 0.007219 0.726651 0.215650 0.002450
0.134127 0.004276 0.211963 0.338021 0.047388 0.261211 0.003014
0.016617 0.000777 0.002605 0.906370 0.002783 0.070092 0.000756
0.044501 0.001482 0.027019 0.043044 0.484887 0.388169 0.010898
0.062980 0.005554 0.013240 0.677803 0.125419 0.112798 0.002205
0.250905 0.001978 0.202576 0.039954 0.399863 0.047005 0.057719
0.278422 0.002111 0.075536 0.017749 0.127306 0.493726 0.005150
0.220830 0.005038 0.242302 0.109078 0.054713 0.367309 0.000730
0.014034 0.001151 0.004617 0.007028 0.867568 0.101425 0.004176
0.268139 0.021250 0.548426 0.011111 0.089603 0.003912 0.057559
0.006356 0.000320 0.137027 0.028266 0.059422 0.020751 0.747858
0.033852 0.005771 0.309401 0.002272 0.525786 0.120225 0.002694
0.170393 0.000407 0.018733 0.457165 0.094797 0.172948 0.085557
0.010559 0.000689 0.014755 0.001216 0.935188 0.032439 0.005154
0.025695 0.001757 0.005901 0.107910 0.722534 0.135917 0.000286
0.006638 0.020492 0.003762 0.003475 0.934723 0.030642 0.000268
0.053540 0.000028 0.065048 0.791686 0.003692 0.078599 0.007406
0.017563 0.000325 0.494923 0.014544 0.109733 0.341445 0.021466
0.429466 0.008331 0.156504 0.003555 0.197721 0.181186 0.023236
0.188683 0.000062 0.016757 0.169916 0.065927 0.557115 0.001541
0.171910 0.015270 0.060017 0.076935 0.136391 0.428772 0.110705
0.276158 0.007588 0.030120 0.357700 0.026569 0.191878 0.109987
0.001274 0.000633 0.181443 0.017487 0.548305 0.235011 0.015848
0.073155 0.000483 0.009267 0.003211 0.729832 0.180632 0.003419
0.063852 0.000276 0.039794 0.225889 0.205141 0.464617 0.000431
0.011575 0.006813 0.296442 0.243161 0.233942 0.041514 0.166554
0.125013 0.001127 0.276089 0.092423 0.104541 0.326473 0.074335
0.012655 0.000336 0.012789 0.324131 0.053702 0.588808 0.007580
0.030207 0.002026 0.490017 0.164756 0.030727 0.156517 0.125750
0.658088 0.013234 0.009574 0.002590 0.069734 0.245912 0.000868
0.010716 0.005678 0.003221 0.029479 0.736572 0.207100 0.007235
0.012234 0.046409 0.001179 0.002038 0.762864 0.175246 0.000030
0.148277 0.002217 0.034271 0.000217 0.472595 0.342347 0.000076
0.032860 0.000809 0.101828 0.027147 0.160371 0.618565 0.058422
0.012924 0.000811 0.022460 0.323616 0.048139 0.583970 0.008079
0.048723 0.017994 0.039569 0.464859 0.356079 0.068854 0.003922
0.026375 0.000189 0.613562 0.011578 0.027291 0.319396 0.001610
0.002199 0.001082 0.020497 0.114105 0.690211 0.170092 0.001815
0.005777 0.001642 0.066124 0.021552 0.193354 0.708488 0.003063
0.014521 0.000251 0.351257 0.017075 0.041729 0.574234 0.000934
0.068010 0.001279 0.013267 0.310862 0.247217 0.358925 0.000440
0.233163 0.005883 0.220926 0.231271 0.068876 0.214317 0.025564
0.028128 0.001371 0.533045 0.126882 0.149126 0.159058 0.002390
0.002017 0.000016 0.270746 0.421387 0.012294 0.281284 0.012256
0.158029 0.351198 0.135735 0.177033 0.015583 0.157565 0.004858
0.117044 0.004011 0.037643 0.511892 0.309134 0.017922 0.002355
0.032489 0.000414 0.245928 0.000652 0.447393 0.085015 0.188109
0.293899 0.004007 0.174136 0.028151 0.402871 0.051576 0.045360
0.092930 0.004412 0.106525 0.000932 0.675393 0.119732 0.000076
0.010869 0.001156 0.021775 0.038716 0.744603 0.177275 0.005607
0.006186 0.000164 0.171455 0.001096 0.072597 0.747742 0.000759
0.213190 0.000455 0.057940 0.396621 0.252259 0.060940 0.018594
0.071545 0.104846 0.141625 0.260489 0.123648 0.283999 0.013848
0.049057 0.012296 0.260297 0.015360 0.235436 0.426140 0.001414
0.228245 0.001453 0.079707 0.407846 0.047932 0.188112 0.046706
0.235284 0.072588 0.012515 0.049293 0.594666 0.034403 0.001251
0.000480 0.000175 0.000133 0.998441 0.000483 0.000142 0.000146
0.496608 0.000177 0.082464 0.004373 0.259870 0.118112 0.038396
0.055083 0.000104 0.223470 0.354365 0.300956 0.064501 0.001520
0.025777 0.001234 0.083891 0.693891 0.057381 0.116265 0.021560
0.046326 0.000186 0.004870 0.164435 0.728436 0.049495 0.006252
0.036469 0.006648 0.443704 0.145425 0.293281 0.036834 0.037640
0.036165 0.000213 0.004240 0.091366 0.859322 0.008667 0.000029
0.219330 0.002741 0.039059 0.012505 0.233847 0.484835 0.007683
0.282760 0.050990 0.156177 0.200589 0.082324 0.147270 0.079889
0.011193 0.000686 0.004925 0.887909 0.034777 0.059632 0.000878
0.037490 0.008266 0.046583 0.161094 0.621408 0.123725 0.001434
0.306661 0.007750 0.240682 0.233102 0.082831 0.097378 0.031598
0.012936 0.000204 0.009811 0.009425 0.342382 0.625028 0.000215
0.004008 0.000212 0.721543 0.000295 0.072802 0.158115 0.043025
0.002127 0.000250 0.181925 0.186353 0.059920 0.563308 0.006117
0.018740 0.000211 0.099816 0.049614 0.178841 0.652772 0.000006
0.015702 0.004745 0.046682 0.396196 0.366030 0.153690 0.016955
0.018451 0.000721 0.226761 0.116656 0.595765 0.038842 0.002805
0.003371 0.003041 0.020679 0.076854 0.612287 0.246979 0.036789
0.091502 0.017289 0.437837 0.008398 0.093693 0.200775 0.150507
0.045731 0.003713 0.356646 0.010057 0.439779 0.142755 0.001319
0.000764 0.000038 0.000923 0.979591 0.001453 0.016439 0.000792
0.003871 0.000991 0.007824 0.026929 0.919152 0.039170 0.002064
0.008977 0.001691 0.042160 0.226147 0.388494 0.330777 0.001755
0.046436 0.000003 0.001204 0.131632 0.208692 0.605386 0.006647
0.015243 0.002652 0.034953 0.052624 0.879415 0.014128 0.000985
0.027089 0.009835 0.098187 0.208031 0.306413 0.332634 0.017810
0.042531 0.000462 0.455670 0.006273 0.433986 0.031150 0.029928
0.171809 0.001732 0.073408 0.185974 0.251772 0.308820 0.006485
0.021457 0.001284 0.018411 0.038474 0.649307 0.266983 0.004084
0.040871 0.001617 0.347310 0.023640 0.114607 0.414032 0.057924
0.069344 0.000121 0.088662 0.513527 0.214648 0.040913 0.072785
0.035285 0.003929 0.221751 0.028523 0.441886 0.260298 0.008327
0.014074 0.050591 0.195908 0.035501 0.342554 0.321740 0.039633
0.012031 0.000990 0.034523 0.148002 0.496019 0.306208 0.002227
0.171710 0.000962 0.005920 0.241586 0.316599 0.258501 0.004721
0.014640 0.027966 0.366603 0.004801 0.404197 0.181310 0.000483
0.174767 0.001577 0.144718 0.018734 0.082673 0.573598 0.003932
0.004734 0.002072 0.020983 0.827512 0.060828 0.081189 0.002681
0.028038 0.000110 0.123948 0.203326 0.184396 0.458720 0.001462
0.091849 0.000771 0.009067 0.047626 0.823759 0.020251 0.006676
0.006177 0.001112 0.112247 0.008528 0.771583 0.097641 0.002711
0.084603 0.004411 0.045983 0.274796 0.273317 0.310299 0.006591
0.006693 0.000777 0.113561 0.014683 0.691800 0.059790 0.112696
0.062672 0.000539 0.271042 0.134037 0.376945 0.106429 0.048335
0.068279 0.000014 0.203158 0.117085 0.133987 0.464476 0.013001
0.001207 0.012207 0.123342 0.021480 0.760819 0.078494 0.002451
0.007870 0.000217 0.047662 0.005515 0.371604 0.562851 0.004280
0.033466 0.002108 0.068368 0.326634 0.507132 0.028076 0.034217
0.016278 0.001606 0.003970 0.233102 0.664341 0.076925 0.003778
0.299329 0.000181 0.036189 0.133447 0.422544 0.103626 0.004684
0.134967 0.014258 0.142076 0.051609 0.514026 0.141618 0.001446
0.006413 0.006491 0.023138 0.160340 0.695256 0.098377 0.009985
0.013208 0.011858 0.054357 0.005238 0.603115 0.270157 0.042067
0.029489 0.033123 0.409496 0.305303 0.081828 0.139249 0.001511
0.078550 0.005780 0.199925 0.526024 0.126507 0.040156 0.023057
0.002093 0.000230 0.453494 0.051062 0.087998 0.018473 0.386651
0.009478 0.001314 0.011708 0.004282 0.733715 0.237215 0.002289
0.066940 0.042114 0.045589 0.383887 0.303008 0.146102 0.012361
0.104235 0.002303 0.082075 0.029350 0.461299 0.310077 0.010661
0.154555 0.005397 0.020264 0.023858 0.752626 0.042987 0.000313
0.092473 0.000280 0.368386 0.084533 0.048361 0.208708 0.197261
0.053260 0.001141 0.505794 0.041420 0.155435 0.062975 0.179975
0.007196 0.000270 0.006194 0.015717 0.893686 0.075666 0.001272
0.092189 0.002357 0.625855 0.008647 0.088527 0.091222 0.091203
0.038655 0.000063 0.030605 0.099377 0.085334 0.742494 0.003472
0.323167 0.005129 0.188206 0.397057 0.004264 0.078044 0.004134
0.011613 0.001659 0.039974 0.015668 0.868397 0.039677 0.023011
0.007070 0.004873 0.277600 0.068886 0.023075 0.617941 0.000555
0.010681 0.010280 0.054414 0.015354 0.874074 0.017850 0.017347
0.008991 0.023699 0.075048 0.001201 0.794553 0.037283 0.059226
0.273711 0.221875 0.049181 0.046898 0.058543 0.349767 0.000026
0.178857 0.007515 0.325398 0.083317 0.308833 0.080925 0.015155
0.043035 0.003734 0.021821 0.648707 0.034633 0.210728 0.037343
0.282698 0.008922 0.011426 0.102525 0.170900 0.420333 0.003197
0.241714 0.012411 0.136386 0.399328 0.019039 0.189384 0.001739
0.195823 0.006857 0.025287 0.370052 0.278048 0.121102 0.002832
0.092175 0.001339 0.002161 0.114301 0.137743 0.647618 0.004662
0.017385 0.003880 0.433418 0.195781 0.040922 0.152999 0.155615
0.031322 0.002788 0.041623 0.322122 0.548195 0.042815 0.011136
0.070812 0.016092 0.001758 0.030887 0.203084 0.676836 0.000531
0.007615 0.000496 0.545407 0.000723 0.037158 0.075856 0.332744
0.128829 0.089867 0.125808 0.072616 0.220661 0.176870 0.185350
0.011545 0.000221 0.027228 0.555786 0.017443 0.386711 0.001065
0.130064 0.002928 0.084135 0.032147 0.092051 0.653499 0.005176
0.102672 0.003062 0.006776 0.337744 0.534503 0.002782 0.012460
0.008560 0.000311 0.179286 0.001700 0.087034 0.721081 0.002028
0.048753 0.000719 0.023179 0.002180 0.840078 0.082829 0.002261
0.003918 0.011264 0.086071 0.030829 0.114775 0.752343 0.000799
0.108870 0.018215 0.269301 0.146533 0.051294 0.398411 0.007376
0.031768 0.009126 0.005392 0.002219 0.948982 0.002232 0.000282
0.022041 0.002811 0.026988 0.173025 0.498288 0.275970 0.000878
0.000296 0.000100 0.002729 0.002179 0.944777 0.012215 0.037704
0.052196 0.105436 0.418217 0.019567 0.142539 0.230531 0.031513
0.007896 0.003566 0.008056 0.058863 0.061395 0.858010 0.002214
0.004579 0.000634 0.003613 0.000152 0.974848 0.015816 0.000358
0.000619 0.000773 0.015430 0.001338 0.951512 0.029352 0.000975
0.004830 0.006542 0.237635 0.000324 0.644251 0.095651 0.010765
0.018639 0.001548 0.057119 0.017326 0.365916 0.538842 0.000609
0.069749 0.000555 0.059590 0.000443 0.392972 0.473300 0.003390
0.028603 0.000647 0.007735 0.013188 0.936151 0.011090 0.002585
0.001363 0.000827 0.831808 0.064642 0.001720 0.013564 0.086076
0.005745 0.004695 0.059634 0.401762 0.517026 0.004298 0.006840
0.031827 0.000835 0.326128 0.199980 0.277160 0.159259 0.004811
0.029357 0.000246 0.392794 0.152778 0.071374 0.350525 0.002926
0.214923 0.004542 0.024965 0.301606 0.395407 0.050333 0.008224
0.004713 0.000204 0.024463 0.022102 0.896517 0.051517 0.000484
0.092959 0.004205 0.077210 0.086804 0.633802 0.104212 0.000808
0.716036 0.000189 0.036685 0.019609 0.016108 0.197923 0.013450
0.020019 0.000550 0.178073 0.008849 0.656339 0.130015 0.006156
0.012891 0.017957 0.033200 0.784550 0.080955 0.046901 0.023547
0.032413 0.000488 0.336286 0.288951 0.072647 0.253128 0.016085
0.178662 0.006753 0.304173 0.005554 0.033453 0.444652 0.026753
0.094665 0.014324 0.102205 0.036211 0.357933 0.389323 0.005339
0.046998 0.006811 0.110995 0.644319 0.122560 0.027204 0.041113
0.002592 0.000289 0.003999 0.911071 0.054394 0.027437 0.000219
0.029921 0.001104 0.007865 0.186718 0.257805 0.515483 0.001105
0.001175 0.000127 0.029530 0.516618 0.235142 0.217403 0.000004
0.013867 0.001064 0.048200 0.103665 0.692922 0.059136 0.081145
0.008881 0.000946 0.556971 0.026221 0.209762 0.097816 0.099403
0.003979 0.008989 0.110115 0.093975 0.620119 0.124040 0.038782
0.019133 0.000942 0.003697 0.002620 0.785605 0.186296 0.001706
0.042407 0.001322 0.200343 0.008824 0.364504 0.013336 0.369264
0.003761 0.015637 0.101151 0.049103 0.417486 0.288269 0.124593
0.072043 0.000765 0.452856 0.096071 0.001269 0.363104 0.013892
0.156171 0.000592 0.021474 0.466103 0.079426 0.248330 0.027904
0.000707 0.002113 0.004299 0.001676 0.111093 0.879650 0.000462
0.129486 0.004192 0.081060 0.011955 0.503420 0.268091 0.001796
0.195491 0.002734 0.031619 0.048149 0.446900 0.272899 0.002209
0.003346 0.000171 0.241995 0.178374 0.303707 0.255625 0.016782
0.058832 0.000799 0.327529 0.171377 0.161975 0.191278 0.088211
0.006943 0.000190 0.111933 0.062754 0.580273 0.237676 0.000231
0.212573 0.003185 0.004144 0.666757 0.030776 0.074760 0.007806
0.489066 0.005362 0.020431 0.000289 0.459043 0.022608 0.003201
0.007947 0.016698 0.717655 0.083471 0.051871 0.112587 0.009770
0.023373 0.000096 0.505732 0.004094 0.094625 0.369990 0.002090
0.009405 0.002045 0.033439 0.479294 0.413874 0.050702 0.011241
0.019023 0.002997 0.066245 0.534670 0.185142 0.022113 0.169809
0.004012 0.002686 0.022456 0.056915 0.888549 0.015967 0.009415
0.007311 0.002747 0.609075 0.070737 0.002652 0.052130 0.255347
0.058075 0.021738 0.047914 0.179330 0.255191 0.436731 0.001022
0.224413 0.000122 0.017823 0.336326 0.199037 0.221027 0.001251
0.026307 0.005369 0.016079 0.712166 0.073411 0.166137 0.000530
0.091492 0.031445 0.008823 0.002555 0.296722 0.561430 0.007532
0.000270 0.000030 0.002508 0.001525 0.983248 0.010413 0.002007
0.026844 0.008643 0.705204 0.001162 0.087696 0.130554 0.039898
0.092567 0.006779 0.080897 0.039673 0.073691 0.684038 0.022354
0.007571 0.005136 0.043678 0.266479 0.568814 0.108215 0.000106
0.002986 0.000130 0.007438 0.003983 0.943425 0.041927 0.000112
0.087431 0.001062 0.049810 0.023382 0.031514 0.798385 0.008416
0.059586 0.003706 0.117637 0.377064 0.179214 0.248727 0.014067
0.000435 0.001356 0.002493 0.097317 0.842219 0.020350 0.035830
0.094746 0.014204 0.364011 0.193998 0.182196 0.021151 0.129695
0.043110 0.000678 0.030434 0.000425 0.373290 0.551254 0.000808
0.090772 0.000094 0.001525 0.717755 0.120051 0.069614 0.000188
0.016824 0.000846 0.014000 0.068242 0.886051 0.013102 0.000935
0.233798 0.002367 0.065532 0.527420 0.067218 0.069872 0.033793
0.006379 0.000101 0.130835 0.002881 0.698038 0.032660 0.129107
0.124844 0.042843 0.457027 0.039137 0.027428 0.280829 0.027893
0.019767 0.000969 0.189735 0.095746 0.035959 0.654853 0.002971
0.024378 0.004807 0.049542 0.004908 0.078751 0.828600 0.009014
0.021087 0.000904 0.014060 0.114286 0.804709 0.032823 0.012131
0.028782 0.003922 0.039867 0.004409 0.900133 0.021747 0.001140
0.027037 0.007037 0.013809 0.074550 0.863986 0.012578 0.001002
0.066395 0.017729 0.515864 0.042864 0.037583 0.071367 0.248197
0.002180 0.000027 0.088305 0.669971 0.235454 0.001861 0.002202
0.003665 0.000714 0.036344 0.000509 0.930125 0.027848 0.000795
0.007836 0.013114 0.322864 0.002942 0.114706 0.536794 0.001744
0.267749 0.008864 0.039709 0.012979 0.054033 0.616116 0.000550
0.051501 0.002136 0.407175 0.005721 0.115220 0.414363 0.003882
0.106322 0.008601 0.046561 0.625539 0.076509 0.114557 0.021911
0.010672 0.002739 0.176411 0.122072 0.057053 0.630503 0.000549
0.031131 0.011428 0.114675 0.422993 0.077866 0.305538 0.036369
0.006554 0.000820 0.012188 0.892157 0.062599 0.016528 0.009155
0.004000 0.000209 0.266362 0.001545 0.459339 0.264732 0.003812
0.056495 0.002516 0.193473 0.492856 0.135346 0.107735 0.011579
0.003234 0.000566 0.024080 0.018201 0.863844 0.069097 0.020978
0.010332 0.000510 0.058362 0.002604 0.887877 0.027602 0.012713
0.066953 0.001686 0.003337 0.746266 0.104099 0.070627 0.007032
0.009560 0.005506 0.068431 0.009439 0.748798 0.114116 0.044149
0.213404 0.005769 0.393290 0.001096 0.045860 0.232665 0.107916
0.038903 0.004146 0.565945 0.077444 0.062035 0.236217 0.015309
0.001677 0.000705 0.309985 0.002004 0.174050 0.424417 0.087163
0.190268 0.000035 0.000436 0.000558 0.722426 0.086270 0.000008
0.424039 0.027388 0.258565 0.046234 0.189307 0.022434 0.032033
0.158585 0.001276 0.055809 0.154082 0.487036 0.128021 0.015191
0.022669 0.005617 0.097754 0.106728 0.296859 0.440114 0.030259
0.008220 0.004571 0.010763 0.001727 0.660520 0.313909 0.000291
0.145300 0.006052 0.062318 0.401006 0.220544 0.146376 0.018406
0.105070 0.029682 0.036792 0.004968 0.234152 0.578547 0.010790
0.040739 0.001601 0.043106 0.000612 0.330482 0.583405 0.000055
0.045224 0.001612 0.539992 0.043067 0.104875 0.083711 0.181519
0.092371 0.078381 0.010073 0.313457 0.479080 0.020501 0.006137
0.009338 0.007729 0.544240 0.001300 0.027423 0.346314 0.063656
0.055537 0.015576 0.107222 0.113793 0.255186 0.373272 0.079415
0.029716 0.000528 0.022749 0.009639 0.901486 0.027379 0.008503
0.005410 0.001994 0.004851 0.035059 0.820767 0.126279 0.005641
0.065407 0.007408 0.221840 0.033328 0.603934 0.031495 0.036588
0.010328 0.001365 0.002554 0.013944 0.023966 0.947323 0.000519
0.001887 0.000699 0.019350 0.021366 0.925938 0.026757 0.004003
0.018904 0.005308 0.025892 0.465060 0.168691 0.301956 0.014188
0.191453 0.018319 0.030494 0.028962 0.486395 0.241901 0.002476
0.005602 0.000027 0.038899 0.003394 0.651318 0.282793 0.017967
0.003443 0.000471 0.000672 0.002191 0.964408 0.027727 0.001088
0.001416 0.000290 0.002504 0.000711 0.988737 0.006338 0.000004
0.002367 0.048179 0.144594 0.136737 0.539952 0.125241 0.002930
0.074841 0.025916 0.122836 0.000058 0.745275 0.027998 0.003076
0.012893 0.003887 0.147761 0.096622 0.057599 0.668461 0.012777
0.015099 0.000163 0.014502 0.002113 0.204752 0.760259 0.003111
0.006544 0.000175 0.002603 0.000963 0.936730 0.051890 0.001096
0.003916 0.000054 0.017535 0.015441 0.292362 0.668741 0.001950
0.007535 0.008954 0.200365 0.028091 0.006421 0.097901 0.650733
0.556103 0.001972 0.108666 0.075293 0.158223 0.096998 0.002745
0.005506 0.000041 0.386218 0.038376 0.482481 0.082969 0.004409
0.103573 0.003287 0.181947 0.035875 0.530006 0.126091 0.019221
0.024380 0.000488 0.014078 0.374280 0.404556 0.181133 0.001086
0.229832 0.002450 0.013273 0.001981 0.647223 0.101500 0.003741
0.007737 0.000902 0.003012 0.010303 0.211756 0.761149 0.005141
0.098993 0.000975 0.047074 0.026770 0.046727 0.779396 0.000064
0.007781 0.003726 0.182041 0.254572 0.386128 0.160611 0.005140
0.621195 0.000134 0.000871 0.000878 0.055558 0.317216 0.004148
0.060547 0.001990 0.020286 0.030484 0.066621 0.787823 0.032249
0.010739 0.000161 0.247225 0.162972 0.264972 0.237663 0.076269
0.004255 0.049573 0.018943 0.633977 0.187542 0.090762 0.014948
0.010440 0.064153 0.139176 0.001663 0.285554 0.485481 0.013533
0.003064 0.000754 0.013696 0.009012 0.730340 0.087514 0.155618
0.006803 0.001188 0.274787 0.089635 0.457850 0.148082 0.021655
0.150824 0.004478 0.524490 0.016904 0.082191 0.212562 0.008552
0.113328 0.008179 0.241292 0.118527 0.189459 0.270272 0.058943
0.001052 0.000085 0.005780 0.000961 0.265356 0.726575 0.000191
0.007634 0.000149 0.002163 0.952392 0.016741 0.020747 0.000173
0.063123 0.001802 0.006920 0.049329 0.682090 0.191106 0.005630
0.031742 0.007015 0.055891 0.051382 0.785050 0.068295 0.000624
0.026849 0.000614 0.036138 0.003597 0.876423 0.051960 0.004420
0.002410 0.000392 0.049829 0.081665 0.815100 0.047787 0.002818
0.056151 0.032014 0.012872 0.003733 0.266241 0.624959 0.004030
0.018608 0.000088 0.067640 0.034329 0.790990 0.086385 0.001961
0.004508 0.000243 0.193308 0.728455 0.036561 0.035027 0.001899
0.098226 0.001332 0.324714 0.095734 0.075208 0.281913 0.122872
0.025148 0.000741 0.903578 0.043936 0.002166 0.024413 0.000019
0.194791 0.033140 0.046440 0.004822 0.082837 0.628508 0.009462
0.017276 0.000586 0.039368 0.008004 0.902419 0.028239 0.004108
0.103184 0.015272 0.150691 0.001485 0.072862 0.650152 0.006355
0.018769 0.002297 0.057787 0.042772 0.483895 0.366656 0.027823
0.052674 0.000458 0.014217 0.048493 0.370277 0.513304 0.000577
0.255288 0.002154 0.030979 0.198886 0.084085 0.382331 0.046277
0.001559 0.000318 0.001902 0.096482 0.756912 0.138117 0.004710
0.084362 0.018102 0.217345 0.051628 0.075305 0.545248 0.008010
0.115724 0.006528 0.142004 0.062410 0.435652 0.136528 0.101153
0.094688 0.001027 0.002219 0.029952 0.525307 0.346243 0.000563
0.107350 0.010022 0.511938 0.013531 0.079096 0.028814 0.249249
0.014464 0.001854 0.400621 0.001701 0.206903 0.341384 0.033072
0.030434 0.008246 0.294471 0.011834 0.199783 0.046784 0.408448
0.001354 0.001265 0.123890 0.012807 0.145590 0.714539 0.000554
0.043705 0.002288 0.054719 0.254065 0.186639 0.322272 0.136312
0.225384 0.488765 0.048977 0.054170 0.105161 0.077281 0.000262
0.016730 0.000217 0.004276 0.722708 0.138404 0.108065 0.009600
0.006316 0.000205 0.020845 0.016136 0.927399 0.022740 0.006360
0.020901 0.090455 0.171192 0.001440 0.434890 0.279760 0.001361
0.006883 0.000910 0.092869 0.114928 0.238749 0.515931 0.029729
0.003606 0.000419 0.020614 0.013879 0.911161 0.049367 0.000954
0.115562 0.002380 0.012750 0.349650 0.030847 0.366062 0.122748
0.067653 0.000781 0.007610 0.064728 0.506558 0.350167 0.002504
0.053452 0.000307 0.076177 0.018284 0.552869 0.216588 0.082323
0.016039 0.004757 0.021656 0.033493 0.025571 0.855033 0.043450
0.011561 0.061101 0.356971 0.301149 0.065675 0.193811 0.009731
0.241720 0.000349 0.007310 0.053181 0.192101 0.503608 0.001732
0.003907 0.000678 0.024121 0.021393 0.842548 0.106760 0.000594
0.051497 0.023311 0.327720 0.024144 0.230805 0.319611 0.022912
0.056830 0.003344 0.054010 0.450585 0.093744 0.338846 0.002642
0.042583 0.007781 0.093682 0.156572 0.104665 0.593888 0.000830
0.045629 0.002464 0.145562 0.316941 0.209890 0.129369 0.150144
0.001967 0.007091 0.027884 0.036104 0.129202 0.789975 0.007778
0.015296 0.024192 0.360754 0.126714 0.151109 0.212289 0.109645
0.010297 0.008831 0.064029 0.015634 0.487963 0.411240 0.002006
0.005692 0.001952 0.035489 0.009561 0.905703 0.032726 0.008877
0.009623 0.004303 0.066713 0.127921 0.762379 0.015758 0.013303
0.003966 0.021056 0.024539 0.132736 0.615815 0.187698 0.014190
0.006802 0.004967 0.135644 0.000783 0.013386 0.837008 0.001410
0.135769 0.012585 0.110478 0.052093 0.056533 0.625510 0.007031
0.070117 0.083394 0.473481 0.064875 0.028246 0.229194 0.050692
0.080076 0.013086 0.364371 0.057984 0.207997 0.276172 0.000312
0.076121 0.004948 0.030618 0.447262 0.030297 0.410191 0.000562
0.066416 0.000230 0.007884 0.014708 0.691410 0.106929 0.112423
0.110294 0.000463 0.013861 0.210175 0.602299 0.044841 0.018067
0.259259 0.002461 0.028917 0.008211 0.437253 0.256165 0.007733
0.324083 0.000818 0.003745 0.007758 0.563202 0.092469 0.007926
0.058900 0.001847 0.058837 0.004666 0.218737 0.647804 0.009209
0.082345 0.000118 0.048855 0.677021 0.126735 0.064768 0.000159
0.224477 0.000559 0.010805 0.084327 0.271012 0.408645 0.000175
0.368421 0.000876 0.391919 0.000393 0.081330 0.123453 0.033607
0.030206 0.000392 0.091442 0.643807 0.027055 0.048537 0.158561
0.067447 0.020417 0.101171 0.426264 0.063091 0.032579 0.289030
0.222703 0.032007 0.096528 0.093109 0.220851 0.329098 0.005705
0.331811 0.093141 0.008002 0.134522 0.043346 0.369057 0.020120
0.285621 0.002983 0.008565 0.359770 0.120991 0.214583 0.007487
0.242878 0.001848 0.030056 0.193845 0.040124 0.295786 0.195462
0.002328 0.012617 0.062881 0.004074 0.758190 0.118227 0.041684
0.018544 0.000051 0.066534 0.318963 0.371082 0.117551 0.107275
0.234170 0.012218 0.128218 0.004147 0.319537 0.064904 0.236806
0.055118 0.036452 0.016721 0.049618 0.511084 0.242854 0.088154
0.421219 0.001130 0.003878 0.000725 0.116928 0.455675 0.000445
0.233186 0.004284 0.139388 0.002913 0.047738 0.076005 0.496487
0.010709 0.000379 0.168053 0.127804 0.594561 0.082004 0.016491
0.050503 0.000664 0.080912 0.117614 0.581499 0.164174 0.004634
0.003443 0.008931 0.070824 0.001262 0.732332 0.181999 0.001210
0.096592 0.005991 0.138038 0.239772 0.036012 0.482197 0.001399
0.001851 0.001914 0.068393 0.002071 0.849273 0.054530 0.021968
0.013943 0.000067 0.005227 0.003367 0.886050 0.089835 0.001512
0.019363 0.006479 0.083343 0.053811 0.382293 0.425063 0.029648
0.009113 0.039653 0.287514 0.040187 0.468984 0.107433 0.047117
0.012932 0.000566 0.011356 0.860861 0.009630 0.102712 0.001943
0.029358 0.000930 0.057075 0.175531 0.088477 0.641975 0.006655
0.187020 0.007289 0.036953 0.020496 0.062813 0.683825 0.001603
0.246091 0.000082 0.041215 0.089603 0.230739 0.386028 0.006242
0.042965 0.003861 0.009129 0.807036 0.031076 0.105830 0.000102
0.002895 0.006106 0.004304 0.026079 0.820993 0.131744 0.007878
0.050206 0.000093 0.013125 0.359347 0.306086 0.265972 0.005171
0.028919 0.000152 0.004628 0.187947 0.739351 0.038123 0.000879
0.000056 0.000008 0.000069 0.997121 0.000598 0.002105 0.000043
0.090823 0.000422 0.020044 0.043316 0.573636 0.267614 0.004145
0.262554 0.000702 0.011332 0.005286 0.647302 0.072411 0.000412
0.018730 0.010100 0.011459 0.073344 0.860813 0.024262 0.001291
0.073435 0.000454 0.345690 0.003606 0.073896 0.500898 0.002022
0.355287 0.005191 0.028102 0.246559 0.301921 0.049059 0.013881
0.010128 0.001738 0.037914 0.055727 0.511930 0.380000 0.002563
0.020982 0.005357 0.194831 0.210782 0.069626 0.216693 0.281731
0.022560 0.001273 0.062478 0.062762 0.771694 0.067474 0.011758
0.131517 0.119030 0.142667 0.069790 0.495736 0.035135 0.006125
0.005375 0.000378 0.024563 0.756678 0.080667 0.123678 0.008661
0.002189 0.002300 0.010799 0.060269 0.889093 0.034941 0.000408
0.047360 0.001439 0.066444 0.411960 0.097398 0.265493 0.109906
0.016611 0.002949 0.041569 0.007707 0.571267 0.359385 0.000512
0.044173 0.000405 0.198642 0.088980 0.399170 0.098193 0.170436
0.006440 0.000405 0.003979 0.006339 0.925690 0.055581 0.001566
0.064788 0.009295 0.005296 0.117961 0.057725 0.694287 0.050649
0.279983 0.051049 0.231404 0.154868 0.167907 0.053740 0.061049
0.285878 0.005127 0.068162 0.524503 0.040662 0.074056 0.001612
0.070024 0.038136 0.137643 0.002809 0.130088 0.620752 0.000547
0.280118 0.017291 0.052496 0.044414 0.352071 0.234352 0.019258
0.073897 0.000049 0.022578 0.002881 0.849815 0.043609 0.007171
0.793232 0.000134 0.009394 0.006290 0.043126 0.147546 0.000278
0.032754 0.002744 0.519242 0.054177 0.318549 0.043535 0.028999
0.019349 0.001770 0.452620 0.082724 0.006834 0.342481 0.094220
0.031879 0.043868 0.172340 0.061229 0.129906 0.560220 0.000559
0.247838 0.002189 0.002980 0.643460 0.088591 0.008375 0.006567
0.005241 0.001292 0.083819 0.154087 0.016670 0.735989 0.002902
0.104176 0.000387 0.003482 0.178294 0.019008 0.694633 0.000020
0.006278 0.003604 0.141126 0.056587 0.406012 0.384872 0.001521
0.030191 0.002041 0.209551 0.005636 0.694394 0.053678 0.004508
0.039744 0.002049 0.038785 0.670972 0.034527 0.199409 0.014514
0.031806 0.010314 0.091479 0.105890 0.447984 0.246525 0.066003
0.005296 0.005085 0.070617 0.008014 0.733525 0.174693 0.002771
0.006933 0.069027 0.341517 0.015368 0.524010 0.041393 0.001753
0.013161 0.000508 0.093648 0.282901 0.435649 0.171867 0.002265
0.131954 0.005066 0.044448 0.022906 0.136614 0.658203 0.000809
0.000788 0.000287 0.554781 0.000312 0.123700 0.319610 0.000522
0.033783 0.000341 0.001429 0.813088 0.008129 0.142688 0.000542
0.041837 0.001001 0.379717 0.206173 0.163329 0.180638 0.027304
0.037639 0.001151 0.093073 0.016382 0.481454 0.351582 0.018720
0.003280 0.003357 0.024408 0.000690 0.914170 0.049627 0.004469
0.079895 0.009377 0.171771 0.007274 0.184231 0.080518 0.466934
0.030019 0.018705 0.002974 0.009317 0.057972 0.879722 0.001290
0.272278 0.007114 0.020401 0.055382 0.437008 0.178397 0.029421
0.015680 0.056637 0.025199 0.042998 0.026464 0.829933 0.003088
0.503388 0.002920 0.041919 0.330631 0.094273 0.026537 0.000332
0.017173 0.010480 0.057933 0.008462 0.798294 0.105841 0.001817
0.018216 0.000347 0.011585 0.039958 0.775962 0.127934 0.025999
0.005996 0.000377 0.561290 0.001568 0.331920 0.081082 0.017765
0.118827 0.001091 0.022474 0.033438 0.178338 0.617926 0.027904
0.011373 0.051442 0.078304 0.011017 0.130390 0.715273 0.002201
0.006329 0.000412 0.008785 0.946045 0.025993 0.009031 0.003406
0.001243 0.000221 0.009446 0.919434 0.049938 0.018413 0.001306
0.182811 0.005240 0.152949 0.262994 0.261405 0.123633 0.010968
0.010653 0.000692 0.001048 0.304505 0.666715 0.016345 0.000041
0.474186 0.006887 0.010971 0.073102 0.342879 0.085343 0.006633
0.067575 0.000472 0.000736 0.234055 0.114324 0.582186 0.000651
0.000570 0.002511 0.085022 0.017100 0.780316 0.091376 0.023105
0.025216 0.002477 0.013642 0.694831 0.249182 0.008280 0.006372
0.026048 0.001727 0.004963 0.291993 0.091596 0.580768 0.002905
0.013525 0.003332 0.003725 0.020481 0.409125 0.546729 0.003082
0.010865 0.001237 0.092789 0.002204 0.056222 0.836488 0.000195
0.002600 0.000163 0.002813 0.002324 0.990315 0.001727 0.000057
0.022031 0.008736 0.017678 0.018993 0.771036 0.010534 0.150992
0.000926 0.000284 0.002343 0.003217 0.943343 0.048374 0.001512
0.028774 0.007992 0.049398 0.017091 0.540315 0.348882 0.007547
0.021584 0.037835 0.289976 0.170624 0.319386 0.151954 0.008641
0.025772 0.004902 0.178413 0.019330 0.381027 0.289010 0.101545
0.009231 0.000323 0.027031 0.799574 0.008636 0.017646 0.137558
0.228122 0.013105 0.063412 0.026119 0.059304 0.606564 0.003374
0.079803 0.002114 0.063544 0.191227 0.466444 0.194893 0.001975
0.334487 0.033092 0.016278 0.004295 0.290751 0.317966 0.003130
0.148436 0.001443 0.011326 0.407155 0.107964 0.320069 0.003606
0.392959 0.000159 0.119703 0.000802 0.445771 0.034052 0.006554
0.054844 0.000448 0.029139 0.001184 0.718567 0.178366 0.017452
0.050604 0.003038 0.025183 0.190152 0.680805 0.041713 0.008505
0.034817 0.002082 0.005056 0.003124 0.772655 0.181685 0.000582
0.043441 0.000059 0.018072 0.368359 0.194949 0.030906 0.344215
0.003476 0.000373 0.002574 0.019235 0.893831 0.079742 0.000770
0.294226 0.002494 0.028702 0.261650 0.331975 0.037066 0.043887
0.292193 0.002720 0.008002 0.333508 0.255996 0.106794 0.000787
0.104474 0.003571 0.497590 0.008374 0.208749 0.128724 0.048517
0.112966 0.000634 0.234100 0.378488 0.241532 0.027431 0.004848
0.000022 0.000003 0.000159 0.477729 0.455726 0.066329 0.000032
0.012379 0.000005 0.004576 0.543955 0.437610 0.001450 0.000025
0.004134 0.000019 0.000893 0.135824 0.783717 0.075391 0.000022
0.113007 0.024927 0.303652 0.011262 0.406760 0.135321 0.005073
0.050256 0.002534 0.027369 0.362520 0.032437 0.216347 0.308537
0.122138 0.027198 0.052881 0.159721 0.034598 0.602125 0.001339
0.017257 0.000947 0.318473 0.165398 0.251475 0.245347 0.001102
0.021874 0.001931 0.014421 0.894577 0.024632 0.028566 0.014000
0.024742 0.002142 0.359059 0.185721 0.009027 0.413185 0.006124
0.030191 0.002041 0.209551 0.005636 0.694394 0.053678 0.004508
0.067427 0.003372 0.032810 0.674747 0.098232 0.075950 0.047461
0.008080 0.014970 0.007145 0.025362 0.337544 0.601497 0.005402
0.151803 0.031979 0.087522 0.578552 0.019428 0.130057 0.000659
0.362644 0.006946 0.087736 0.138238 0.132341 0.264001 0.008094
0.016709 0.002018 0.002431 0.012435 0.898456 0.067676 0.000274
0.000821 0.000123 0.003269 0.990348 0.001054 0.000343 0.004043
0.000755 0.000464 0.039714 0.000314 0.037788 0.920958 0.000007
0.109989 0.002395 0.216301 0.138425 0.078613 0.453669 0.000609
0.006722 0.000587 0.009510 0.004889 0.075262 0.861942 0.041087
0.022322 0.005709 0.790953 0.002567 0.074716 0.099694 0.004038
0.030979 0.004864 0.107728 0.027172 0.458022 0.360373 0.010863
0.104035 0.001193 0.032772 0.004407 0.638058 0.210292 0.009244
0.113506 0.052383 0.017133 0.121690 0.314197 0.088371 0.292720
0.023543 0.010512 0.016488 0.008603 0.713737 0.109494 0.117624
0.005026 0.001249 0.414380 0.053282 0.183373 0.278946 0.063744
0.147241 0.002427 0.310231 0.027670 0.016004 0.489413 0.007014
0.104235 0.002303 0.082075 0.029350 0.461299 0.310077 0.010661
0.012290 0.000104 0.002407 0.076387 0.034567 0.872396 0.001849
0.009204 0.000041 0.028940 0.338271 0.581164 0.040217 0.002164
0.088493 0.000636 0.146294 0.005317 0.107346 0.623618 0.028295
0.002817 0.006985 0.022378 0.003550 0.950045 0.014122 0.000103
0.143257 0.009834 0.067935 0.206198 0.056477 0.502261 0.014038
0.402625 0.000822 0.017136 0.057672 0.027663 0.491098 0.002984
0.474012 0.001303 0.050068 0.343221 0.025870 0.099824 0.005704
0.001624 0.010447 0.005640 0.100277 0.825235 0.052706 0.004070
0.015139 0.009502 0.010858 0.061825 0.631928 0.170677 0.100071
0.186672 0.002895 0.217816 0.018737 0.232102 0.338748 0.003030
0.040220 0.022662 0.033152 0.377882 0.016395 0.494602 0.015088
0.034593 0.000654 0.008556 0.861711 0.056454 0.031653 0.006379
0.005567 0.000014 0.003955 0.001063 0.832831 0.151966 0.004603
0.289465 0.001467 0.003584 0.103102 0.430773 0.170094 0.001517
0.129402 0.023016 0.044664 0.009355 0.749902 0.020283 0.023378
0.078273 0.003227 0.079708 0.364693 0.372365 0.098723 0.003012
0.385667 0.023702 0.324380 0.108573 0.020999 0.134901 0.001778
0.030427 0.022733 0.068780 0.001770 0.770442 0.105619 0.000229
0.366123 0.000465 0.038792 0.009141 0.361003 0.207556 0.016920
0.019988 0.007385 0.637963 0.007837 0.085834 0.009445 0.231549
0.003006 0.000173 0.020520 0.040866 0.531077 0.404242 0.000116
0.026918 0.000208 0.114395 0.217468 0.598312 0.038641 0.004059
0.008053 0.000998 0.018423 0.701797 0.211466 0.047886 0.011378
0.067559 0.006817 0.023408 0.622907 0.214356 0.062965 0.001988
0.015615 0.001041 0.002528 0.053150 0.906133 0.017426 0.004107
0.026753 0.002967 0.087254 0.049794 0.490996 0.306682 0.035555
0.051504 0.005274 0.347299 0.029393 0.125261 0.421374 0.019897
0.101347 0.009336 0.062612 0.168891 0.178050 0.442437 0.037326
0.016406 0.000097 0.040226 0.055626 0.354584 0.085960 0.447101
0.005552 0.001187 0.001648 0.001568 0.962058 0.027923 0.000064
0.002927 0.000971 0.000595 0.026891 0.768076 0.200479 0.000059
0.041643 0.001546 0.162565 0.110866 0.457885 0.122878 0.102617
0.258623 0.003948 0.097959 0.216389 0.163285 0.254527 0.005268
0.005889 0.009027 0.002402 0.001010 0.919249 0.062312 0.000109
0.048137 0.001187 0.003702 0.002490 0.872375 0.064103 0.008006
0.019440 0.000202 0.057653 0.121448 0.703098 0.084609 0.013549
0.046163 0.000347 0.015396 0.661641 0.228480 0.044919 0.003054
0.015590 0.000661 0.065090 0.000706 0.004379 0.907645 0.005929
0.020423 0.001950 0.591966 0.017124 0.265924 0.100116 0.002496
0.027976 0.001476 0.106376 0.005992 0.619422 0.211570 0.027188
0.019962 0.005390 0.197140 0.057130 0.674370 0.042697 0.003311
0.017402 0.009625 0.256308 0.003144 0.587454 0.120349 0.005718
0.162242 0.000007 0.194226 0.454052 0.186840 0.001527 0.001105
0.299825 0.076881 0.362875 0.000806 0.004439 0.248266 0.006908
0.020134 0.010779 0.080191 0.638352 0.141972 0.106624 0.001948
0.006815 0.002468 0.081896 0.014590 0.822051 0.061348 0.010832
0.012428 0.015256 0.145306 0.084262 0.013725 0.674856 0.054166
0.349140 0.000789 0.019904 0.268030 0.176247 0.185620 0.000270
0.017575 0.001348 0.001016 0.003498 0.957707 0.009154 0.009703
0.001036 0.000433 0.028825 0.007194 0.032521 0.929702 0.000290
0.333499 0.004496 0.044801 0.442776 0.103451 0.049387 0.021590
0.017669 0.003160 0.013482 0.017490 0.621679 0.319907 0.006614
0.056233 0.004643 0.018400 0.245977 0.333289 0.337766 0.003691
0.024635 0.003368 0.071374 0.113790 0.688961 0.049242 0.048629
0.034885 0.026606 0.100357 0.103239 0.223881 0.510849 0.000183
0.000315 0.000050 0.039858 0.404271 0.506895 0.048151 0.000461
0.003554 0.000868 0.598376 0.167471 0.200987 0.020962 0.007782
0.015342 0.005069 0.013110 0.586928 0.293102 0.056260 0.030189
0.003586 0.000146 0.138087 0.711693 0.016506 0.073787 0.056195
0.060171 0.036990 0.203567 0.039069 0.085711 0.573516 0.000976
0.036650 0.007170 0.167615 0.022396 0.482792 0.224570 0.058809
0.056362 0.003171 0.149448 0.012000 0.397284 0.380770 0.000967
0.001656 0.014319 0.041952 0.000106 0.709872 0.231724 0.000372
0.029236 0.032051 0.213185 0.007653 0.560927 0.153441 0.003507
0.003476 0.020184 0.061814 0.000617 0.101783 0.702379 0.109748
0.041708 0.001361 0.016883 0.816444 0.115088 0.004436 0.004080
0.071344 0.002037 0.037924 0.649566 0.139821 0.086186 0.013122
0.049433 0.003045 0.017558 0.000043 0.732552 0.196667 0.000700
0.099802 0.006189 0.082306 0.540946 0.051006 0.214544 0.005207
0.001356 0.000182 0.009424 0.029076 0.956000 0.003668 0.000294
0.041238 0.006048 0.338724 0.000318 0.216717 0.390864 0.006091
0.042639 0.001269 0.199687 0.318224 0.008261 0.122231 0.307690
0.465369 0.005230 0.184631 0.091301 0.094226 0.150369 0.008874
0.016123 0.001218 0.105459 0.722660 0.078018 0.059514 0.017009
0.019679 0.000098 0.054268 0.238156 0.598252 0.061159 0.028388
0.118361 0.001298 0.065354 0.037105 0.280481 0.497366 0.000034
0.011261 0.002365 0.001333 0.112660 0.622651 0.247447 0.002283
0.127128 0.000046 0.246648 0.109901 0.459488 0.054793 0.001995
0.103908 0.015824 0.023620 0.106016 0.002886 0.747728 0.000017
0.023430 0.028018 0.097420 0.300254 0.022187 0.389486 0.139206
0.011942 0.000474 0.021912 0.089732 0.657900 0.164872 0.053168
0.237693 0.010925 0.085208 0.117647 0.143140 0.105950 0.299438
0.137066 0.000801 0.098134 0.002596 0.242619 0.509037 0.009746
0.037304 0.002305 0.083278 0.039772 0.454687 0.161065 0.221589
0.012016 0.000096 0.001597 0.001061 0.956281 0.028596 0.000354
0.088723 0.003513 0.023894 0.059793 0.705892 0.015644 0.102543
0.146218 0.000622 0.045550 0.668895 0.040576 0.083012 0.015126
0.015677 0.002614 0.179152 0.100458 0.468243 0.232956 0.000899
0.052435 0.001935 0.218495 0.197554 0.115307 0.412276 0.001998
0.014996 0.000062 0.006366 0.123725 0.223186 0.571342 0.060323
0.060084 0.000000 0.000879 0.008954 0.001292 0.909552 0.019238
0.087436 0.007810 0.428725 0.090619 0.060389 0.310247 0.014774
0.054795 0.001921 0.005831 0.119160 0.392917 0.424904 0.000472
0.103480 0.006147 0.041071 0.304416 0.169033 0.370103 0.005750
0.151764 0.005497 0.005440 0.474184 0.136616 0.225648 0.000851
0.375204 0.064324 0.246282 0.119735 0.070307 0.116575 0.007572
0.027348 0.001350 0.188158 0.036796 0.192668 0.360487 0.193194
0.091715 0.000060 0.141310 0.347739 0.028019 0.389167 0.001989
0.198970 0.000356 0.079559 0.041506 0.097843 0.466702 0.115064
0.070424 0.002604 0.010666 0.051934 0.549899 0.308606 0.005868
0.096076 0.001604 0.092626 0.175813 0.574243 0.041867 0.017771
0.121721 0.000556 0.018161 0.188144 0.563238 0.100144 0.008038
0.040963 0.000447 0.005428 0.054717 0.878344 0.010106 0.009994
0.022689 0.154230 0.454738 0.138928 0.051645 0.170217 0.007553
0.011336 0.000545 0.112657 0.003984 0.018820 0.849469 0.003187
0.160650 0.010990 0.375694 0.144806 0.204367 0.089270 0.014224
0.099015 0.000582 0.039303 0.009272 0.668547 0.178978 0.004304
0.117537 0.001564 0.033766 0.035796 0.644099 0.089056 0.078181
0.010468 0.010379 0.044146 0.001174 0.909672 0.020714 0.003447
0.000012 0.000026 0.002399 0.001232 0.087216 0.909095 0.000020
0.006525 0.000105 0.002625 0.014090 0.952766 0.011472 0.012415
0.021993 0.005475 0.214270 0.246658 0.281788 0.220442 0.009373
0.136783 0.007212 0.025915 0.193812 0.510282 0.084127 0.041869
0.042025 0.002767 0.035941 0.026727 0.510327 0.359270 0.022943
0.343954 0.006022 0.287366 0.137967 0.092047 0.078534 0.054110
0.022445 0.000278 0.213721 0.015484 0.021329 0.652103 0.074640
0.024923 0.001592 0.043095 0.013545 0.808420 0.030049 0.078376
0.568436 0.007645 0.014507 0.046579 0.082950 0.083689 0.196195
0.002581 0.001441 0.082368 0.235058 0.379771 0.019743 0.279039
0.074760 0.004399 0.107215 0.184893 0.089850 0.533484 0.005400
0.013221 0.000839 0.161627 0.037057 0.743763 0.042193 0.001300
0.036420 0.000264 0.126649 0.024437 0.598950 0.196188 0.017092
0.126610 0.010176 0.005591 0.810971 0.007294 0.028394 0.010965
0.069247 0.000275 0.170491 0.252388 0.150742 0.247689 0.109169
0.015909 0.002398 0.000933 0.622665 0.347557 0.008538 0.002001
0.094394 0.013783 0.069866 0.006599 0.198845 0.613477 0.003037
0.216797 0.005887 0.144858 0.128071 0.035026 0.185266 0.284095
0.178536 0.001135 0.236838 0.002277 0.049266 0.529832 0.002117
0.042025 0.000227 0.030158 0.233338 0.167569 0.525565 0.001118
0.004459 0.006936 0.015781 0.627025 0.026745 0.315409 0.003646
0.040479 0.000467 0.052194 0.260235 0.632995 0.012779 0.000852
0.024351 0.002335 0.055084 0.000256 0.032476 0.809957 0.075539
0.003351 0.023053 0.574009 0.088344 0.161908 0.145807 0.003528
0.038137 0.006662 0.009663 0.665671 0.147417 0.130719 0.001732
0.376981 0.002777 0.252057 0.038271 0.243570 0.079408 0.006935
0.000285 0.000019 0.001905 0.986308 0.009476 0.002002 0.000005
0.023963 0.000066 0.000403 0.965783 0.008019 0.001623 0.000143
0.001875 0.001921 0.024703 0.705423 0.214855 0.047752 0.003471
0.027866 0.000879 0.039330 0.096428 0.356838 0.081081 0.397578
0.006280 0.028779 0.016858 0.132307 0.742853 0.072056 0.000866
0.101216 0.000973 0.280910 0.157322 0.310179 0.095864 0.053536
0.078976 0.006852 0.077694 0.170519 0.515934 0.137253 0.012773
0.062957 0.003092 0.045074 0.184735 0.336281 0.360513 0.007348
0.084633 0.004916 0.066670 0.395649 0.282910 0.155240 0.009982
0.090772 0.000094 0.001525 0.717755 0.120051 0.069614 0.000188
0.090889 0.000070 0.027180 0.035346 0.714756 0.110905 0.020855
0.000305 0.000008 0.001135 0.971821 0.000369 0.026150 0.000213
0.003927 0.001007 0.427318 0.540895 0.015820 0.009332 0.001701
0.032361 0.002723 0.007484 0.180486 0.573961 0.200770 0.002215
0.083902 0.000659 0.123213 0.256216 0.038558 0.481939 0.015513
0.190721 0.003494 0.298416 0.036766 0.142392 0.278578 0.049634
0.049023 0.002226 0.146198 0.552068 0.085801 0.120968 0.043716
0.204950 0.345941 0.133438 0.001961 0.002293 0.190308 0.121110
0.016232 0.001898 0.016697 0.820398 0.107375 0.026226 0.011174
0.004964 0.003307 0.002637 0.001597 0.911212 0.071681 0.004602
0.001114 0.013845 0.102924 0.005518 0.320265 0.554139 0.002196
0.009191 0.012613 0.026024 0.029753 0.818489 0.102440 0.001489
0.486375 0.000350 0.040716 0.063945 0.255069 0.114734 0.038812
0.066433 0.002480 0.122706 0.175800 0.462575 0.153040 0.016965
0.047411 0.024194 0.463211 0.019753 0.024537 0.418978 0.001917
0.025481 0.004021 0.640645 0.216163 0.085817 0.020856 0.007018
0.038588 0.000768 0.056771 0.037385 0.501767 0.361934 0.002787
0.000111 0.000045 0.001233 0.000622 0.995633 0.001953 0.000402
0.012718 0.039570 0.159607 0.010835 0.330925 0.387309 0.059036
0.012704 0.000958 0.001834 0.792838 0.002767 0.188286 0.000612
0.220980 0.022496 0.018860 0.093258 0.416920 0.225205 0.002282
0.057155 0.000045 0.018039 0.000296 0.488684 0.434682 0.001100
0.080394 0.002233 0.372490 0.009543 0.251658 0.202576 0.081105
0.002940 0.003489 0.128092 0.182216 0.457754 0.219836 0.005672
0.357796 0.009389 0.053926 0.234156 0.256931 0.085369 0.002433
0.294280 0.003954 0.015080 0.031306 0.277777 0.349095 0.028508
0.008370 0.000775 0.034528 0.000305 0.914466 0.041199 0.000358
0.102329 0.000872 0.013180 0.336846 0.514865 0.021877 0.010031
0.012233 0.001873 0.059853 0.871547 0.012823 0.027292 0.014380
0.063966 0.033417 0.074916 0.026448 0.078600 0.255079 0.467575
0.010256 0.004365 0.459839 0.008862 0.256730 0.255935 0.004014
0.016808 0.001999 0.111976 0.001063 0.585514 0.282159 0.000481
0.010637 0.004555 0.256564 0.180974 0.151051 0.381569 0.014649
0.007850 0.010645 0.086349 0.715686 0.011527 0.119453 0.048490
0.012273 0.003084 0.206801 0.127888 0.396019 0.236988 0.016948
0.089587 0.003331 0.089990 0.183227 0.444266 0.179054 0.010545
0.074527 0.006257 0.112708 0.039791 0.544400 0.218347 0.003970
0.117369 0.010986 0.071351 0.010279 0.622090 0.131943 0.035982
0.002249 0.018930 0.325815 0.005025 0.512513 0.134673 0.000794
0.420622 0.003431 0.096486 0.001643 0.336670 0.141047 0.000101
0.008447 0.000833 0.072539 0.000606 0.543964 0.372240 0.001372
0.052162 0.021437 0.016729 0.023564 0.747155 0.129949 0.009004
0.026692 0.000348 0.028674 0.003269 0.891146 0.033717 0.016155
0.005963 0.005328 0.280011 0.016045 0.234942 0.452028 0.005684
0.052042 0.004374 0.042175 0.032909 0.791501 0.044089 0.032910
0.089701 0.002026 0.015864 0.035900 0.706413 0.134998 0.015097
0.002736 0.000529 0.030680 0.015223 0.947144 0.003548 0.000140
0.072343 0.001650 0.003022 0.719973 0.183260 0.009923 0.009829
0.072469 0.013898 0.033357 0.393994 0.020111 0.464781 0.001389
0.007795 0.027390 0.014487 0.000390 0.755574 0.194258 0.000106
0.364378 0.002202 0.007450 0.253173 0.320709 0.045519 0.006568
0.005622 0.002579 0.085285 0.437201 0.445817 0.014741 0.008756
0.020814 0.019192 0.089234 0.000290 0.016313 0.851769 0.002388
0.133755 0.000738 0.021540 0.002773 0.137251 0.703166 0.000777
0.000101 0.000011 0.002454 0.000009 0.982867 0.004180 0.010378
0.043622 0.003580 0.025775 0.014460 0.747816 0.161310 0.003438
0.066139 0.007636 0.026603 0.016417 0.797413 0.059580 0.026213
0.058276 0.089284 0.209494 0.011474 0.008991 0.621723 0.000757
0.134305 0.007910 0.230253 0.019247 0.347789 0.259121 0.001375
0.065772 0.006805 0.313819 0.038391 0.374077 0.171786 0.029351
0.018730 0.010100 0.011459 0.073344 0.860813 0.024262 0.001291
0.021575 0.001278 0.002332 0.949665 0.004830 0.018446 0.001873
0.008409 0.035370 0.082544 0.011040 0.388273 0.212209 0.262155
0.008708 0.000612 0.006260 0.007239 0.912667 0.048502 0.016013
0.402526 0.018259 0.242318 0.017711 0.183182 0.127634 0.008368
0.176769 0.048644 0.043385 0.011587 0.246368 0.470047 0.003199
0.053151 0.001141 0.064634 0.012236 0.814861 0.043525 0.010453
0.080430 0.001553 0.692267 0.069615 0.008890 0.053007 0.094237
0.000133 0.000010 0.013281 0.908119 0.025876 0.051293 0.001288
0.008119 0.001198 0.034544 0.247066 0.645053 0.060924 0.003097
0.126630 0.000762 0.014460 0.658172 0.173600 0.024296 0.002080
0.002199 0.001082 0.020497 0.114105 0.690211 0.170092 0.001815
0.013131 0.002494 0.056522 0.019493 0.760032 0.091738 0.056589
0.022335 0.000580 0.016127 0.039904 0.889852 0.022379 0.008823
0.488446 0.002972 0.022870 0.097488 0.260238 0.126783 0.001203
0.029744 0.027276 0.690330 0.003614 0.036850 0.211039 0.001148
0.000991 0.000475 0.003845 0.048430 0.833067 0.113116 0.000075
0.002980 0.001104 0.003745 0.022228 0.343740 0.621919 0.004285
0.004073 0.007972 0.068774 0.555994 0.201997 0.129565 0.031626
0.006176 0.000019 0.015089 0.000021 0.003135 0.942612 0.032948
0.041350 0.006344 0.096949 0.621813 0.112086 0.115355 0.006104
0.032451 0.033325 0.649850 0.004054 0.127522 0.117764 0.035034
0.033592 0.004500 0.010446 0.567388 0.225339 0.147320 0.011415
0.069668 0.011837 0.145695 0.068623 0.619991 0.062387 0.021800
0.308302 0.000022 0.007403 0.012343 0.045349 0.626207 0.000376
0.057388 0.000532 0.000613 0.003475 0.660861 0.236897 0.040234
0.011765 0.009169 0.248823 0.175171 0.511901 0.030827 0.012342
0.290362 0.000246 0.372173 0.157669 0.104603 0.073186 0.001760
0.764161 0.001223 0.034969 0.002348 0.178003 0.017028 0.002268
0.012750 0.000202 0.004225 0.939741 0.031299 0.011271 0.000513
0.009423 0.000119 0.154976 0.000032 0.564953 0.267270 0.003226
0.113838 0.217532 0.200688 0.087759 0.122385 0.233271 0.024528
0.090839 0.002089 0.048732 0.008330 0.323123 0.122816 0.404071
0.223397 0.000354 0.132431 0.006951 0.402693 0.018154 0.216021
0.036937 0.003852 0.110057 0.049711 0.253304 0.453573 0.092565
0.006238 0.010649 0.057678 0.013503 0.592999 0.122049 0.196884
0.608718 0.004394 0.082390 0.040990 0.096082 0.166252 0.001175
0.276696 0.005858 0.034664 0.019218 0.053696 0.140809 0.469058
0.008688 0.025778 0.170164 0.142748 0.486538 0.086281 0.079803
0.009730 0.001511 0.005633 0.030784 0.935469 0.012879 0.003994
0.010422 0.004892 0.208902 0.126194 0.159760 0.321827 0.168004
0.008053 0.018285 0.649153 0.001510 0.183884 0.121458 0.017657
0.019837 0.024980 0.060179 0.043433 0.088023 0.293664 0.469884
0.036516 0.000660 0.108786 0.502018 0.327317 0.003025 0.021677
0.025580 0.008652 0.020101 0.092845 0.705124 0.143369 0.004328
0.000689 0.000316 0.000183 0.000369 0.994039 0.003930 0.000474
0.000612 0.000439 0.070134 0.008383 0.584810 0.332151 0.003472
0.000660 0.000261 0.000967 0.005465 0.949246 0.043216 0.000185
0.011741 0.000033 0.034840 0.002775 0.903309 0.043726 0.003574
0.042354 0.011593 0.004697 0.011849 0.873088 0.056108 0.000312
0.006482 0.000014 0.000168 0.172711 0.782912 0.036459 0.001254
0.234647 0.005485 0.193472 0.030249 0.034759 0.315998 0.185389
0.429270 0.010617 0.032422 0.001549 0.181211 0.344590 0.000340
0.092737 0.012768 0.128640 0.003098 0.708907 0.050334 0.003515
0.028606 0.000048 0.122894 0.667797 0.025544 0.154824 0.000288
0.006424 0.000605 0.308220 0.021447 0.010502 0.024132 0.628670
0.002735 0.001306 0.003050 0.060947 0.920368 0.009455 0.002139
0.006262 0.000673 0.017139 0.010856 0.142145 0.822294 0.000631
0.026471 0.000103 0.030529 0.154318 0.021074 0.598467 0.169038
0.040832 0.001387 0.543660 0.000065 0.320329 0.090448 0.003279
0.028900 0.002448 0.044723 0.504510 0.176784 0.204985 0.037651
0.007361 0.000281 0.089675 0.003200 0.854974 0.033514 0.010995
0.002258 0.000399 0.002546 0.002316 0.988778 0.003599 0.000104
0.003310 0.000580 0.023514 0.096925 0.559153 0.316197 0.000321
0.116958 0.001651 0.070520 0.107521 0.080225 0.244034 0.379091
0.115150 0.001297 0.054543 0.086336 0.370707 0.134007 0.237961
0.659616 0.036992 0.009406 0.071311 0.144084 0.027582 0.051008
0.009531 0.010883 0.002305 0.697113 0.261003 0.018283 0.000881
0.021444 0.004576 0.031475 0.005025 0.528370 0.407379 0.001730
0.001669 0.000165 0.011139 0.020203 0.953368 0.004737 0.008720
0.168397 0.009224 0.158144 0.186701 0.028322 0.435270 0.013942
0.013281 0.000074 0.053212 0.000672 0.825148 0.028715 0.078897
0.007825 0.000361 0.026789 0.001178 0.850087 0.113505 0.000254
0.045944 0.002945 0.185677 0.037011 0.355025 0.370313 0.003085
0.040265 0.000462 0.003522 0.031871 0.878844 0.044251 0.000784
0.370841 0.000912 0.054188 0.021485 0.172709 0.377926 0.001939
0.014644 0.020239 0.398965 0.396715 0.054682 0.100687 0.014070
0.000913 0.000137 0.118849 0.001171 0.871560 0.002064 0.005306
0.038825 0.004733 0.086890 0.007556 0.204808 0.650225 0.006964
0.026328 0.040709 0.058751 0.063739 0.115149 0.551312 0.144012
0.072377 0.001451 0.123381 0.030140 0.422885 0.341025 0.008740
0.238939 0.000640 0.015914 0.532274 0.067937 0.013064 0.131231
0.058067 0.009394 0.354685 0.007063 0.090556 0.476839 0.003396
0.002688 0.000062 0.038355 0.000202 0.879230 0.078654 0.000808
0.005690 0.000790 0.033211 0.593635 0.319713 0.044383 0.002577
0.029243 0.000909 0.333013 0.012039 0.253374 0.369107 0.002317
0.118976 0.019973 0.535806 0.005598 0.113476 0.199132 0.007039
0.037183 0.000433 0.062691 0.002851 0.884471 0.010233 0.002137
0.021672 0.006100 0.025791 0.000181 0.852694 0.093357 0.000204
0.014629 0.003733 0.003093 0.034936 0.854522 0.086459 0.002628
0.001484 0.000332 0.012394 0.003620 0.405742 0.576242 0.000186
0.039918 0.006965 0.157774 0.004903 0.122374 0.664950 0.003115
0.025927 0.000224 0.009685 0.039485 0.274218 0.390818 0.259643
0.007296 0.011652 0.299090 0.079953 0.269577 0.015903 0.316529
0.051613 0.012261 0.051903 0.000584 0.853049 0.028766 0.001824
0.459849 0.002995 0.106598 0.007406 0.295422 0.127226 0.000505
0.044287 0.000421 0.002971 0.001612 0.255691 0.694986 0.000031
0.003508 0.005499 0.020798 0.001964 0.717041 0.250803 0.000388
0.002288 0.000236 0.006503 0.974716 0.014322 0.000385 0.001550
0.024785 0.001018 0.003318 0.042770 0.916341 0.010997 0.000770
0.003767 0.003270 0.006888 0.004514 0.305158 0.675783 0.000619
0.286000 0.054393 0.109645 0.046884 0.123594 0.378987 0.000498
0.070512 0.001378 0.005719 0.379876 0.115641 0.426051 0.000823
0.037540 0.015991 0.017281 0.067665 0.754085 0.078060 0.029379
0.351256 0.013362 0.326061 0.057707 0.025876 0.168846 0.056891
0.024158 0.016105 0.471537 0.039548 0.409911 0.037085 0.001656
0.146742 0.006201 0.015413 0.211146 0.395742 0.207135 0.017622
0.025733 0.001064 0.001055 0.012098 0.871622 0.088350 0.000079
0.014989 0.000534 0.033751 0.006393 0.038047 0.904017 0.002269
0.316432 0.004668 0.076221 0.338481 0.099026 0.135006 0.030165
0.030983 0.002716 0.026282 0.167219 0.687727 0.072020 0.013054
0.009830 0.003850 0.042574 0.108171 0.338798 0.494596 0.002180
0.052714 0.001712 0.211244 0.009598 0.010066 0.573729 0.140937
0.010564 0.002557 0.124934 0.022930 0.800959 0.027040 0.011015
0.004702 0.000701 0.011833 0.480851 0.359605 0.141980 0.000329
0.032597 0.000499 0.239857 0.002598 0.300986 0.410035 0.013428
0.010970 0.000048 0.146420 0.252956 0.309201 0.247577 0.032827
0.089529 0.003318 0.013738 0.212163 0.626494 0.023154 0.031604
0.045459 0.002373 0.036741 0.009605 0.491710 0.412409 0.001704
0.025045 0.000537 0.016292 0.585432 0.029394 0.338584 0.004716
0.088775 0.002674 0.028607 0.521613 0.128973 0.211449 0.017909
0.008780 0.000555 0.034306 0.649586 0.015054 0.276959 0.014759
0.010991 0.000514 0.209496 0.006014 0.498839 0.217392 0.056755
0.011380 0.001806 0.036543 0.193247 0.257590 0.492189 0.007245
0.050810 0.005415 0.020886 0.010931 0.820557 0.049830 0.041571
0.089578 0.001829 0.070969 0.027949 0.508423 0.178683 0.122568
0.003643 0.000416 0.035494 0.820479 0.082266 0.055574 0.002129
0.187875 0.010012 0.170800 0.000132 0.492891 0.041170 0.097119
0.022389 0.000846 0.055167 0.005941 0.856785 0.048404 0.010467
0.020013 0.002227 0.249235 0.268103 0.232180 0.226045 0.002197
0.074636 0.000017 0.433732 0.027107 0.360725 0.066784 0.036999
0.045642 0.040656 0.154711 0.067135 0.291059 0.377731 0.023065
0.059841 0.000185 0.001106 0.068735 0.755982 0.041584 0.072567
0.006012 0.000068 0.000317 0.007756 0.978210 0.006856 0.000782
0.070766 0.004066 0.591053 0.007384 0.234089 0.076855 0.015786
0.002163 0.001582 0.476287 0.014841 0.089330 0.376993 0.038805
0.176185 0.010834 0.035517 0.081153 0.019530 0.658488 0.018294
0.015786 0.000388 0.592096 0.016376 0.136183 0.169620 0.069550
0.027675 0.001020 0.139639 0.025413 0.126667 0.541705 0.137881
0.020655 0.011740 0.040186 0.070355 0.681422 0.173673 0.001968
0.044297 0.003594 0.105577 0.039518 0.284003 0.135346 0.387664
0.082072 0.000174 0.005864 0.217056 0.609057 0.052143 0.033635
0.015786 0.029364 0.156770 0.003362 0.075286 0.711246 0.008186
0.002551 0.002076 0.040840 0.617698 0.168621 0.026850 0.141364
0.028063 0.002453 0.088640 0.082015 0.655434 0.143039 0.000356
0.002286 0.010558 0.014838 0.102095 0.632197 0.186693 0.051332
0.054176 0.000451 0.103454 0.513107 0.158825 0.153910 0.016077
0.080549 0.000834 0.027768 0.727898 0.049320 0.050653 0.062977
0.005856 0.000555 0.033622 0.002743 0.750406 0.063733 0.143085
0.048785 0.000566 0.002680 0.000092 0.933913 0.013924 0.000040
0.023532 0.004202 0.298481 0.004294 0.364175 0.117758 0.187557
0.216160 0.001406 0.384322 0.001806 0.236014 0.091729 0.068563
0.077398 0.006694 0.120940 0.062308 0.061604 0.667793 0.003264
0.011639 0.000583 0.113242 0.000377 0.807936 0.065635 0.000587
0.023197 0.100254 0.146396 0.271718 0.295781 0.133908 0.028745
0.036902 0.000774 0.081036 0.452191 0.180690 0.080193 0.168214
0.010797 0.001920 0.025505 0.123108 0.645587 0.190872 0.002211
0.010267 0.000737 0.002781 0.009011 0.972431 0.004257 0.000516
0.009041 0.001583 0.013389 0.006473 0.891432 0.068243 0.009839
0.222945 0.016853 0.078749 0.400753 0.081335 0.182260 0.017105
0.004925 0.001360 0.020359 0.904691 0.026726 0.036083 0.005855
0.003008 0.001961 0.001837 0.026411 0.960759 0.005145 0.000880
0.025217 0.000109 0.008852 0.736558 0.158727 0.056258 0.014280
0.000004 0.000000 0.001864 0.151330 0.839001 0.007801 0.000000
0.014845 0.000870 0.037531 0.278700 0.630883 0.032401 0.004770
0.004928 0.002963 0.121636 0.003166 0.101558 0.126132 0.639618
0.001557 0.000084 0.009729 0.000155 0.125511 0.862948 0.000018
0.005009 0.000185 0.003876 0.109351 0.566569 0.302517 0.012491
0.026634 0.000755 0.022220 0.832000 0.093998 0.018868 0.005525
0.000402 0.000701 0.077383 0.004005 0.717101 0.193228 0.007180
0.009397 0.005932 0.169429 0.000664 0.751042 0.035604 0.027931
0.007978 0.004158 0.036524 0.003119 0.364931 0.542403 0.040886
0.020395 0.005715 0.040335 0.116716 0.287563 0.519608 0.009667
0.301839 0.002837 0.202357 0.052729 0.288231 0.149235 0.002771
0.016918 0.000322 0.011609 0.007746 0.928702 0.031473 0.003230
0.030470 0.001718 0.301607 0.028755 0.119451 0.516506 0.001494
0.275251 0.012373 0.046817 0.288446 0.300855 0.073414 0.002844
0.004447 0.001266 0.031338 0.009699 0.868790 0.039495 0.044964
0.851129 0.000229 0.021190 0.001149 0.038314 0.085169 0.002820
0.017197 0.001297 0.081395 0.687842 0.084117 0.126440 0.001712
0.026089 0.001145 0.010402 0.001794 0.886775 0.068012 0.005782
0.034787 0.000961 0.613664 0.006842 0.295085 0.048287 0.000373
0.121926 0.000890 0.203116 0.253647 0.226104 0.144268 0.050048
0.001384 0.000398 0.037637 0.139913 0.036436 0.781215 0.003017
0.011186 0.001015 0.003586 0.008398 0.947940 0.012623 0.015252
0.080846 0.003473 0.093097 0.003557 0.113074 0.705059 0.000894
0.112939 0.000513 0.299812 0.076656 0.292860 0.214082 0.003137
0.001467 0.000661 0.077398 0.019103 0.869745 0.030549 0.001075
0.044258 0.003559 0.022528 0.339108 0.208294 0.209982 0.172270
0.187119 0.005286 0.152917 0.156477 0.060248 0.432441 0.005512
0.010869 0.000069 0.001830 0.003521 0.674378 0.308963 0.000371
0.031742 0.007015 0.055891 0.051382 0.785050 0.068295 0.000624
0.572303 0.000093 0.006663 0.068718 0.343246 0.001452 0.007524
0.008708 0.007963 0.059614 0.482083 0.154439 0.282360 0.004833
0.004013 0.000010 0.000965 0.918856 0.075038 0.001111 0.000007
0.039934 0.004379 0.611167 0.061441 0.039063 0.228923 0.015093
0.004185 0.008119 0.024863 0.009967 0.241246 0.709795 0.001824
0.008238 0.004533 0.028622 0.771375 0.002425 0.112851 0.071956
0.075503 0.000124 0.137191 0.003485 0.184633 0.551673 0.047391
0.071832 0.002724 0.150244 0.176623 0.543649 0.039723 0.015205
0.024037 0.001074 0.118518 0.132869 0.331432 0.390475 0.001595
0.005559 0.000857 0.006677 0.142816 0.273035 0.570430 0.000627
0.036557 0.000243 0.098470 0.048614 0.457011 0.339425 0.019679
0.000146 0.000173 0.099904 0.013188 0.587430 0.297352 0.001806
0.071365 0.152469 0.189735 0.065438 0.280468 0.113448 0.127077
0.002624 0.000994 0.049739 0.185629 0.233361 0.523391 0.004261
0.055005 0.001289 0.446740 0.094763 0.126626 0.274125 0.001452
0.335920 0.002274 0.043241 0.080674 0.337132 0.195786 0.004973
0.030043 0.048604 0.007513 0.009345 0.885942 0.014606 0.003947
0.001877 0.001233 0.016652 0.035970 0.930439 0.010214 0.003615
0.040723 0.023653 0.215254 0.057699 0.150407 0.509757 0.002508
0.006358 0.021935 0.045545 0.000406 0.836079 0.082902 0.006775
0.004209 0.005390 0.008834 0.007339 0.946043 0.027929 0.000256
0.005978 0.000519 0.005465 0.029786 0.938102 0.018045 0.002106
0.008920 0.002334 0.022507 0.011237 0.596861 0.306166 0.051976
0.036086 0.000313 0.021527 0.021906 0.865375 0.033731 0.021062
0.019060 0.003005 0.003892 0.002979 0.872741 0.098028 0.000295
0.002418 0.000275 0.007266 0.013203 0.922382 0.029290 0.025166
0.001372 0.000240 0.008847 0.017693 0.892169 0.079372 0.000308
0.007790 0.000443 0.002661 0.005805 0.891523 0.091333 0.000445
0.021072 0.001713 0.024236 0.000530 0.101987 0.846671 0.003791
0.010666 0.001048 0.093654 0.003044 0.543927 0.341273 0.006387
0.025360 0.004988 0.509973 0.013392 0.053504 0.170059 0.222724
0.282340 0.001576 0.012187 0.015895 0.218800 0.372162 0.097039
0.001400 0.000105 0.099217 0.004668 0.624149 0.270247 0.000214
0.036672 0.010236 0.275912 0.159271 0.063647 0.389138 0.065124
0.002674 0.000769 0.015290 0.001001 0.952034 0.024573 0.003658
0.028762 0.000228 0.008609 0.001122 0.292416 0.668761 0.000102
0.005307 0.000228 0.002682 0.043920 0.944574 0.002335 0.000954
0.041793 0.005387 0.266322 0.089621 0.482517 0.090860 0.023500
0.098170 0.000901 0.041295 0.074967 0.325605 0.454457 0.004605
0.037796 0.004335 0.119169 0.001730 0.162910 0.673499 0.000559
0.043929 0.001785 0.677344 0.016601 0.139260 0.113007 0.008075
0.047209 0.000392 0.029022 0.007554 0.782907 0.130276 0.002639
0.157273 0.001586 0.113153 0.323262 0.163636 0.220349 0.020741
0.091139 0.007161 0.052372 0.005072 0.047568 0.790137 0.006551
0.349034 0.004741 0.183594 0.153896 0.138025 0.089018 0.081692
0.208377 0.006113 0.017209 0.040126 0.171552 0.555685 0.000937
0.059408 0.006551 0.218133 0.135554 0.435513 0.071129 0.073713
0.002783 0.001838 0.038373 0.000449 0.942576 0.013030 0.000951
0.009645 0.000298 0.046611 0.009901 0.922064 0.009016 0.002465
0.206144 0.181582 0.163511 0.014659 0.273104 0.125382 0.035619
0.049313 0.000252 0.017999 0.006808 0.121886 0.803626 0.000116
0.009094 0.000424 0.036960 0.007410 0.927118 0.014810 0.004185
0.027847 0.000191 0.440350 0.048115 0.383381 0.085528 0.014588
0.009441 0.013813 0.066944 0.003367 0.818846 0.016796 0.070793
0.002747 0.003363 0.031045 0.007369 0.939066 0.009977 0.006432
0.137336 0.000112 0.007435 0.451025 0.363288 0.040202 0.000602
0.381323 0.006597 0.254378 0.090597 0.077465 0.184309 0.005331
0.004089 0.000332 0.022556 0.005580 0.958356 0.008790 0.000298
0.001274 0.000039 0.023990 0.031092 0.027737 0.908514 0.007355
0.026822 0.000931 0.176694 0.040583 0.676131 0.077173 0.001664
0.186997 0.000439 0.000512 0.006006 0.316029 0.489987 0.000030
0.002410 0.000392 0.049829 0.081665 0.815100 0.047787 0.002818
0.043916 0.001362 0.076590 0.399416 0.197915 0.270119 0.010682
0.009069 0.003773 0.162574 0.119539 0.386949 0.028553 0.289543
0.176190 0.000101 0.175453 0.040982 0.082854 0.467991 0.056429
0.116381 0.007232 0.096848 0.022801 0.181065 0.377567 0.198105
0.068110 0.009033 0.154790 0.464885 0.048047 0.248074 0.007062
0.016891 0.032698 0.094175 0.008315 0.412144 0.426706 0.009071
0.152498 0.028742 0.164272 0.011594 0.358070 0.213222 0.071603
0.018215 0.005618 0.151195 0.562048 0.240985 0.019441 0.002498
0.005246 0.000090 0.002324 0.002705 0.983578 0.005342 0.000715
0.011614 0.002630 0.084699 0.327410 0.234124 0.328604 0.010918
0.000642 0.000960 0.366948 0.062536 0.001738 0.554798 0.012377
0.046571 0.000493 0.003661 0.004734 0.896285 0.048210 0.000046
0.101503 0.000380 0.030441 0.070120 0.271684 0.517903 0.007968
0.136490 0.016410 0.002733 0.014330 0.709001 0.118457 0.002579
0.105532 0.008755 0.189434 0.008016 0.373649 0.313112 0.001503
0.193888 0.003298 0.065897 0.085745 0.296198 0.300592 0.054382
0.236882 0.000699 0.045572 0.000802 0.320976 0.393500 0.001570
0.025440 0.000884 0.129970 0.004104 0.035459 0.789046 0.015097
0.099804 0.002203 0.149253 0.110022 0.444239 0.176909 0.017570
0.013499 0.000574 0.007905 0.847555 0.115811 0.014324 0.000331
0.121544 0.006172 0.114939 0.043442 0.620081 0.075634 0.018187
0.017549 0.000936 0.071954 0.005072 0.616282 0.117983 0.170225
0.072040 0.093172 0.034597 0.201612 0.329254 0.263604 0.005721
0.000455 0.000035 0.002622 0.002215 0.991422 0.001022 0.002230
0.496856 0.010501 0.075351 0.073522 0.192433 0.120566 0.030771
0.038561 0.001420 0.379308 0.000457 0.024316 0.554947 0.000991
0.061690 0.010519 0.068128 0.350852 0.390850 0.117929 0.000032
0.024915 0.020331 0.025159 0.003002 0.192675 0.733870 0.000048
0.357957 0.019395 0.356103 0.009506 0.188999 0.030884 0.037156
0.757133 0.008543 0.064601 0.059617 0.076324 0.031554 0.002229
0.336196 0.018891 0.135481 0.326650 0.070756 0.101975 0.010050
0.020474 0.017142 0.019981 0.007577 0.850635 0.083563 0.000627
0.020001 0.002013 0.109237 0.044711 0.746620 0.076303 0.001115
0.103687 0.014360 0.068493 0.156718 0.088984 0.541607 0.026151
0.071826 0.003167 0.596178 0.089742 0.117878 0.119543 0.001664
0.009340 0.005664 0.024732 0.862314 0.092488 0.004575 0.000887
0.001279 0.000375 0.000788 0.004106 0.979481 0.013563 0.000409
0.018990 0.005753 0.073244 0.048787 0.836457 0.011072 0.005697
0.144736 0.035545 0.009285 0.009491 0.729410 0.043513 0.028020
0.139304 0.014963 0.008362 0.555720 0.204747 0.063393 0.013511
0.042558 0.031990 0.230225 0.081742 0.253473 0.119687 0.240326
0.345678 0.001304 0.104419 0.094545 0.089133 0.342619 0.022302
0.007788 0.002531 0.331976 0.035513 0.293099 0.241024 0.088069
0.133554 0.000656 0.490868 0.021365 0.043156 0.308573 0.001828
0.257675 0.000586 0.059349 0.030638 0.320264 0.330413 0.001075
0.026674 0.016100 0.042521 0.014757 0.563259 0.333745 0.002944
0.206080 0.021872 0.001386 0.219977 0.485279 0.065345 0.000061
0.024663 0.003029 0.010936 0.001206 0.220138 0.738224 0.001805
0.000736 0.000101 0.006231 0.046003 0.927424 0.012179 0.007326
0.057831 0.000307 0.036187 0.051872 0.117430 0.723261 0.013112
0.000097 0.000060 0.049906 0.357769 0.565896 0.023939 0.002333
0.004855 0.000203 0.052781 0.856652 0.059515 0.025469 0.000525
0.056821 0.001736 0.339118 0.011729 0.135193 0.433385 0.022019
0.012664 0.000879 0.543665 0.057531 0.311735 0.025289 0.048237
0.030576 0.006411 0.073405 0.084535 0.474610 0.316316 0.014146
0.048708 0.006437 0.012750 0.006741 0.669921 0.179672 0.075771
0.100695 0.004204 0.019452 0.356087 0.395813 0.122476 0.001273
0.029413 0.009034 0.003813 0.895165 0.052480 0.009330 0.000765
0.199797 0.000393 0.054587 0.006769 0.680821 0.055679 0.001953
0.155964 0.000445 0.056863 0.005027 0.020728 0.742391 0.018582
0.012466 0.000273 0.050997 0.207369 0.019828 0.686693 0.022375
0.125914 0.030008 0.039882 0.079790 0.312740 0.305992 0.105675
0.553566 0.000888 0.030979 0.216467 0.033639 0.161914 0.002547
0.318884 0.007215 0.051366 0.036359 0.150437 0.430264 0.005474
0.014365 0.000327 0.217519 0.060560 0.148583 0.548383 0.010263
0.026755 0.023768 0.165462 0.082113 0.684482 0.011554 0.005866
0.003530 0.002079 0.030520 0.181647 0.698638 0.071886 0.011701
0.001255 0.000033 0.001934 0.000052 0.915124 0.080775 0.000827
0.094393 0.000654 0.026164 0.061877 0.798583 0.012754 0.005576
0.111323 0.020670 0.241484 0.003551 0.297185 0.295769 0.030017
0.009969 0.001112 0.009873 0.004141 0.935479 0.029217 0.010209
0.038460 0.004265 0.003946 0.022275 0.914120 0.014117 0.002817
0.145348 0.004729 0.013916 0.003752 0.178526 0.653175 0.000553
0.016718 0.001071 0.004913 0.035618 0.873609 0.067091 0.000982
0.061188 0.018416 0.084704 0.027689 0.363345 0.351852 0.092806
0.592535 0.016375 0.119271 0.034449 0.019705 0.214934 0.002731
0.013169 0.001130 0.019838 0.100640 0.790758 0.066232 0.008233
0.036689 0.017482 0.145885 0.288552 0.129129 0.381728 0.000535
0.018589 0.012336 0.214045 0.286967 0.292753 0.161725 0.013584
0.055875 0.000988 0.011136 0.614656 0.124103 0.190613 0.002628
0.227620 0.006161 0.414817 0.000927 0.056097 0.294162 0.000215
0.003366 0.004431 0.136700 0.002311 0.830408 0.016859 0.005926
0.078309 0.093811 0.088523 0.034519 0.063682 0.335207 0.305949
0.197769 0.001301 0.244815 0.075487 0.046217 0.383885 0.050527
0.094946 0.000397 0.081516 0.001166 0.713418 0.108460 0.000097
0.007075 0.000145 0.032460 0.015611 0.830443 0.113431 0.000835
0.000756 0.000038 0.000424 0.017581 0.801124 0.180012 0.000065
0.041642 0.018179 0.509543 0.037491 0.293802 0.079623 0.019719
0.921830 0.000291 0.011640 0.027812 0.023789 0.013686 0.000953
0.041878 0.011173 0.238605 0.010093 0.185397 0.481135 0.031719
0.031929 0.000581 0.101527 0.647283 0.054373 0.143377 0.020931
0.025243 0.004242 0.022863 0.629890 0.295650 0.013894 0.008218
0.013343 0.000058 0.054482 0.000788 0.010237 0.920292 0.000801
0.009172 0.000936 0.042652 0.075256 0.398000 0.110411 0.363573
0.012583 0.060125 0.062181 0.195258 0.126234 0.509430 0.034189
0.000747 0.001111 0.128437 0.021993 0.127492 0.036616 0.683604
0.202198 0.002088 0.003986 0.003024 0.215059 0.573189 0.000457
0.144256 0.011383 0.034809 0.002809 0.040209 0.765511 0.001023
0.113077 0.000108 0.011175 0.233013 0.593052 0.030854 0.018721
0.285850 0.000198 0.005853 0.002061 0.535705 0.170152 0.000180
0.055062 0.000507 0.006504 0.021916 0.766690 0.149198 0.000123
0.396118 0.015569 0.076856 0.025490 0.281273 0.202088 0.002606
0.004334 0.002793 0.006697 0.532428 0.300354 0.144173 0.009221
0.073116 0.004807 0.290278 0.111779 0.032992 0.380080 0.106949
0.011695 0.000714 0.002228 0.063074 0.845403 0.076542 0.000344
0.082916 0.001418 0.120324 0.014592 0.100585 0.679812 0.000354
0.045285 0.103258 0.046523 0.054906 0.594214 0.070249 0.085564
0.002855 0.003929 0.704585 0.006550 0.015017 0.209932 0.057132
0.003902 0.000759 0.004954 0.979103 0.005725 0.005499 0.000057
0.110127 0.011094 0.114434 0.020159 0.503772 0.236225 0.004188
0.361410 0.000426 0.009822 0.578725 0.033597 0.014740 0.001280
0.071754 0.001023 0.034399 0.232933 0.582887 0.070354 0.006651
0.030706 0.000181 0.127142 0.042874 0.650251 0.137300 0.011547
0.040104 0.023861 0.233134 0.272498 0.124807 0.300125 0.005471
0.034573 0.005581 0.018083 0.371188 0.407105 0.056613 0.106858
0.216088 0.000307 0.041796 0.411247 0.171844 0.128698 0.030020
0.124653 0.001029 0.047024 0.055478 0.526149 0.235425 0.010241
0.113826 0.012864 0.030399 0.068220 0.575068 0.170311 0.029312
0.211845 0.003574 0.072573 0.020666 0.185567 0.491957 0.013819
0.405230 0.000529 0.049732 0.239833 0.095121 0.204523 0.005031
0.011774 0.008500 0.089571 0.113316 0.309006 0.346530 0.121303
0.071907 0.001150 0.005069 0.333111 0.414695 0.173858 0.000210
0.094992 0.126236 0.029973 0.172697 0.281697 0.293823 0.000581
0.075239 0.000156 0.093893 0.001825 0.732463 0.093880 0.002544
0.012513 0.005404 0.091842 0.002696 0.633675 0.253681 0.000188
0.463448 0.002031 0.211601 0.264943 0.053991 0.003918 0.000068
0.094099 0.008288 0.035539 0.309405 0.418671 0.078179 0.055819
0.042548 0.004403 0.114507 0.001848 0.288049 0.541304 0.007342
0.399718 0.012553 0.034998 0.002987 0.367432 0.182055 0.000258
0.000536 0.000708 0.005918 0.000740 0.976201 0.012865 0.003033
0.043882 0.033365 0.311119 0.006398 0.413416 0.130176 0.061644
0.002410 0.010442 0.012292 0.000730 0.924636 0.040705 0.008783
0.026581 0.000489 0.045632 0.001799 0.775374 0.149842 0.000282
0.037391 0.001436 0.051586 0.011246 0.226567 0.670740 0.001035
0.030065 0.000662 0.254823 0.045672 0.323268 0.036492 0.309018
0.088666 0.001285 0.008219 0.042803 0.192075 0.655597 0.011356
0.130014 0.024075 0.100009 0.179628 0.025339 0.531369 0.009567
0.083063 0.005229 0.150077 0.008957 0.157940 0.550424 0.044309
0.107070 0.004068 0.267636 0.034576 0.166601 0.413668 0.006381
0.006811 0.001768 0.013592 0.778043 0.033310 0.162692 0.003784
0.017847 0.004242 0.049752 0.006539 0.878544 0.031991 0.011085
0.015503 0.120258 0.474170 0.031516 0.164677 0.180839 0.013037
0.096394 0.007199 0.052662 0.297207 0.498899 0.038414 0.009225
0.005954 0.000097 0.000906 0.397819 0.512862 0.070141 0.012221
0.176723 0.002003 0.063021 0.002875 0.399858 0.354959 0.000562
0.003215 0.001186 0.041195 0.068023 0.043360 0.688629 0.154392
0.090183 0.001812 0.068006 0.358280 0.058912 0.411733 0.011074
0.000495 0.000021 0.000155 0.002437 0.990105 0.006234 0.000552
0.001528 0.000607 0.251779 0.000254 0.019036 0.049309 0.677486
0.110830 0.018482 0.078963 0.034967 0.299634 0.454184 0.002941
0.013251 0.000149 0.000186 0.023246 0.957590 0.005522 0.000056
0.038638 0.000632 0.023957 0.216756 0.195350 0.496173 0.028494
0.002591 0.000112 0.003513 0.016251 0.685149 0.290318 0.002066
0.095748 0.001851 0.038070 0.000713 0.425550 0.437356 0.000713
0.047066 0.005521 0.002709 0.000157 0.919048 0.024750 0.000749
0.060416 0.000650 0.016811 0.013439 0.137277 0.771379 0.000027
0.013861 0.000084 0.038006 0.012659 0.469037 0.454213 0.012141
0.418535 0.000261 0.104543 0.033495 0.014652 0.236693 0.191820
0.001139 0.000065 0.200348 0.005110 0.646223 0.146382 0.000735
0.064094 0.000128 0.015837 0.426864 0.141545 0.340118 0.011414
0.027264 0.000739 0.375773 0.294667 0.163837 0.133122 0.004597
0.005172 0.001129 0.281833 0.257574 0.232837 0.218318 0.003137
0.025461 0.002200 0.002253 0.933513 0.020354 0.010218 0.006002
0.028494 0.008941 0.214651 0.084720 0.074438 0.586006 0.002751
0.018088 0.002618 0.017023 0.084793 0.817452 0.059473 0.000554
