0.015897 0.013092 0.383714 0.275199 0.002403 0.308822 0.000873
0.049148 0.014664 0.097651 0.326184 0.203367 0.303587 0.005399
0.003082 0.000365 0.563999 0.000208 0.007557 0.010348 0.414441
0.200080 0.034291 0.620408 0.003641 0.001598 0.043065 0.096918
0.053849 0.017168 0.038854 0.077010 0.217839 0.133882 0.461398
0.005793 0.000193 0.005665 0.006719 0.965331 0.006061 0.010238
0.000014 0.000020 0.005358 0.000140 0.000340 0.000079 0.994048
0.008217 0.016829 0.285345 0.009233 0.043533 0.009141 0.627702
0.003880 0.001305 0.277789 0.090799 0.046707 0.389381 0.190139
0.010192 0.021892 0.121199 0.011763 0.057246 0.092291 0.685417
0.047462 0.009531 0.081317 0.064713 0.647451 0.129875 0.019652
0.195748 0.010291 0.429742 0.120395 0.044416 0.167622 0.031785
0.932770 0.006574 0.005006 0.006392 0.030814 0.018114 0.000330
0.380683 0.034627 0.146520 0.298277 0.016542 0.049465 0.073886
0.033408 0.004708 0.874452 0.005410 0.066874 0.012255 0.002892
0.012832 0.002112 0.816281 0.056049 0.002209 0.110066 0.000451
0.001972 0.002256 0.486787 0.309149 0.029001 0.107317 0.063517
0.002451 0.001841 0.798954 0.006598 0.051547 0.095744 0.042865
0.006413 0.006255 0.252950 0.019709 0.002150 0.322097 0.390425
0.002914 0.001107 0.799880 0.011939 0.146102 0.028920 0.009137
0.009748 0.001336 0.078100 0.004254 0.869513 0.013974 0.023075
0.011863 0.034877 0.668774 0.000438 0.098758 0.136078 0.049211
0.126222 0.001489 0.009147 0.380280 0.425208 0.049343 0.008310
0.055945 0.000123 0.013967 0.677201 0.001682 0.000160 0.250922
0.000432 0.000654 0.035513 0.006175 0.566371 0.015092 0.375763
0.085715 0.202263 0.289101 0.020318 0.078813 0.294226 0.029564
0.182061 0.007531 0.145894 0.254943 0.143659 0.100273 0.165639
0.027760 0.003119 0.470690 0.002301 0.003339 0.004461 0.488330
0.336468 0.000295 0.147706 0.038833 0.099558 0.298015 0.079125
0.099821 0.002071 0.560801 0.170768 0.057795 0.095384 0.013360
0.005154 0.002289 0.202676 0.000624 0.002450 0.780407 0.006398
0.145726 0.011193 0.290263 0.058634 0.133952 0.347368 0.012864
0.000138 0.000850 0.053316 0.087320 0.401691 0.453602 0.003082
0.018440 0.005450 0.055874 0.467257 0.386724 0.028992 0.037263
0.002817 0.022635 0.038447 0.105366 0.771289 0.052859 0.006586
0.015130 0.000945 0.285907 0.354500 0.012324 0.273128 0.058065
0.060334 0.004779 0.171220 0.309505 0.160434 0.087350 0.206378
0.075929 0.002329 0.023847 0.004004 0.178006 0.713880 0.002004
0.000893 0.000058 0.892635 0.087306 0.010271 0.002435 0.006402
0.417462 0.006528 0.354992 0.002975 0.002865 0.151848 0.063330
0.009577 0.017108 0.028638 0.048503 0.001115 0.375790 0.519268
0.031630 0.000903 0.135836 0.172269 0.000956 0.000746 0.657659
0.278398 0.001974 0.030082 0.097178 0.188922 0.401144 0.002302
0.201792 0.009662 0.162341 0.038751 0.013963 0.559624 0.013867
0.219902 0.008699 0.256936 0.033110 0.456468 0.020932 0.003954
0.005282 0.004343 0.147359 0.564125 0.036569 0.235019 0.007303
0.009238 0.003033 0.066615 0.045961 0.111083 0.223725 0.540344
0.002098 0.000508 0.970101 0.004827 0.011120 0.009807 0.001538
0.069866 0.005080 0.833852 0.040165 0.011161 0.038683 0.001193
0.023190 0.001986 0.537524 0.015349 0.021649 0.399152 0.001149
0.062404 0.001510 0.670435 0.185426 0.013734 0.064724 0.001767
0.041716 0.000522 0.219746 0.001648 0.283278 0.178668 0.274422
0.008929 0.000219 0.004881 0.005257 0.022084 0.958423 0.000207
0.011165 0.000792 0.865684 0.002479 0.053734 0.048319 0.017827
0.006773 0.009108 0.072991 0.775173 0.066335 0.064097 0.005523
0.018750 0.012401 0.776353 0.038833 0.076572 0.009550 0.067542
0.264695 0.002971 0.421225 0.053600 0.158818 0.078612 0.020079
0.004806 0.000585 0.013389 0.024675 0.824306 0.125549 0.006690
0.065207 0.027579 0.824258 0.000616 0.003936 0.033093 0.045310
0.001820 0.000837 0.007250 0.936869 0.012511 0.039626 0.001088
0.170066 0.008050 0.414272 0.173974 0.085178 0.106565 0.041895
0.036507 0.011013 0.475183 0.275214 0.076574 0.114095 0.011414
0.130021 0.000372 0.741173 0.012653 0.025093 0.028168 0.062520
0.013403 0.001425 0.022246 0.883111 0.006163 0.014404 0.059248
0.026204 0.019662 0.014586 0.009454 0.220131 0.708589 0.001375
0.245008 0.001774 0.040335 0.115345 0.044400 0.192811 0.360327
0.004865 0.004335 0.898110 0.006667 0.005964 0.074448 0.005611
0.057790 0.024933 0.217154 0.190056 0.013653 0.490501 0.005913
0.038442 0.006252 0.066248 0.013884 0.588186 0.285430 0.001557
0.071463 0.005668 0.061212 0.736731 0.008422 0.115719 0.000785
0.072696 0.004569 0.093648 0.034663 0.105244 0.685346 0.003834
0.126397 0.000579 0.016218 0.089239 0.668695 0.098835 0.000037
0.045583 0.003768 0.007014 0.371758 0.403440 0.133489 0.034949
0.015817 0.000004 0.141699 0.800985 0.012731 0.007644 0.021120
0.273122 0.039820 0.162731 0.068487 0.220139 0.230407 0.005294
0.108881 0.003134 0.653783 0.004901 0.051461 0.044519 0.133322
0.002032 0.000670 0.072178 0.035679 0.017703 0.870975 0.000764
0.027256 0.003271 0.439046 0.480974 0.004016 0.044064 0.001373
0.013227 0.006236 0.028292 0.163454 0.053150 0.734392 0.001250
0.014348 0.000580 0.050200 0.835862 0.009173 0.087371 0.002466
0.030994 0.001372 0.046245 0.071305 0.455673 0.377112 0.017299
0.015736 0.001334 0.021795 0.886512 0.006525 0.068084 0.000013
0.024687 0.035886 0.175600 0.032757 0.133092 0.586858 0.011120
0.274215 0.000130 0.530749 0.090949 0.048456 0.007753 0.047746
0.001023 0.000185 0.010617 0.007010 0.015683 0.965318 0.000164
0.131213 0.052133 0.388308 0.013870 0.041778 0.355349 0.017349
0.002211 0.000614 0.072204 0.821796 0.047630 0.040714 0.014830
0.006375 0.001957 0.171417 0.009351 0.552136 0.251556 0.007208
0.214393 0.006110 0.242282 0.461195 0.003874 0.011219 0.060928
0.001359 0.000118 0.120433 0.002820 0.001330 0.002492 0.871447
0.183579 0.000363 0.603285 0.009018 0.026853 0.100310 0.076592
0.011341 0.000643 0.009381 0.045870 0.018992 0.901640 0.012133
0.040561 0.012998 0.086055 0.576913 0.113720 0.133684 0.036069
0.098498 0.001667 0.042082 0.062591 0.291914 0.500161 0.003087
0.004026 0.000382 0.683383 0.000920 0.092259 0.202762 0.016268
0.242277 0.002295 0.539423 0.040426 0.013058 0.159723 0.002799
0.023173 0.005244 0.066611 0.064178 0.227050 0.597129 0.016614
0.096069 0.000290 0.268593 0.155505 0.279174 0.065055 0.135314
0.024091 0.000015 0.224304 0.069496 0.189720 0.492001 0.000373
0.046890 0.007229 0.296090 0.423814 0.151734 0.043474 0.030768
0.041716 0.000522 0.219746 0.001648 0.283278 0.178668 0.274422
0.003203 0.000061 0.930387 0.017086 0.009905 0.039355 0.000002
0.008859 0.011999 0.438160 0.008354 0.000654 0.002559 0.529416
0.027509 0.000064 0.796965 0.027536 0.023413 0.124238 0.000275
0.000068 0.000073 0.998437 0.000445 0.000363 0.000504 0.000110
0.003028 0.000795 0.021597 0.010086 0.004451 0.959849 0.000194
0.395201 0.000425 0.209707 0.002736 0.334557 0.050975 0.006399
0.129566 0.002921 0.459811 0.049408 0.017829 0.010965 0.329500
0.003601 0.001018 0.422159 0.157172 0.077988 0.060290 0.277771
0.152931 0.000076 0.026500 0.003124 0.437663 0.032237 0.347468
0.036531 0.002060 0.401308 0.457306 0.045636 0.044218 0.012942
0.000712 0.001096 0.654387 0.149974 0.013698 0.175194 0.004939
0.004191 0.000149 0.010635 0.049936 0.897799 0.036792 0.000499
0.028157 0.002209 0.121698 0.079247 0.012260 0.720573 0.035856
0.281723 0.003020 0.345147 0.012309 0.112156 0.225441 0.020204
0.019880 0.001437 0.142271 0.013095 0.225903 0.572578 0.024836
0.020839 0.001441 0.291354 0.001433 0.049276 0.631639 0.004017
0.031502 0.000316 0.417396 0.285364 0.042659 0.052031 0.170732
0.010006 0.006215 0.090276 0.144500 0.624905 0.121523 0.002573
0.101445 0.004239 0.056779 0.140777 0.057568 0.619809 0.019383
0.001661 0.000479 0.010065 0.803577 0.139219 0.042494 0.002504
0.007826 0.001083 0.438585 0.223388 0.056113 0.024866 0.248139
0.014000 0.000122 0.803862 0.000162 0.008602 0.127947 0.045307
0.000002 0.000005 0.002022 0.000006 0.000021 0.000018 0.997926
0.628979 0.001516 0.010522 0.343008 0.011805 0.001710 0.002460
0.056905 0.003449 0.355302 0.012383 0.288152 0.200979 0.082829
0.212098 0.000363 0.127345 0.000350 0.003554 0.097752 0.558538
0.380892 0.000060 0.077891 0.083058 0.234394 0.043844 0.179862
0.096997 0.013664 0.185916 0.004728 0.606568 0.037490 0.054636
0.115203 0.000205 0.194847 0.163877 0.029782 0.059215 0.436872
0.023266 0.013749 0.050580 0.000238 0.310963 0.599927 0.001276
0.882890 0.000974 0.022882 0.016299 0.066931 0.008346 0.001678
0.217644 0.014542 0.378975 0.009058 0.040370 0.230767 0.108643
0.021563 0.063355 0.112139 0.256316 0.217107 0.328330 0.001190
0.021395 0.000382 0.037404 0.879080 0.011303 0.045240 0.005197
0.276893 0.014332 0.035281 0.081743 0.305925 0.272068 0.013758
0.139388 0.010248 0.010073 0.176379 0.007082 0.654576 0.002255
0.052541 0.003373 0.141035 0.037219 0.093642 0.031344 0.640845
0.022233 0.000110 0.031362 0.000464 0.059244 0.885936 0.000651
0.000068 0.000073 0.998437 0.000445 0.000363 0.000504 0.000110
0.113740 0.038295 0.098008 0.037540 0.003469 0.280196 0.428752
0.130108 0.013002 0.191683 0.035898 0.083091 0.338411 0.207807
0.099897 0.008193 0.760115 0.002848 0.048857 0.079635 0.000455
0.338853 0.001357 0.495797 0.034599 0.016380 0.020491 0.092522
0.035805 0.000473 0.265525 0.121966 0.145931 0.387660 0.042639
0.077136 0.003898 0.638776 0.107547 0.121713 0.029690 0.021239
0.405917 0.003905 0.077250 0.179996 0.010421 0.039193 0.283319
0.021593 0.000399 0.401231 0.021550 0.015426 0.537817 0.001984
0.000866 0.000364 0.230804 0.653872 0.058831 0.034269 0.020995
0.022908 0.000886 0.756272 0.001257 0.017228 0.080956 0.120493
0.001983 0.000161 0.467076 0.001982 0.001019 0.510403 0.017376
0.102285 0.004676 0.297538 0.121426 0.134483 0.007693 0.331899
0.005516 0.000020 0.043246 0.010138 0.133267 0.796417 0.011397
0.227938 0.061144 0.477851 0.074499 0.006786 0.133348 0.018434
0.008841 0.002674 0.869148 0.003286 0.003713 0.061987 0.050349
0.226389 0.004214 0.031218 0.224914 0.006266 0.505023 0.001975
0.509131 0.000859 0.026543 0.052281 0.120432 0.275818 0.014936
0.292532 0.001071 0.072760 0.131197 0.152046 0.348280 0.002114
0.015158 0.002504 0.685135 0.004037 0.042218 0.250811 0.000137
0.016922 0.000300 0.086452 0.070292 0.235941 0.587837 0.002255
0.087857 0.006848 0.672447 0.000837 0.147912 0.074482 0.009618
0.009947 0.000446 0.001266 0.010049 0.962463 0.015084 0.000746
0.891191 0.000004 0.000297 0.098745 0.009197 0.000532 0.000034
0.058416 0.000415 0.228722 0.195089 0.077097 0.430605 0.009656
0.005422 0.038162 0.697149 0.095518 0.013951 0.145132 0.004666
0.040751 0.004698 0.077881 0.169226 0.573861 0.107810 0.025774
0.317227 0.000453 0.010607 0.000416 0.351052 0.320009 0.000236
0.030835 0.003650 0.579491 0.033366 0.042216 0.276307 0.034134
0.000529 0.000044 0.915738 0.016434 0.001696 0.002269 0.063290
0.038835 0.028719 0.274724 0.200946 0.310064 0.101542 0.045170
0.135943 0.005205 0.442622 0.016815 0.018915 0.374779 0.005722
0.025477 0.003906 0.104291 0.002057 0.738516 0.083836 0.041917
0.017254 0.000574 0.243091 0.001370 0.370693 0.362151 0.004866
0.044102 0.008311 0.707774 0.007824 0.143860 0.082509 0.005621
0.762203 0.000789 0.026141 0.012929 0.177777 0.011474 0.008688
0.035737 0.000614 0.052801 0.327743 0.013304 0.569747 0.000054
0.205577 0.004488 0.565745 0.017059 0.123078 0.067029 0.017024
0.045299 0.001465 0.738934 0.029228 0.057197 0.118257 0.009621
0.338946 0.004919 0.322064 0.274800 0.011379 0.037425 0.010465
0.287814 0.213278 0.132214 0.291736 0.009355 0.006067 0.059537
0.223005 0.000989 0.075727 0.031337 0.068326 0.196320 0.404296
0.200065 0.010340 0.055987 0.006198 0.046495 0.674636 0.006279
0.002458 0.013320 0.320623 0.028342 0.062119 0.544877 0.028260
0.034327 0.006354 0.139403 0.069147 0.096362 0.173782 0.480624
0.013291 0.122326 0.280812 0.214331 0.126477 0.241818 0.000945
0.018578 0.002729 0.942115 0.001172 0.009263 0.022873 0.003272
0.074334 0.011606 0.640016 0.037994 0.038782 0.065787 0.131481
0.025040 0.000945 0.085931 0.004963 0.743730 0.137569 0.001822
0.145879 0.000923 0.023172 0.718616 0.055824 0.021268 0.034318
0.017493 0.009701 0.033158 0.005480 0.025671 0.907526 0.000972
0.008742 0.000226 0.151364 0.004151 0.006221 0.829182 0.000114
0.042187 0.002942 0.064549 0.130842 0.067927 0.688032 0.003521
0.882093 0.000110 0.035502 0.037478 0.012750 0.031118 0.000948
0.036743 0.000234 0.005328 0.087020 0.847241 0.022885 0.000551
0.068043 0.058072 0.506054 0.181504 0.027791 0.079731 0.078805
0.023536 0.001287 0.411833 0.005387 0.006877 0.547571 0.003509
0.003207 0.000284 0.735606 0.074633 0.087174 0.079192 0.019905
0.004715 0.001131 0.061579 0.003369 0.052516 0.018560 0.858131
0.050933 0.009126 0.055234 0.020060 0.121764 0.592717 0.150165
0.050383 0.011091 0.105170 0.731042 0.014359 0.076157 0.011797
0.018629 0.008937 0.813529 0.045420 0.060272 0.043432 0.009781
0.023912 0.001754 0.180168 0.631554 0.063742 0.089659 0.009211
0.025271 0.006796 0.125406 0.504314 0.013450 0.067479 0.257284
0.004043 0.026051 0.171287 0.314230 0.345092 0.136352 0.002945
0.008800 0.002270 0.404638 0.000116 0.208210 0.360958 0.015008
0.360494 0.053213 0.004078 0.275877 0.048545 0.257240 0.000553
0.031486 0.002546 0.335423 0.004847 0.046977 0.043904 0.534818
0.037040 0.001445 0.746865 0.027123 0.108680 0.069793 0.009054
0.071357 0.000198 0.074852 0.010594 0.009137 0.008054 0.825808
0.475705 0.000830 0.012655 0.442457 0.031679 0.028040 0.008634
0.000559 0.000054 0.007848 0.011106 0.873139 0.107083 0.000211
0.018330 0.001539 0.008853 0.934789 0.002278 0.033982 0.000229
0.007499 0.006215 0.039170 0.026618 0.139097 0.769530 0.011872
0.048935 0.000668 0.031843 0.783674 0.058648 0.073754 0.002478
0.046344 0.004534 0.463532 0.181517 0.047881 0.027764 0.228428
0.126034 0.000988 0.223366 0.008762 0.395260 0.241337 0.004253
0.029644 0.004001 0.330671 0.211267 0.001197 0.198386 0.224833
0.036736 0.026232 0.583351 0.005284 0.030944 0.128700 0.188752
0.197308 0.002439 0.005709 0.066549 0.054200 0.005764 0.668032
0.061154 0.007956 0.742108 0.112137 0.003089 0.068852 0.004703
0.002314 0.000151 0.213103 0.056751 0.217467 0.502346 0.007867
0.685713 0.019231 0.091861 0.198737 0.000599 0.002404 0.001455
0.084574 0.012093 0.403495 0.001649 0.052384 0.445520 0.000285
0.049418 0.002784 0.133389 0.415962 0.037289 0.266762 0.094397
0.004753 0.000287 0.154124 0.021738 0.000098 0.024062 0.794938
0.000108 0.000017 0.438933 0.001467 0.006747 0.029368 0.523359
0.105661 0.000117 0.362491 0.023360 0.003743 0.128345 0.376283
0.000119 0.000009 0.942432 0.000678 0.000711 0.044995 0.011057
0.770178 0.000777 0.025688 0.003099 0.106206 0.093800 0.000252
0.139701 0.000635 0.035090 0.680865 0.061017 0.010887 0.071804
0.001395 0.000438 0.991348 0.000177 0.000417 0.001304 0.004921
0.084140 0.002488 0.264596 0.524833 0.039760 0.082892 0.001292
0.000482 0.000480 0.873662 0.005315 0.003007 0.114620 0.002433
0.360572 0.002423 0.188009 0.060636 0.123813 0.154386 0.110161
0.002178 0.000340 0.411195 0.289741 0.077445 0.190089 0.029013
0.104883 0.001244 0.003928 0.003230 0.151799 0.734413 0.000503
0.004858 0.000713 0.477205 0.343033 0.073090 0.077702 0.023400
0.029508 0.005848 0.071786 0.000552 0.460029 0.427175 0.005101
0.000720 0.000322 0.008680 0.000729 0.976077 0.012977 0.000495
0.011943 0.000226 0.955836 0.027575 0.000620 0.001178 0.002621
0.008879 0.000881 0.351685 0.000867 0.012905 0.112309 0.512475
0.033236 0.006892 0.314893 0.375359 0.004677 0.231290 0.033653
0.067217 0.006073 0.171933 0.028206 0.650477 0.051489 0.024606
0.022317 0.000444 0.301558 0.009868 0.192359 0.440716 0.032738
0.010356 0.002363 0.427190 0.027632 0.034046 0.490214 0.008199
0.037785 0.000874 0.010454 0.810844 0.125335 0.011003 0.003705
0.005671 0.000584 0.049365 0.000144 0.729011 0.186462 0.028763
0.088344 0.000077 0.497881 0.026866 0.003323 0.043345 0.340164
0.036742 0.000239 0.019972 0.149856 0.000825 0.011643 0.780722
0.030182 0.005171 0.117643 0.028485 0.792292 0.018146 0.008081
0.021308 0.000176 0.013726 0.000248 0.024226 0.940103 0.000212
0.059043 0.001456 0.204414 0.181831 0.025789 0.461088 0.066379
0.043279 0.006496 0.238032 0.296051 0.041723 0.360325 0.014094
0.031373 0.000680 0.112612 0.018959 0.274765 0.496742 0.064868
0.126668 0.005324 0.014088 0.022291 0.221571 0.607555 0.002502
0.062880 0.004511 0.205179 0.051525 0.398286 0.228364 0.049255
0.601790 0.050393 0.071382 0.016132 0.167430 0.082105 0.010768
0.007363 0.001648 0.481827 0.111980 0.199568 0.194674 0.002940
0.027292 0.016294 0.533746 0.094834 0.034617 0.271720 0.021497
0.002289 0.017475 0.473095 0.275159 0.015650 0.201774 0.014558
0.023057 0.010267 0.520938 0.359164 0.006324 0.079267 0.000984
0.031945 0.003233 0.077772 0.001827 0.034799 0.847790 0.002633
0.024506 0.010725 0.609675 0.217228 0.087425 0.048934 0.001507
0.033893 0.000089 0.002776 0.826567 0.004024 0.131638 0.001014
0.186432 0.064179 0.197622 0.007025 0.204831 0.302443 0.037466
0.430113 0.014810 0.322628 0.004057 0.101408 0.102674 0.024310
0.051311 0.007151 0.026950 0.070405 0.329443 0.505718 0.009022
0.014782 0.026806 0.041244 0.008109 0.013350 0.894329 0.001380
0.117922 0.024960 0.249043 0.396497 0.035988 0.172625 0.002965
0.003630 0.006207 0.405508 0.001919 0.029860 0.374819 0.178056
0.081398 0.001132 0.383514 0.038144 0.046323 0.362012 0.087477
0.033453 0.000624 0.102748 0.033600 0.078327 0.749183 0.002064
0.032024 0.004692 0.785814 0.054697 0.066339 0.043429 0.013005
0.000309 0.000008 0.971376 0.001344 0.007813 0.018824 0.000326
0.054717 0.015394 0.285232 0.034999 0.204342 0.195780 0.209537
0.019658 0.013675 0.058828 0.208785 0.194396 0.474740 0.029919
0.048933 0.042194 0.241420 0.005794 0.023539 0.497439 0.140682
0.003166 0.000075 0.852001 0.000255 0.002660 0.126799 0.015044
0.397138 0.000586 0.092852 0.198198 0.265232 0.031561 0.014433
0.002911 0.000110 0.890974 0.015983 0.012980 0.075678 0.001364
0.023437 0.002596 0.215206 0.645319 0.048723 0.064159 0.000559
0.062803 0.010518 0.014010 0.546778 0.235140 0.129043 0.001708
0.252904 0.024884 0.149681 0.026800 0.162050 0.358647 0.025035
0.082187 0.086455 0.197412 0.059599 0.031903 0.540719 0.001725
0.007494 0.028030 0.099295 0.066696 0.001907 0.796370 0.000207
0.014339 0.005260 0.125806 0.008220 0.493370 0.348475 0.004529
0.042083 0.001718 0.422464 0.131793 0.077651 0.311647 0.012644
0.196860 0.039369 0.070689 0.064357 0.094595 0.316587 0.217543
0.769289 0.001494 0.118124 0.037971 0.003243 0.009355 0.060524
0.000884 0.000285 0.994011 0.002019 0.000612 0.002101 0.000089
0.081240 0.000082 0.869433 0.039312 0.000995 0.008469 0.000470
0.057807 0.014520 0.502578 0.033102 0.303770 0.021191 0.067032
0.012201 0.003213 0.115311 0.000233 0.604591 0.263603 0.000848
0.104640 0.003125 0.145730 0.001441 0.002297 0.742736 0.000031
0.353352 0.000072 0.129244 0.000578 0.000110 0.039300 0.477344
0.004382 0.000196 0.108969 0.002795 0.083830 0.786290 0.013539
0.125796 0.000838 0.052485 0.029247 0.227522 0.063320 0.500791
0.021786 0.001856 0.062120 0.710925 0.024435 0.133929 0.044949
0.414216 0.010895 0.001426 0.059845 0.157405 0.355330 0.000883
0.110520 0.000718 0.156865 0.160859 0.085449 0.072135 0.413454
0.031078 0.000616 0.293750 0.000535 0.072228 0.587748 0.014044
0.882856 0.009663 0.023662 0.054013 0.016880 0.010036 0.002891
0.310032 0.022317 0.166603 0.372766 0.006125 0.024466 0.097691
0.004723 0.000257 0.491388 0.141668 0.049388 0.265319 0.047257
0.029965 0.000166 0.009664 0.029491 0.093329 0.836973 0.000411
0.007255 0.000831 0.500600 0.096691 0.176732 0.186117 0.031774
0.002750 0.003282 0.042604 0.023777 0.333187 0.587264 0.007138
0.032262 0.007732 0.040531 0.065335 0.026599 0.034407 0.793134
0.174023 0.005901 0.063497 0.046722 0.364237 0.337090 0.008530
0.017937 0.001224 0.100774 0.655041 0.087443 0.129447 0.008135
0.006010 0.015485 0.813025 0.017257 0.020220 0.029304 0.098699
0.463043 0.006497 0.046934 0.055484 0.081169 0.342248 0.004624
0.103182 0.000589 0.091836 0.758433 0.023147 0.016952 0.005860
0.295337 0.001824 0.072137 0.025783 0.418501 0.178577 0.007840
0.002527 0.000010 0.040619 0.793702 0.029941 0.132955 0.000247
0.014249 0.002080 0.941280 0.003196 0.000755 0.003685 0.034754
0.092253 0.007485 0.698117 0.005960 0.071101 0.102224 0.022860
0.002764 0.000053 0.855815 0.004991 0.073272 0.050169 0.012936
0.045182 0.004333 0.391708 0.037547 0.007331 0.265624 0.248275
0.049088 0.001071 0.509657 0.000447 0.118060 0.261861 0.059815
0.855410 0.002313 0.027267 0.053061 0.002633 0.058643 0.000673
0.289311 0.001394 0.012284 0.426859 0.156169 0.113562 0.000419
0.009990 0.005310 0.274592 0.011858 0.575383 0.121429 0.001436
0.063525 0.001614 0.112363 0.315424 0.045501 0.007541 0.454033
0.006152 0.011260 0.065081 0.010086 0.252512 0.640823 0.014086
0.204191 0.008269 0.139310 0.239744 0.015973 0.256072 0.136441
0.104369 0.001565 0.478076 0.073766 0.076700 0.054219 0.211305
0.200232 0.005818 0.042698 0.268768 0.032576 0.446446 0.003462
0.210739 0.000174 0.786518 0.000857 0.001033 0.000601 0.000078
0.043103 0.000259 0.027338 0.053876 0.501468 0.352386 0.021570
0.007034 0.000332 0.007316 0.025638 0.017835 0.098624 0.843221
0.012393 0.011643 0.560674 0.044932 0.038325 0.030150 0.301882
0.766976 0.008658 0.024176 0.144193 0.027530 0.024789 0.003678
0.004773 0.000572 0.014472 0.950307 0.012736 0.015122 0.002018
0.036559 0.000542 0.164035 0.031698 0.216796 0.448400 0.101971
0.117285 0.000870 0.402890 0.014372 0.005092 0.010744 0.448748
0.003738 0.000321 0.029031 0.073421 0.078942 0.110800 0.703748
0.008115 0.003145 0.585069 0.067868 0.003351 0.052428 0.280023
0.009933 0.036915 0.597711 0.085198 0.059635 0.034474 0.176134
0.006403 0.000644 0.908392 0.011460 0.037954 0.018021 0.017126
0.000008 0.000003 0.015979 0.000788 0.000077 0.000060 0.983086
0.048307 0.000544 0.420081 0.000479 0.065563 0.437895 0.027130
0.000408 0.000086 0.996463 0.001104 0.000423 0.001481 0.000034
0.182909 0.004990 0.712434 0.053722 0.004497 0.018396 0.023053
0.004437 0.002404 0.730006 0.242688 0.005314 0.014068 0.001083
0.010627 0.000858 0.016017 0.026641 0.017283 0.922572 0.006001
0.001893 0.000095 0.227207 0.001635 0.030143 0.011047 0.727979
0.107183 0.047471 0.347577 0.018713 0.051784 0.281099 0.146172
0.010429 0.004712 0.070127 0.143718 0.193443 0.570272 0.007298
0.039490 0.000656 0.308127 0.105624 0.282157 0.227256 0.036689
0.062055 0.005819 0.332363 0.026567 0.219329 0.327551 0.026316
0.246857 0.002086 0.010847 0.560993 0.034347 0.062816 0.082054
0.104369 0.001565 0.478076 0.073766 0.076700 0.054219 0.211305
0.000234 0.000045 0.120481 0.000577 0.000004 0.000242 0.878418
0.409059 0.100277 0.040706 0.012884 0.280366 0.155942 0.000767
0.006107 0.000370 0.153560 0.001972 0.173526 0.661133 0.003332
0.099211 0.016126 0.024998 0.007290 0.119566 0.062820 0.669990
0.247491 0.000899 0.515596 0.020169 0.068278 0.146913 0.000653
0.028561 0.000649 0.815830 0.024716 0.037702 0.057785 0.034757
0.019330 0.000116 0.097358 0.250533 0.029447 0.512885 0.090331
0.018097 0.000038 0.725816 0.002055 0.003778 0.007534 0.242683
0.032764 0.001876 0.013704 0.002615 0.440894 0.507761 0.000386
0.013357 0.001547 0.052409 0.005112 0.230360 0.695203 0.002012
0.049415 0.005777 0.025311 0.196183 0.241015 0.480336 0.001963
0.218030 0.001521 0.000454 0.444897 0.251847 0.082381 0.000871
0.091515 0.021033 0.072044 0.010033 0.039724 0.749722 0.015928
0.009854 0.001600 0.049439 0.084823 0.043088 0.809972 0.001223
0.076948 0.004847 0.129641 0.035389 0.314019 0.369832 0.069325
0.340962 0.024214 0.088533 0.190671 0.064014 0.051976 0.239632
0.021126 0.002322 0.531431 0.015743 0.119538 0.236931 0.072908
0.123080 0.002837 0.259079 0.010043 0.024495 0.578931 0.001534
0.137927 0.151713 0.194594 0.005205 0.065262 0.104933 0.340365
0.014474 0.113875 0.311489 0.059906 0.089387 0.404911 0.005959
0.073418 0.001133 0.097404 0.022613 0.011955 0.448185 0.345291
0.674493 0.006426 0.011903 0.122420 0.011450 0.167807 0.005501
0.148867 0.005084 0.107006 0.354908 0.079182 0.155490 0.149463
0.011341 0.000643 0.009381 0.045870 0.018992 0.901640 0.012133
0.145323 0.000549 0.200004 0.011352 0.317344 0.316794 0.008633
0.039975 0.004867 0.192254 0.100767 0.177186 0.455739 0.029212
0.445198 0.004208 0.029713 0.409089 0.053320 0.057185 0.001287
0.028505 0.007721 0.121194 0.009202 0.077687 0.363465 0.392225
0.025260 0.000161 0.523344 0.155256 0.180943 0.027363 0.087673
0.077371 0.001071 0.058508 0.000626 0.081101 0.780885 0.000438
0.011742 0.000982 0.896009 0.000201 0.012128 0.027654 0.051284
0.270808 0.005017 0.579851 0.014224 0.024020 0.039245 0.066835
0.017014 0.000707 0.849011 0.000844 0.002013 0.123554 0.006857
0.010332 0.000191 0.001930 0.000383 0.968095 0.016526 0.002543
0.473571 0.028587 0.236254 0.012724 0.006531 0.230877 0.011457
0.006972 0.000090 0.004722 0.002149 0.031988 0.000997 0.953080
0.028682 0.000967 0.068782 0.004750 0.074538 0.034155 0.788126
0.148954 0.001194 0.468886 0.046706 0.030824 0.296367 0.007070
0.437992 0.001623 0.095387 0.015669 0.050859 0.384218 0.014252
0.170639 0.014826 0.031479 0.347204 0.191456 0.219054 0.025343
0.025233 0.003846 0.625839 0.000694 0.021571 0.196626 0.126191
0.029685 0.006792 0.832755 0.013653 0.001572 0.100392 0.015150
0.015057 0.008287 0.335683 0.008190 0.000441 0.023410 0.608932
0.120520 0.052341 0.004884 0.006979 0.055598 0.759612 0.000066
0.006847 0.000028 0.824946 0.001736 0.000223 0.001553 0.164666
0.120058 0.012240 0.129139 0.070804 0.180204 0.458942 0.028613
0.317295 0.009976 0.159483 0.029939 0.458396 0.014390 0.010521
0.005752 0.002297 0.467766 0.004673 0.239446 0.069406 0.210661
0.009281 0.000031 0.113911 0.013457 0.125935 0.694440 0.042945
0.030733 0.001272 0.177260 0.097605 0.082579 0.111400 0.499150
0.015872 0.001855 0.008197 0.025510 0.431660 0.512449 0.004457
0.108484 0.000185 0.149726 0.019131 0.020003 0.701897 0.000574
0.008203 0.000095 0.035613 0.000268 0.025073 0.002755 0.927992
0.054875 0.000470 0.080066 0.008751 0.093330 0.740159 0.022350
0.002610 0.000068 0.530892 0.000767 0.006003 0.049330 0.410330
0.196687 0.002294 0.044158 0.033759 0.067720 0.652669 0.002713
0.001036 0.000013 0.022007 0.000195 0.000549 0.001223 0.974978
0.000758 0.023338 0.119738 0.001264 0.180447 0.282048 0.392407
0.004482 0.003334 0.959638 0.003921 0.005292 0.023224 0.000109
0.110199 0.014039 0.056431 0.214948 0.212679 0.361721 0.029984
0.095739 0.004390 0.453574 0.001421 0.067106 0.042426 0.335344
0.007092 0.000222 0.746247 0.018199 0.034052 0.138712 0.055476
0.272648 0.021784 0.292462 0.072774 0.193419 0.146007 0.000906
0.082311 0.000382 0.204842 0.401111 0.001834 0.002824 0.306695
0.028778 0.001120 0.286915 0.001924 0.403640 0.135536 0.142088
0.285384 0.005420 0.169197 0.004857 0.031315 0.483871 0.019957
0.059101 0.001208 0.020410 0.069886 0.324650 0.461887 0.062859
0.013903 0.005714 0.086603 0.503159 0.154585 0.088491 0.147544
0.013291 0.000781 0.258077 0.271400 0.248492 0.207258 0.000701
0.005912 0.000443 0.188187 0.340254 0.024417 0.125679 0.315107
0.000499 0.000020 0.965821 0.000198 0.001284 0.028958 0.003221
0.120016 0.000173 0.075545 0.155831 0.471863 0.162788 0.013783
0.000696 0.000018 0.964493 0.000083 0.000876 0.029589 0.004245
0.110848 0.021574 0.150962 0.060603 0.040029 0.615213 0.000770
0.405471 0.029693 0.411019 0.041756 0.023797 0.072696 0.015567
0.004521 0.005399 0.177373 0.004125 0.422522 0.382825 0.003235
0.028246 0.002276 0.011666 0.858395 0.000935 0.000493 0.097988
0.006644 0.000121 0.124652 0.002085 0.000229 0.000588 0.865681
0.001362 0.000123 0.996643 0.000129 0.000094 0.000213 0.001436
0.046995 0.007714 0.052283 0.114997 0.018308 0.759111 0.000592
0.002795 0.001273 0.777187 0.026487 0.001517 0.009681 0.181060
0.002757 0.000441 0.020415 0.000068 0.002503 0.002140 0.971676
0.157550 0.004558 0.740487 0.049929 0.000540 0.045093 0.001844
0.000422 0.000093 0.771801 0.000399 0.005748 0.218234 0.003305
0.010026 0.000415 0.009690 0.000051 0.921127 0.058267 0.000423
0.024093 0.001524 0.764944 0.008853 0.004976 0.192866 0.002744
0.008632 0.000067 0.000542 0.900978 0.050249 0.038619 0.000913
0.034738 0.000043 0.368449 0.000237 0.033816 0.004563 0.558154
0.012903 0.000775 0.956378 0.000157 0.004915 0.019189 0.005683
0.269229 0.003099 0.163698 0.005320 0.274839 0.250538 0.033278
0.295011 0.023862 0.019058 0.387886 0.127643 0.141735 0.004806
0.070517 0.010782 0.585354 0.067510 0.101133 0.161303 0.003401
0.469825 0.000131 0.010708 0.000285 0.479869 0.032536 0.006647
0.178757 0.033502 0.485769 0.004587 0.014988 0.270256 0.012142
0.026508 0.001843 0.016596 0.282146 0.401830 0.236043 0.035033
0.041603 0.032603 0.097539 0.054420 0.427754 0.321476 0.024605
0.018353 0.000280 0.465571 0.006422 0.039321 0.464762 0.005292
0.039500 0.004828 0.461884 0.006727 0.030950 0.451544 0.004566
0.014249 0.002080 0.941280 0.003196 0.000755 0.003685 0.034754
0.035900 0.001134 0.003844 0.000124 0.302263 0.656720 0.000015
0.219883 0.001969 0.097818 0.039018 0.469878 0.163713 0.007721
0.537549 0.016862 0.348648 0.025705 0.004599 0.060800 0.005836
0.366251 0.016240 0.113413 0.071451 0.007031 0.413374 0.012241
0.271327 0.010253 0.190504 0.174336 0.016741 0.326472 0.010366
0.016839 0.135317 0.081695 0.001033 0.653306 0.108187 0.003624
0.007398 0.000159 0.049833 0.602023 0.003938 0.335356 0.001292
0.424118 0.002499 0.124936 0.000240 0.017364 0.428945 0.001899
0.012792 0.010689 0.588556 0.120640 0.050394 0.194600 0.022328
0.067451 0.000518 0.042399 0.103307 0.573828 0.212272 0.000225
0.038243 0.086543 0.109713 0.092442 0.165723 0.156838 0.350499
0.035509 0.004605 0.221400 0.001565 0.512907 0.192489 0.031526
0.571393 0.000732 0.014822 0.057993 0.146502 0.201053 0.007503
0.080957 0.001607 0.114832 0.354089 0.114280 0.333933 0.000303
0.124221 0.005326 0.059899 0.027061 0.106832 0.304615 0.372046
0.015150 0.007571 0.723024 0.064935 0.082415 0.073504 0.033400
0.175551 0.034875 0.477928 0.003490 0.020206 0.218491 0.069459
0.057368 0.020702 0.022160 0.568573 0.001392 0.329747 0.000057
0.013595 0.000291 0.734692 0.020190 0.036126 0.158883 0.036223
0.530432 0.019147 0.094280 0.001374 0.204856 0.144471 0.005441
0.013080 0.000423 0.165863 0.025377 0.648794 0.095086 0.051377
0.036409 0.001117 0.044250 0.699592 0.010694 0.192272 0.015665
0.024252 0.001222 0.717259 0.020600 0.079214 0.156970 0.000482
0.010631 0.021642 0.501824 0.082254 0.264721 0.101705 0.017224
0.553509 0.005258 0.220424 0.088156 0.018819 0.048557 0.065277
0.002684 0.000029 0.054658 0.287779 0.001706 0.073378 0.579766
0.057249 0.003646 0.204429 0.015951 0.071098 0.637840 0.009787
0.081302 0.000783 0.467453 0.005202 0.157428 0.287147 0.000684
0.238755 0.001522 0.359395 0.028101 0.005858 0.044396 0.321973
0.066835 0.008128 0.163359 0.027554 0.501644 0.187704 0.044776
0.051045 0.002404 0.063842 0.080447 0.458885 0.334176 0.009201
0.032096 0.000466 0.026480 0.007079 0.177426 0.753643 0.002811
0.001197 0.001282 0.987430 0.000188 0.002195 0.007660 0.000048
0.017307 0.322420 0.105716 0.100031 0.042972 0.410358 0.001196
0.000621 0.003289 0.951384 0.000279 0.006322 0.036247 0.001859
0.195880 0.042104 0.481026 0.025330 0.018616 0.068695 0.168349
0.241906 0.013402 0.057759 0.055083 0.280028 0.263826 0.087996
0.692536 0.000404 0.148216 0.135346 0.012779 0.007083 0.003637
0.005790 0.000109 0.311438 0.004064 0.192100 0.010922 0.475577
0.175362 0.001716 0.256844 0.028162 0.031012 0.103773 0.403132
0.013809 0.003275 0.693428 0.018706 0.059217 0.037872 0.173692
0.440008 0.000264 0.426270 0.018998 0.014629 0.099276 0.000556
0.025157 0.000445 0.184426 0.191798 0.016682 0.236445 0.345047
0.014876 0.001236 0.186558 0.192491 0.304930 0.156165 0.143745
0.303432 0.042770 0.091562 0.018709 0.206613 0.303923 0.032991
0.334477 0.005395 0.235236 0.111148 0.000910 0.016767 0.296068
0.070828 0.000989 0.265103 0.020146 0.071107 0.041744 0.530083
0.019194 0.011929 0.070262 0.009926 0.021398 0.125112 0.742179
0.293037 0.007978 0.172542 0.262799 0.013772 0.205705 0.044167
0.102470 0.011338 0.179378 0.001569 0.687867 0.016457 0.000921
0.079015 0.000041 0.075814 0.000462 0.816955 0.019245 0.008469
0.918980 0.003381 0.013398 0.028137 0.004877 0.031171 0.000057
0.255762 0.003401 0.365386 0.025744 0.049655 0.295972 0.004080
0.242983 0.001131 0.148513 0.034461 0.292691 0.278307 0.001915
0.018894 0.000107 0.025225 0.025251 0.012970 0.004044 0.913508
0.179350 0.011378 0.345735 0.254407 0.080808 0.064805 0.063518
0.003508 0.000003 0.010963 0.190989 0.017136 0.007333 0.770068
0.013211 0.000044 0.686942 0.010021 0.062622 0.211989 0.015172
0.013347 0.003254 0.192899 0.276947 0.139457 0.369537 0.004558
0.083234 0.000904 0.142935 0.013727 0.061752 0.676860 0.020587
0.167518 0.001681 0.078485 0.568362 0.019800 0.096912 0.067242
0.002195 0.001103 0.155139 0.001522 0.118963 0.712653 0.008426
0.025296 0.000137 0.642336 0.000071 0.088241 0.240405 0.003514
0.400752 0.010871 0.277796 0.016956 0.046869 0.191338 0.055418
0.034326 0.005212 0.381316 0.009077 0.011797 0.041946 0.516326
0.061572 0.002236 0.232605 0.010249 0.438576 0.038567 0.216196
0.000162 0.000009 0.663259 0.072754 0.002778 0.013459 0.247579
0.330095 0.013792 0.081623 0.093784 0.121157 0.354178 0.005371
0.008856 0.001935 0.470402 0.020827 0.024240 0.472055 0.001685
0.106699 0.000037 0.015830 0.871966 0.005065 0.000226 0.000177
0.000001 0.000001 0.000812 0.000071 0.000009 0.000127 0.998978
0.068075 0.005352 0.148869 0.004813 0.417321 0.302232 0.053338
0.577574 0.000084 0.025137 0.113870 0.127151 0.154070 0.002114
0.005870 0.000288 0.075922 0.003064 0.024187 0.841011 0.049659
0.030669 0.096598 0.463963 0.019459 0.030355 0.089764 0.269191
0.069787 0.000817 0.221359 0.007127 0.293947 0.405024 0.001939
0.212427 0.000848 0.166437 0.458203 0.075171 0.073873 0.013041
0.053587 0.000094 0.012673 0.303119 0.004649 0.015208 0.610669
0.015452 0.002453 0.416843 0.463070 0.029655 0.068122 0.004405
0.028308 0.002998 0.441024 0.005063 0.054344 0.087498 0.380765
0.044205 0.003268 0.381576 0.231847 0.189193 0.145411 0.004500
0.003727 0.006740 0.719298 0.004903 0.120616 0.121500 0.023216
0.265815 0.001227 0.169586 0.264136 0.117406 0.043792 0.138039
0.002439 0.000717 0.009306 0.001326 0.611602 0.373940 0.000671
0.159022 0.005918 0.525108 0.014367 0.090386 0.091035 0.114163
0.145427 0.001381 0.514296 0.187139 0.045937 0.104852 0.000969
0.120525 0.016109 0.548610 0.020770 0.061246 0.158353 0.074387
0.070669 0.008961 0.101605 0.037849 0.024899 0.219052 0.536964
0.001481 0.000176 0.011396 0.286098 0.009350 0.690476 0.001023
0.003728 0.000346 0.006441 0.025575 0.000806 0.032985 0.930118
0.407782 0.007601 0.125231 0.005849 0.215483 0.237376 0.000679
0.111273 0.004409 0.079888 0.006090 0.692709 0.085142 0.020489
0.195154 0.002547 0.223916 0.178643 0.041355 0.358269 0.000117
0.028297 0.001895 0.536313 0.026591 0.096698 0.016279 0.293927
0.002178 0.004837 0.692075 0.256817 0.002098 0.038760 0.003235
0.045528 0.000302 0.004151 0.608502 0.261863 0.077207 0.002446
0.006709 0.006366 0.052374 0.005146 0.001459 0.007638 0.920308
0.084023 0.007072 0.255860 0.025573 0.261161 0.049886 0.316424
0.019738 0.000182 0.020859 0.310457 0.505099 0.137620 0.006045
0.123857 0.085600 0.386458 0.025391 0.038458 0.195692 0.144543
0.003381 0.001641 0.078909 0.015492 0.700444 0.192803 0.007329
0.003219 0.000027 0.015808 0.003210 0.947169 0.029826 0.000740
0.027157 0.008422 0.130478 0.001467 0.034216 0.797613 0.000647
0.028572 0.000365 0.392518 0.000823 0.002947 0.325734 0.249041
0.014559 0.001699 0.812260 0.008953 0.053163 0.109051 0.000314
0.081596 0.016484 0.071096 0.112337 0.010248 0.702133 0.006107
0.002365 0.000519 0.045559 0.005781 0.010451 0.935011 0.000314
0.094986 0.017376 0.145815 0.350302 0.005781 0.080462 0.305278
0.040894 0.052565 0.544988 0.142632 0.014543 0.050153 0.154226
0.105150 0.000320 0.314918 0.000002 0.005526 0.574071 0.000014
0.000095 0.004851 0.980932 0.000839 0.005681 0.007437 0.000164
0.003589 0.000504 0.948971 0.003617 0.026845 0.015760 0.000714
0.013544 0.000126 0.046836 0.000913 0.304420 0.082609 0.551551
0.105237 0.021576 0.408525 0.069182 0.062703 0.282144 0.050634
0.677995 0.001165 0.050984 0.136339 0.059831 0.070909 0.002777
0.003356 0.005078 0.127675 0.011238 0.010683 0.025850 0.816120
0.005775 0.000318 0.107740 0.002212 0.021658 0.835425 0.026872
0.610289 0.003098 0.197112 0.002298 0.078083 0.008476 0.100645
0.021113 0.002774 0.172872 0.013400 0.260060 0.526751 0.003030
0.001173 0.000704 0.291833 0.000985 0.649679 0.055466 0.000161
0.225788 0.012573 0.364826 0.015846 0.317282 0.037877 0.025808
0.430708 0.014839 0.076342 0.001350 0.191865 0.284237 0.000660
0.033389 0.000214 0.370639 0.004677 0.006708 0.291690 0.292684
0.003885 0.000008 0.935253 0.000035 0.000501 0.037838 0.022480
0.017451 0.000183 0.022351 0.524193 0.385740 0.041607 0.008475
0.013719 0.007639 0.483635 0.031740 0.080019 0.045102 0.338146
0.493008 0.031508 0.165315 0.202904 0.060453 0.040736 0.006075
0.047403 0.035315 0.127622 0.002922 0.523768 0.257446 0.005525
0.623380 0.005992 0.052910 0.215482 0.001992 0.028151 0.072093
0.418263 0.014843 0.026051 0.208983 0.068705 0.261073 0.002081
0.001649 0.011337 0.443881 0.028049 0.001928 0.007696 0.505460
0.009930 0.001888 0.590740 0.005833 0.174514 0.144036 0.073059
0.034940 0.017279 0.819915 0.041744 0.005315 0.075169 0.005638
0.007027 0.000184 0.500963 0.004279 0.259249 0.165657 0.062641
0.321847 0.004096 0.369374 0.015099 0.023722 0.111702 0.154160
0.003023 0.000081 0.934961 0.011809 0.004319 0.010820 0.034986
0.280424 0.007538 0.129446 0.017313 0.152679 0.411005 0.001594
0.012671 0.002994 0.817553 0.005010 0.003468 0.028264 0.130042
0.162466 0.002452 0.056786 0.202425 0.177294 0.269481 0.129096
0.830516 0.028041 0.027478 0.066193 0.032935 0.009152 0.005686
0.052976 0.003769 0.178750 0.337613 0.191464 0.225983 0.009445
0.004882 0.014225 0.210550 0.003264 0.141981 0.591610 0.033488
0.050897 0.001418 0.343993 0.269759 0.016754 0.302437 0.014742
0.277321 0.062888 0.574067 0.055948 0.004302 0.009259 0.016214
0.124392 0.000013 0.302772 0.005468 0.002756 0.058986 0.505613
0.003118 0.014394 0.372567 0.001382 0.113244 0.493753 0.001540
0.132884 0.003723 0.033211 0.094665 0.631789 0.091708 0.012020
0.062983 0.007860 0.421890 0.003884 0.252366 0.232417 0.018600
0.085954 0.008168 0.035017 0.226063 0.112728 0.514039 0.018032
0.013966 0.000403 0.344809 0.023380 0.099042 0.499253 0.019146
0.105012 0.008028 0.424958 0.182515 0.098226 0.172972 0.008289
0.078498 0.167595 0.102011 0.084646 0.088509 0.444380 0.034361
0.061875 0.000142 0.836832 0.000610 0.004730 0.092265 0.003546
0.000124 0.000022 0.946232 0.015642 0.000337 0.000318 0.037324
0.070904 0.018697 0.259518 0.023530 0.061923 0.496246 0.069182
0.061706 0.003221 0.265473 0.003821 0.034645 0.619623 0.011512
0.007926 0.001778 0.509618 0.007378 0.124244 0.343178 0.005879
0.213620 0.150112 0.444770 0.010571 0.018231 0.133039 0.029656
0.049636 0.003573 0.226215 0.471886 0.013212 0.232763 0.002715
0.409109 0.001207 0.072142 0.052085 0.016735 0.057669 0.391053
0.015761 0.000282 0.635608 0.057455 0.025911 0.247310 0.017673
0.117563 0.009774 0.087897 0.007788 0.021310 0.755385 0.000283
0.955221 0.000335 0.036199 0.002186 0.002500 0.002952 0.000606
0.084407 0.000246 0.016740 0.016209 0.062405 0.762236 0.057758
0.023091 0.006234 0.051058 0.304102 0.013175 0.018327 0.584014
0.089888 0.000041 0.055388 0.575518 0.010952 0.004376 0.263837
0.010878 0.000148 0.838763 0.042801 0.019708 0.058565 0.029136
0.113547 0.002296 0.068008 0.258174 0.090908 0.006947 0.460120
0.179802 0.006343 0.020182 0.160573 0.342713 0.160777 0.129609
0.409045 0.108964 0.244973 0.003870 0.010160 0.221662 0.001326
0.023781 0.002967 0.367566 0.000130 0.034784 0.176528 0.394243
0.007281 0.000085 0.609955 0.026948 0.015450 0.127705 0.212577
0.000965 0.001482 0.924978 0.011297 0.000763 0.038279 0.022236
0.000238 0.000328 0.015950 0.001340 0.009139 0.972313 0.000691
0.054905 0.019881 0.449862 0.072835 0.032632 0.367111 0.002776
0.020443 0.000862 0.012853 0.016419 0.720026 0.150113 0.079283
0.260402 0.197259 0.092629 0.157033 0.159570 0.131529 0.001580
0.046700 0.013611 0.017798 0.845302 0.000639 0.002532 0.073418
0.004621 0.000301 0.183737 0.557944 0.157027 0.018597 0.077772
0.018954 0.000588 0.003797 0.847062 0.085352 0.043170 0.001078
0.006474 0.000358 0.372242 0.008070 0.523964 0.056675 0.032217
0.018069 0.007522 0.081804 0.092751 0.349986 0.442633 0.007235
0.005218 0.012099 0.186005 0.044464 0.026613 0.718932 0.006668
0.020300 0.014525 0.225503 0.200786 0.368181 0.073374 0.097330
0.225006 0.012091 0.206785 0.321441 0.123524 0.099435 0.011717
0.000038 0.000067 0.820765 0.095652 0.001125 0.009526 0.072827
0.242421 0.011740 0.529588 0.109057 0.007225 0.054938 0.045030
0.014249 0.003150 0.673137 0.051677 0.039976 0.215983 0.001827
0.000279 0.000007 0.002769 0.001323 0.005792 0.989773 0.000057
0.006030 0.000157 0.115566 0.614863 0.059930 0.034614 0.168841
0.191611 0.005069 0.021730 0.225846 0.270484 0.083012 0.202248
0.066691 0.016878 0.168659 0.208928 0.157214 0.339628 0.042002
0.017909 0.000908 0.638017 0.006487 0.162862 0.147317 0.026499
0.118939 0.006339 0.754416 0.023519 0.034185 0.054992 0.007608
0.035786 0.016004 0.598499 0.123704 0.002182 0.220978 0.002848
0.001810 0.001659 0.957858 0.000304 0.004519 0.002856 0.030993
0.000230 0.000025 0.059658 0.743158 0.012276 0.184195 0.000456
0.378025 0.005417 0.003253 0.590602 0.003645 0.019022 0.000036
0.000380 0.000694 0.010734 0.002824 0.823667 0.030030 0.131671
0.035324 0.000098 0.007957 0.930561 0.018048 0.007828 0.000184
0.320750 0.048869 0.401731 0.010570 0.050389 0.164472 0.003219
0.668368 0.000300 0.014681 0.002632 0.220737 0.093249 0.000032
0.775002 0.046966 0.070594 0.088756 0.001251 0.000154 0.017277
0.046029 0.003386 0.277052 0.349024 0.056509 0.053234 0.214767
0.084114 0.002148 0.050749 0.071026 0.263154 0.527591 0.001219
0.006316 0.000295 0.957480 0.000072 0.001542 0.023323 0.010972
0.185259 0.000729 0.001395 0.801617 0.005840 0.005041 0.000118
0.012900 0.000446 0.177945 0.175187 0.137688 0.389155 0.106680
0.009376 0.038619 0.281721 0.207941 0.318061 0.101002 0.043279
0.149856 0.005238 0.472969 0.089778 0.160690 0.088405 0.033064
0.045092 0.001919 0.240422 0.013375 0.559992 0.013935 0.125264
0.011052 0.000821 0.157397 0.798736 0.010012 0.013976 0.008004
0.011417 0.000961 0.179569 0.021299 0.027564 0.709332 0.049858
0.011600 0.000208 0.457552 0.000254 0.000574 0.005090 0.524722
0.190433 0.000310 0.181032 0.001283 0.147762 0.474365 0.004814
0.032085 0.000055 0.045004 0.703288 0.077483 0.063368 0.078718
0.002339 0.057487 0.124107 0.045066 0.612366 0.113965 0.044670
0.247364 0.003562 0.586643 0.031361 0.025538 0.027490 0.078042
0.001033 0.001091 0.293761 0.010541 0.011836 0.615476 0.066262
0.024815 0.123670 0.035174 0.164454 0.002650 0.647585 0.001652
0.002770 0.000102 0.035176 0.007444 0.708355 0.163314 0.082839
0.183924 0.014692 0.579136 0.001355 0.037268 0.180927 0.002698
0.654629 0.007473 0.026729 0.170843 0.095545 0.044603 0.000179
0.008398 0.000076 0.546794 0.036701 0.039608 0.290799 0.077624
0.039768 0.020931 0.574270 0.152505 0.016817 0.065475 0.130234
0.023482 0.002400 0.048420 0.007401 0.004066 0.912669 0.001563
0.007656 0.000562 0.109972 0.003488 0.001343 0.875958 0.001020
0.044579 0.000865 0.156045 0.541513 0.065053 0.121333 0.070613
0.000799 0.000167 0.005066 0.001126 0.003461 0.001386 0.987995
0.002568 0.000912 0.262404 0.012634 0.087576 0.143557 0.490348
0.002919 0.000635 0.915434 0.004035 0.073761 0.002172 0.001044
0.014125 0.000561 0.523732 0.003192 0.000175 0.000574 0.457641
0.325138 0.001433 0.170553 0.030056 0.001134 0.032831 0.438855
0.014746 0.000830 0.965050 0.006736 0.002332 0.009944 0.000361
0.102558 0.000008 0.601623 0.116105 0.041328 0.129120 0.009258
0.126636 0.058256 0.053405 0.519342 0.197794 0.041872 0.002695
0.554425 0.000071 0.041944 0.003368 0.154927 0.240280 0.004985
0.003826 0.000808 0.923991 0.020934 0.000861 0.018447 0.031133
0.104117 0.000951 0.250782 0.180406 0.002821 0.460031 0.000893
0.008354 0.000080 0.409895 0.054619 0.008832 0.509414 0.008807
0.004392 0.007116 0.647005 0.001267 0.038224 0.271466 0.030531
0.492124 0.005290 0.159180 0.067980 0.117479 0.095621 0.062327
0.298450 0.004237 0.422441 0.002629 0.019534 0.227812 0.024897
0.406132 0.000844 0.245514 0.007793 0.166368 0.170650 0.002699
0.027105 0.002515 0.418967 0.053996 0.062055 0.064368 0.370994
0.000227 0.000401 0.019401 0.866411 0.093873 0.019271 0.000415
0.068494 0.009848 0.322086 0.011581 0.212130 0.351946 0.023915
0.001178 0.001425 0.167071 0.768009 0.004471 0.006000 0.051846
0.980016 0.000117 0.001992 0.000699 0.001859 0.015279 0.000037
0.439333 0.002342 0.197684 0.001568 0.022651 0.223248 0.113174
0.003857 0.000092 0.689348 0.260848 0.006943 0.018134 0.020778
0.002238 0.005171 0.935508 0.000561 0.000128 0.001055 0.055338
0.051143 0.188279 0.071652 0.001126 0.585837 0.101702 0.000261
0.053311 0.000210 0.025134 0.015100 0.010633 0.077242 0.818370
0.003204 0.003459 0.156494 0.033100 0.769689 0.026700 0.007354
0.472868 0.015344 0.321960 0.002800 0.087766 0.070610 0.028652
0.017920 0.000111 0.584560 0.053881 0.034993 0.305951 0.002583
0.220662 0.004594 0.007245 0.051862 0.030930 0.684633 0.000074
0.078969 0.002514 0.308226 0.002979 0.295412 0.308649 0.003251
0.409982 0.006310 0.239567 0.011667 0.016331 0.006446 0.309697
0.007224 0.000236 0.107166 0.000096 0.096112 0.789125 0.000041
0.033004 0.000253 0.056597 0.208724 0.641648 0.012329 0.047445
0.120438 0.007746 0.525395 0.213310 0.025909 0.019245 0.087956
0.060117 0.054442 0.274958 0.135495 0.159810 0.289837 0.025339
0.056241 0.001379 0.066206 0.775158 0.051751 0.041989 0.007276
0.053357 0.000950 0.074910 0.753458 0.011510 0.103004 0.002811
0.022258 0.000046 0.147641 0.160840 0.265268 0.037256 0.366692
0.015750 0.000735 0.002211 0.023294 0.625523 0.330094 0.002394
0.104040 0.034220 0.111147 0.650872 0.061080 0.036902 0.001738
0.022686 0.001070 0.533264 0.173523 0.141265 0.123106 0.005086
0.021565 0.000172 0.026809 0.366461 0.038595 0.537865 0.008533
0.000970 0.001796 0.473440 0.025970 0.070325 0.370328 0.057172
0.004324 0.000114 0.320706 0.001153 0.000502 0.664154 0.009045
0.253911 0.003869 0.169431 0.069773 0.196677 0.186825 0.119515
0.007084 0.000271 0.992245 0.000062 0.000050 0.000284 0.000003
0.002649 0.001389 0.049938 0.001600 0.259143 0.054913 0.630367
0.081320 0.000160 0.019828 0.517567 0.000138 0.004555 0.376431
0.462540 0.037614 0.029587 0.077437 0.120773 0.225107 0.046943
0.014000 0.000122 0.803862 0.000162 0.008602 0.127947 0.045307
0.031537 0.013822 0.100212 0.004009 0.594431 0.046115 0.209873
0.044296 0.001063 0.177388 0.225567 0.310637 0.240817 0.000231
0.119343 0.009365 0.434581 0.001128 0.002822 0.112980 0.319781
0.353355 0.000655 0.092271 0.011499 0.180591 0.359140 0.002489
0.009553 0.000298 0.231217 0.047640 0.105620 0.603696 0.001976
0.064737 0.001666 0.007579 0.018615 0.020139 0.887255 0.000009
0.004007 0.000706 0.197310 0.544848 0.205671 0.030873 0.016585
0.217570 0.003121 0.283096 0.214030 0.050441 0.172145 0.059596
0.019934 0.000398 0.127128 0.674349 0.005104 0.164569 0.008517
0.021502 0.004005 0.016437 0.000144 0.039701 0.882962 0.035249
0.035593 0.001124 0.441446 0.306544 0.137698 0.066252 0.011343
0.276925 0.006398 0.338939 0.001315 0.329073 0.047279 0.000072
0.013839 0.000008 0.985117 0.000317 0.000052 0.000547 0.000120
0.107142 0.041756 0.560887 0.118197 0.051206 0.116432 0.004380
0.012483 0.000892 0.020117 0.069471 0.043131 0.853123 0.000784
0.014547 0.020980 0.278304 0.010184 0.004427 0.668342 0.003217
0.286135 0.005031 0.048381 0.642008 0.006919 0.010325 0.001201
0.408425 0.005372 0.318365 0.029631 0.136603 0.038115 0.063489
0.009482 0.000319 0.013556 0.606812 0.018067 0.350831 0.000934
0.061820 0.000395 0.298538 0.422496 0.090757 0.120826 0.005168
0.135402 0.000436 0.161574 0.023594 0.157446 0.124704 0.396846
0.088010 0.002080 0.408215 0.424906 0.010853 0.055575 0.010361
0.521759 0.001666 0.168051 0.064731 0.033928 0.203993 0.005872
0.026328 0.001019 0.639399 0.019801 0.040507 0.063454 0.209491
0.000224 0.008684 0.420719 0.405150 0.031044 0.039420 0.094758
0.019294 0.053398 0.276808 0.000821 0.095580 0.156180 0.397919
0.006027 0.000285 0.800396 0.001205 0.114050 0.072215 0.005822
0.030672 0.005799 0.462384 0.160244 0.198808 0.127214 0.014880
0.119684 0.075017 0.320956 0.007718 0.111477 0.241474 0.123673
0.017299 0.000362 0.579972 0.118016 0.057564 0.132940 0.093847
0.056277 0.003538 0.673804 0.015217 0.040157 0.161101 0.049907
0.021524 0.002327 0.371710 0.012922 0.018895 0.535400 0.037222
0.097892 0.006794 0.154923 0.340807 0.063114 0.303262 0.033208
0.026930 0.039171 0.367866 0.009803 0.010757 0.020544 0.524930
0.009748 0.000344 0.189255 0.000674 0.036372 0.755616 0.007991
0.000274 0.000282 0.098156 0.023626 0.036464 0.026292 0.814906
0.959101 0.000288 0.012999 0.017072 0.007175 0.002891 0.000474
0.012884 0.005877 0.749785 0.175006 0.006225 0.037868 0.012355
0.038827 0.020371 0.202339 0.195532 0.414460 0.037196 0.091275
0.019345 0.000461 0.006653 0.886198 0.000675 0.077171 0.009497
0.226110 0.004894 0.033172 0.080655 0.585743 0.058869 0.010557
0.025306 0.002342 0.759885 0.004257 0.024206 0.183374 0.000631
0.089515 0.012103 0.473089 0.018215 0.076167 0.268510 0.062401
0.199025 0.002386 0.422013 0.015986 0.269751 0.090335 0.000504
0.109354 0.000537 0.007795 0.002376 0.010749 0.000998 0.868192
0.146144 0.059594 0.035341 0.727417 0.001505 0.023830 0.006169
0.096599 0.091059 0.064746 0.025722 0.231835 0.481373 0.008666
0.072470 0.000953 0.897539 0.009266 0.001900 0.016560 0.001311
0.001424 0.000374 0.520556 0.003017 0.042643 0.006913 0.425073
0.457120 0.009016 0.160119 0.124192 0.054427 0.143993 0.051133
0.723106 0.001075 0.101067 0.036363 0.011851 0.039061 0.087477
0.024607 0.003904 0.165946 0.207236 0.355749 0.021590 0.220968
0.235642 0.007513 0.340451 0.229136 0.044193 0.141797 0.001268
0.079001 0.012667 0.221641 0.200032 0.026372 0.402523 0.057764
0.380441 0.001742 0.361070 0.046504 0.013621 0.189796 0.006825
0.176673 0.305469 0.086080 0.054371 0.001655 0.352230 0.023524
0.626427 0.011304 0.027876 0.111590 0.016637 0.204213 0.001952
0.022811 0.000642 0.032224 0.164768 0.069976 0.577812 0.131768
0.007428 0.002959 0.006048 0.078067 0.533735 0.363549 0.008214
0.008019 0.004076 0.001582 0.042221 0.171410 0.767243 0.005449
0.044293 0.000434 0.011432 0.016879 0.301843 0.623774 0.001346
0.011979 0.000045 0.906156 0.000039 0.000334 0.015046 0.066401
0.142325 0.009771 0.203130 0.097999 0.344560 0.186713 0.015503
0.227490 0.002237 0.625263 0.004285 0.048481 0.070983 0.021262
0.013570 0.010915 0.198707 0.015506 0.104376 0.656781 0.000145
0.010878 0.000148 0.838763 0.042801 0.019708 0.058565 0.029136
0.330661 0.000574 0.041054 0.047976 0.399036 0.140418 0.040281
0.032869 0.000719 0.647543 0.002011 0.006062 0.309400 0.001396
0.013040 0.000160 0.050010 0.439178 0.012064 0.484030 0.001519
0.720943 0.002519 0.008749 0.049912 0.026182 0.176908 0.014787
0.127982 0.001528 0.541113 0.213345 0.000323 0.021370 0.094339
0.015691 0.005936 0.225539 0.234424 0.306558 0.075851 0.136000
0.146219 0.001726 0.193863 0.010707 0.307199 0.118785 0.221500
0.009542 0.005533 0.371467 0.001094 0.076138 0.527181 0.009046
0.006967 0.001040 0.014449 0.200215 0.747018 0.029233 0.001079
0.005902 0.002190 0.522404 0.016558 0.149968 0.294425 0.008553
0.032950 0.098541 0.125422 0.694592 0.005392 0.036691 0.006412
0.005790 0.002883 0.053471 0.009785 0.840142 0.073312 0.014617
0.011622 0.000361 0.942503 0.000016 0.004344 0.040946 0.000207
0.012919 0.009009 0.434372 0.074238 0.011581 0.456232 0.001650
0.375695 0.000097 0.014849 0.530540 0.071718 0.006956 0.000145
0.034661 0.026893 0.636182 0.003693 0.011643 0.282889 0.004039
0.001046 0.001245 0.006020 0.936272 0.007169 0.008336 0.039911
0.012477 0.001149 0.086095 0.004502 0.730185 0.078762 0.086830
0.000133 0.000011 0.898189 0.000024 0.005368 0.096091 0.000184
0.036768 0.000181 0.880662 0.074261 0.000936 0.001854 0.005339
0.027762 0.025810 0.726894 0.003610 0.009840 0.203515 0.002568
0.325791 0.027720 0.314753 0.292588 0.013947 0.024532 0.000670
0.016737 0.001788 0.045878 0.058871 0.324857 0.547894 0.003976
0.092161 0.025163 0.051038 0.122872 0.028346 0.675574 0.004846
0.024414 0.000584 0.730023 0.016186 0.002592 0.225145 0.001056
0.001379 0.000210 0.781438 0.000240 0.002866 0.005273 0.208594
0.002862 0.002013 0.937654 0.011059 0.006648 0.021166 0.018596
0.000531 0.001539 0.989327 0.000032 0.000331 0.007713 0.000526
0.140637 0.028738 0.485411 0.002620 0.025184 0.315311 0.002099
0.148389 0.004025 0.505185 0.105477 0.004453 0.232229 0.000242
0.260835 0.005686 0.061191 0.233137 0.092251 0.285192 0.061708
0.018261 0.002414 0.255510 0.001639 0.099187 0.024953 0.598035
0.014472 0.000588 0.014226 0.000971 0.023973 0.945736 0.000033
0.014143 0.007942 0.078381 0.003645 0.581862 0.168776 0.145251
0.311894 0.008990 0.036156 0.102219 0.102035 0.433914 0.004792
0.005698 0.001022 0.080028 0.593814 0.102706 0.215954 0.000777
0.120847 0.014448 0.195777 0.206112 0.172181 0.216526 0.074108
0.003023 0.000081 0.934961 0.011809 0.004319 0.010820 0.034986
0.003763 0.000748 0.117085 0.007726 0.349219 0.001053 0.520406
0.105160 0.004029 0.620244 0.018438 0.022517 0.203971 0.025642
0.017208 0.000328 0.378994 0.008148 0.019069 0.009414 0.566840
0.123425 0.000837 0.817736 0.024712 0.020139 0.010640 0.002511
0.068332 0.039341 0.052104 0.175984 0.237788 0.345451 0.080999
0.018980 0.002457 0.186276 0.027520 0.019351 0.029042 0.716373
0.805064 0.019923 0.088350 0.029833 0.028468 0.006289 0.022073
0.027554 0.028253 0.124645 0.383860 0.146180 0.233969 0.055540
0.040959 0.000296 0.230760 0.487459 0.056229 0.030895 0.153403
0.048795 0.001077 0.727876 0.006814 0.058786 0.074881 0.081772
0.013457 0.001227 0.017386 0.013258 0.233607 0.206334 0.514731
0.005293 0.000640 0.351753 0.029866 0.012645 0.003178 0.596624
0.000269 0.009627 0.029502 0.908654 0.018792 0.017311 0.015845
0.030646 0.003818 0.127619 0.000540 0.017813 0.816850 0.002713
0.044524 0.001931 0.562015 0.065631 0.011179 0.307181 0.007538
0.273562 0.021926 0.314079 0.084737 0.069476 0.170064 0.066156
0.000333 0.000127 0.996639 0.000816 0.000212 0.001836 0.000036
0.107847 0.001242 0.005926 0.819916 0.042905 0.020862 0.001302
0.096704 0.045559 0.035033 0.015114 0.694670 0.105450 0.007471
0.110927 0.000963 0.087136 0.165885 0.006920 0.144208 0.483960
0.029402 0.004277 0.266489 0.060376 0.110111 0.525466 0.003880
0.112239 0.042730 0.021363 0.000754 0.312381 0.510500 0.000033
0.249940 0.021002 0.200364 0.498283 0.003805 0.025298 0.001309
0.019071 0.000061 0.011424 0.005241 0.957840 0.003744 0.002618
0.019176 0.005339 0.089608 0.122993 0.270944 0.341212 0.150728
0.030718 0.009117 0.348751 0.368744 0.045212 0.111281 0.086177
0.026907 0.000650 0.038398 0.656465 0.016580 0.165555 0.095444
0.069766 0.001562 0.158153 0.000446 0.677023 0.053746 0.039304
0.137072 0.002272 0.084267 0.014385 0.035661 0.718933 0.007409
0.034396 0.002314 0.272079 0.014403 0.062222 0.609982 0.004603
0.001098 0.000326 0.065620 0.168178 0.014438 0.012925 0.737416
0.001084 0.000057 0.898168 0.007700 0.006095 0.085286 0.001610
0.153397 0.001278 0.598840 0.011028 0.041009 0.191091 0.003358
0.006574 0.000174 0.025811 0.012814 0.752219 0.106771 0.095636
0.081491 0.032720 0.725511 0.022667 0.064949 0.045389 0.027273
0.004498 0.013531 0.669177 0.198729 0.006213 0.106480 0.001373
0.007383 0.000166 0.525818 0.004776 0.026412 0.016869 0.418576
0.041990 0.001187 0.592817 0.076502 0.048407 0.034555 0.204542
0.149380 0.001466 0.266149 0.150818 0.204597 0.227381 0.000210
0.202068 0.009386 0.026769 0.447290 0.052219 0.146385 0.115882
0.229028 0.075557 0.379546 0.000850 0.048269 0.266417 0.000332
0.028692 0.011525 0.190529 0.039999 0.025555 0.026885 0.676814
0.009898 0.028526 0.516219 0.008508 0.317852 0.083397 0.035600
0.329778 0.001291 0.065475 0.004772 0.254227 0.301890 0.042568
0.073556 0.000625 0.352071 0.129646 0.331631 0.080537 0.031934
0.004094 0.000697 0.044692 0.000355 0.014688 0.017853 0.917622
0.028880 0.013321 0.144742 0.015195 0.476615 0.301083 0.020164
0.027027 0.001739 0.158849 0.202645 0.022618 0.586554 0.000568
0.004693 0.001804 0.218157 0.000124 0.140137 0.052086 0.582999
0.023785 0.006849 0.854436 0.008656 0.060041 0.034713 0.011520
0.045163 0.000740 0.556920 0.018048 0.004750 0.362409 0.011971
0.346765 0.019085 0.154340 0.002612 0.156721 0.318276 0.002201
0.024155 0.000360 0.194794 0.316828 0.290318 0.117488 0.056057
0.013072 0.002253 0.039702 0.060227 0.385146 0.191381 0.308219
0.007238 0.001890 0.088505 0.624585 0.000920 0.031798 0.245064
0.001843 0.000460 0.001435 0.000304 0.846348 0.149332 0.000278
0.016087 0.001453 0.536215 0.006244 0.023267 0.007460 0.409274
0.398812 0.011183 0.075265 0.219676 0.248348 0.043509 0.003207
0.011495 0.001924 0.305520 0.184576 0.090847 0.390872 0.014766
0.027365 0.001600 0.783359 0.016471 0.077350 0.056131 0.037724
0.072967 0.007831 0.012992 0.044586 0.547586 0.238566 0.075472
0.202614 0.003669 0.043130 0.046150 0.144919 0.478759 0.080758
0.009170 0.000048 0.779179 0.000568 0.035560 0.174575 0.000901
0.144907 0.010859 0.300549 0.001351 0.271397 0.263199 0.007737
0.000302 0.000435 0.972934 0.000150 0.001583 0.023647 0.000950
0.129788 0.006853 0.561477 0.237714 0.014899 0.048255 0.001014
0.018226 0.000000 0.981417 0.000000 0.000000 0.000356 0.000000
0.000603 0.000040 0.087775 0.001392 0.006106 0.001131 0.902952
0.031679 0.025822 0.252449 0.000467 0.010991 0.678407 0.000184
0.207156 0.000815 0.540881 0.000242 0.074471 0.175033 0.001402
0.013885 0.000530 0.004952 0.095668 0.685752 0.178436 0.020778
0.001528 0.000138 0.128801 0.140641 0.537363 0.085155 0.106374
0.234726 0.014348 0.063249 0.002827 0.307796 0.375079 0.001973
0.049924 0.066625 0.453602 0.015433 0.005095 0.089428 0.319894
0.003566 0.000328 0.455745 0.063579 0.030261 0.446354 0.000166
0.041278 0.000521 0.171025 0.002461 0.163860 0.141264 0.479589
0.004226 0.002316 0.772388 0.028919 0.022765 0.026961 0.142425
0.027441 0.002772 0.114936 0.020932 0.185375 0.531914 0.116629
0.028600 0.013330 0.310736 0.330399 0.276935 0.026958 0.013042
0.019715 0.001191 0.645692 0.288621 0.023212 0.001404 0.020164
0.055305 0.010100 0.049438 0.323876 0.060316 0.498943 0.002022
0.386793 0.012763 0.073689 0.065415 0.160209 0.300684 0.000447
0.064339 0.045957 0.264096 0.006242 0.185804 0.081434 0.352127
0.000042 0.000065 0.497474 0.028326 0.003802 0.000273 0.470017
0.038524 0.001572 0.080475 0.002356 0.331586 0.545353 0.000134
0.046029 0.003386 0.277052 0.349024 0.056509 0.053234 0.214767
0.229624 0.030351 0.321370 0.026317 0.105199 0.272426 0.014712
0.033421 0.016044 0.124781 0.419989 0.005155 0.265613 0.134997
0.035447 0.055181 0.152104 0.003686 0.019298 0.216519 0.517766
0.067603 0.168398 0.035912 0.337785 0.032223 0.331450 0.026630
0.003315 0.000082 0.854302 0.000254 0.002507 0.124502 0.015038
0.133802 0.007793 0.071557 0.083046 0.669261 0.031719 0.002822
0.001432 0.000689 0.075742 0.048024 0.001498 0.014655 0.857960
0.028953 0.011416 0.071640 0.000274 0.596588 0.290531 0.000598
0.079457 0.000010 0.106654 0.000691 0.029983 0.006066 0.777139
0.003273 0.000001 0.974027 0.003978 0.000281 0.002063 0.016377
0.011690 0.000891 0.773458 0.054667 0.098482 0.059944 0.000867
0.029127 0.003531 0.183834 0.183206 0.255028 0.342468 0.002804
0.010427 0.001055 0.599153 0.001141 0.144284 0.238795 0.005146
0.487517 0.020368 0.115474 0.036831 0.093662 0.231644 0.014505
0.241515 0.004163 0.056806 0.437045 0.080113 0.132164 0.048194
0.084747 0.004442 0.698618 0.176701 0.001850 0.024553 0.009088
0.038965 0.007163 0.064265 0.452698 0.130720 0.151065 0.155125
0.377106 0.007579 0.171719 0.132622 0.284516 0.023330 0.003128
0.108355 0.095811 0.335624 0.347711 0.039963 0.065242 0.007293
0.185062 0.002856 0.060066 0.502248 0.105168 0.115686 0.028914
0.661749 0.001161 0.129251 0.024397 0.066511 0.020831 0.096100
0.138922 0.003294 0.192093 0.047626 0.587242 0.025700 0.005124
0.004450 0.000183 0.019475 0.377447 0.090314 0.152846 0.355285
0.068817 0.049265 0.139569 0.025584 0.141370 0.570987 0.004409
0.420665 0.004841 0.166200 0.024274 0.237974 0.107930 0.038117
0.004390 0.000594 0.923463 0.012655 0.006117 0.050378 0.002401
0.055341 0.004634 0.213577 0.241802 0.157527 0.325661 0.001459
0.019287 0.000244 0.045623 0.072455 0.437498 0.399476 0.025417
0.049100 0.001744 0.342605 0.017795 0.055945 0.033606 0.499205
0.295215 0.010636 0.225240 0.264678 0.001531 0.015952 0.186748
0.001779 0.005015 0.130284 0.001914 0.211715 0.647945 0.001348
0.061088 0.001059 0.094903 0.000694 0.087688 0.753598 0.000970
0.013256 0.008126 0.327396 0.019805 0.007506 0.612791 0.011121
0.287591 0.026221 0.215895 0.001789 0.139526 0.293309 0.035669
0.118630 0.002757 0.018617 0.000123 0.320331 0.539535 0.000006
0.001326 0.000110 0.976351 0.002632 0.006091 0.013005 0.000485
0.054188 0.000448 0.252807 0.511480 0.009492 0.168549 0.003036
0.018779 0.004468 0.043488 0.126528 0.388330 0.376759 0.041649
0.125940 0.087352 0.048101 0.362419 0.309121 0.055874 0.011192
0.021022 0.008754 0.242085 0.003169 0.036227 0.174019 0.514724
0.065353 0.000583 0.670313 0.235710 0.000118 0.004541 0.023383
0.092314 0.000070 0.021341 0.373400 0.296117 0.117387 0.099371
0.011530 0.000096 0.928256 0.000174 0.004672 0.054566 0.000705
0.035661 0.004305 0.237311 0.008177 0.006281 0.178867 0.529398
0.004830 0.000613 0.353992 0.010744 0.001877 0.622192 0.005751
0.031109 0.011482 0.104915 0.415144 0.029486 0.405348 0.002517
0.016486 0.053061 0.043102 0.090954 0.093395 0.686384 0.016618
0.067906 0.002585 0.000854 0.273625 0.234520 0.419298 0.001212
0.016850 0.000214 0.075645 0.023727 0.152875 0.708086 0.022603
0.013815 0.003222 0.223813 0.243730 0.039571 0.465189 0.010660
0.015872 0.001855 0.008197 0.025510 0.431660 0.512449 0.004457
0.032159 0.004973 0.245850 0.105049 0.151753 0.337068 0.123148
0.128945 0.001713 0.042159 0.671500 0.011441 0.144153 0.000089
0.119496 0.000122 0.004574 0.457603 0.065922 0.352145 0.000139
0.002968 0.000000 0.000608 0.994609 0.001300 0.000509 0.000007
0.008750 0.000652 0.022407 0.409761 0.053133 0.500580 0.004716
0.000983 0.000464 0.141153 0.044745 0.023160 0.000207 0.789288
0.037719 0.002515 0.049245 0.863830 0.003918 0.042730 0.000043
0.012139 0.002858 0.841472 0.073029 0.022301 0.024120 0.024083
0.016755 0.006933 0.478996 0.155225 0.010659 0.330370 0.001061
0.226117 0.015082 0.528989 0.030280 0.001791 0.192700 0.005040
0.074857 0.060494 0.099187 0.481437 0.104646 0.118093 0.061285
0.002405 0.001668 0.299106 0.382849 0.156079 0.130690 0.027204
0.878956 0.007581 0.021116 0.009479 0.027272 0.027999 0.027596
0.032184 0.001973 0.055826 0.773121 0.079078 0.044907 0.012910
0.002783 0.000155 0.007599 0.981303 0.002662 0.005489 0.000009
0.041212 0.000027 0.410122 0.014210 0.008126 0.512453 0.013849
0.119393 0.006629 0.277009 0.001768 0.095980 0.224090 0.275131
0.000238 0.000004 0.979143 0.000317 0.005509 0.014569 0.000219
0.014005 0.014652 0.167006 0.029757 0.206657 0.559358 0.008566
0.062984 0.011374 0.099533 0.052504 0.355867 0.410529 0.007209
0.542280 0.045304 0.042705 0.011030 0.262260 0.094963 0.001458
0.102620 0.008578 0.223345 0.181066 0.013816 0.207995 0.262578
0.003136 0.000839 0.719847 0.000417 0.013412 0.001617 0.260732
0.004222 0.000626 0.013590 0.951468 0.001724 0.024663 0.003708
0.068750 0.028485 0.070702 0.001488 0.311507 0.516373 0.002696
0.212592 0.000485 0.752516 0.000471 0.002208 0.031671 0.000056
0.017867 0.004869 0.310234 0.103332 0.331212 0.216838 0.015649
0.030078 0.002099 0.527074 0.003164 0.342637 0.077840 0.017109
0.008088 0.000115 0.002170 0.634592 0.204408 0.147330 0.003298
0.032999 0.000105 0.625707 0.086166 0.035452 0.016497 0.203073
0.107295 0.012285 0.178866 0.498973 0.043402 0.157994 0.001186
0.714914 0.001421 0.004629 0.041826 0.026927 0.196742 0.013541
0.054557 0.001096 0.098357 0.005770 0.414319 0.391508 0.034393
0.045541 0.006071 0.187994 0.412048 0.102972 0.216991 0.028383
0.059504 0.003874 0.785314 0.050602 0.004100 0.012037 0.084569
0.009650 0.000293 0.304195 0.609517 0.068255 0.007739 0.000350
0.328571 0.003520 0.007862 0.006835 0.058457 0.043612 0.551143
0.711780 0.014808 0.019035 0.136674 0.044558 0.072868 0.000277
0.015964 0.000098 0.028047 0.243114 0.673753 0.036184 0.002840
0.028655 0.004108 0.081730 0.025764 0.238459 0.064256 0.557029
0.003990 0.000578 0.141155 0.001303 0.004119 0.005552 0.843302
0.001989 0.000172 0.098864 0.000893 0.031861 0.865162 0.001058
0.068924 0.001991 0.554895 0.011438 0.003742 0.115985 0.243025
0.005754 0.000508 0.007658 0.969360 0.001386 0.010954 0.004380
0.027453 0.011838 0.025180 0.000246 0.020568 0.914705 0.000011
0.045217 0.001298 0.605191 0.010854 0.127228 0.187355 0.022857
0.069091 0.001956 0.039273 0.367940 0.364567 0.057448 0.099726
0.170936 0.001134 0.059614 0.428409 0.284716 0.047133 0.008059
0.102897 0.043012 0.313963 0.186108 0.333827 0.014542 0.005652
0.203534 0.023328 0.264084 0.032907 0.153588 0.302275 0.020283
0.002848 0.001106 0.059039 0.012322 0.054957 0.022929 0.846798
0.005133 0.014206 0.045590 0.001446 0.084500 0.842445 0.006680
