0.182026 0.002141 0.024347 0.001990 0.266221 0.519255 0.004020
0.092732 0.008111 0.474602 0.001448 0.075908 0.339275 0.007924
0.000309 0.000023 0.399300 0.372929 0.106650 0.104501 0.016289
0.074328 0.009083 0.192294 0.250301 0.042299 0.416583 0.015112
0.439251 0.000624 0.007713 0.304506 0.047087 0.195978 0.004841
0.066595 0.000025 0.030556 0.161923 0.491760 0.245284 0.003856
0.000922 0.000877 0.167605 0.130686 0.040998 0.466728 0.192185
0.355832 0.020117 0.026095 0.406329 0.121284 0.051234 0.019108
0.163507 0.073134 0.235594 0.230178 0.019728 0.170802 0.107057
0.104293 0.000261 0.185103 0.214997 0.025846 0.463566 0.005935
0.003207 0.001572 0.876930 0.047214 0.002672 0.047520 0.020885
0.035634 0.000258 0.128248 0.062080 0.422490 0.329182 0.022107
0.040232 0.042387 0.320459 0.127589 0.337030 0.106341 0.025962
0.045827 0.000883 0.162498 0.044228 0.730764 0.013712 0.002087
0.592779 0.000821 0.211465 0.016399 0.043336 0.126682 0.008517
0.072988 0.022218 0.072292 0.062557 0.161085 0.595634 0.013226
0.145541 0.007643 0.304073 0.009904 0.090941 0.432176 0.009722
0.002254 0.000189 0.021452 0.011048 0.173471 0.791511 0.000075
0.159876 0.019467 0.115432 0.011402 0.169794 0.476369 0.047659
0.272383 0.001372 0.090746 0.003243 0.241483 0.249931 0.140842
0.388723 0.001034 0.269377 0.012671 0.042859 0.277859 0.007477
0.120845 0.003002 0.029132 0.010209 0.198969 0.633187 0.004655
0.003149 0.000075 0.001144 0.714507 0.011136 0.269604 0.000386
0.019073 0.007278 0.819880 0.000853 0.022265 0.089148 0.041502
0.004631 0.010136 0.140705 0.036629 0.260689 0.546405 0.000806
0.000542 0.001279 0.009256 0.868360 0.002441 0.118053 0.000069
0.045789 0.004095 0.264244 0.067430 0.280927 0.328843 0.008673
0.035968 0.000495 0.003939 0.700388 0.219240 0.025230 0.014740
0.000919 0.000119 0.023254 0.008010 0.059675 0.904464 0.003560
0.549798 0.000803 0.157584 0.205075 0.038757 0.024648 0.023334
0.096051 0.004683 0.085769 0.089803 0.133013 0.590279 0.000401
0.086256 0.016574 0.025179 0.056926 0.144173 0.667143 0.003748
0.009442 0.000184 0.032582 0.036335 0.610507 0.287753 0.023197
0.118241 0.008135 0.117617 0.082596 0.070566 0.455935 0.146910
0.678188 0.000427 0.059844 0.008451 0.006792 0.019282 0.227017
0.052734 0.000715 0.010106 0.049531 0.794304 0.090008 0.002602
0.072043 0.035910 0.159840 0.061578 0.028016 0.593540 0.049073
0.077175 0.566250 0.041075 0.010065 0.136892 0.050587 0.117957
0.011371 0.001697 0.034902 0.719142 0.048837 0.183146 0.000903
0.070931 0.005924 0.162657 0.039703 0.339266 0.375229 0.006291
0.064205 0.018754 0.066875 0.183336 0.018922 0.632577 0.015331
0.026506 0.087731 0.098685 0.562871 0.129873 0.088824 0.005510
0.028144 0.004486 0.130097 0.514622 0.269826 0.042909 0.009916
0.059389 0.006474 0.041819 0.007943 0.011489 0.870439 0.002447
0.006783 0.000931 0.103210 0.093065 0.402357 0.382954 0.010701
0.170773 0.000121 0.025779 0.014486 0.064343 0.696990 0.027507
0.050796 0.030993 0.068175 0.028551 0.702999 0.117284 0.001202
0.034753 0.005812 0.608945 0.002822 0.003959 0.340975 0.002734
0.084066 0.004146 0.076821 0.499399 0.035959 0.274984 0.024626
0.222684 0.000049 0.014183 0.100162 0.112115 0.538312 0.012495
0.008883 0.000608 0.014671 0.006291 0.073592 0.895654 0.000301
0.034039 0.000529 0.050996 0.835446 0.031251 0.024192 0.023546
0.065596 0.002819 0.043058 0.000945 0.016931 0.870029 0.000622
0.042655 0.011368 0.189545 0.013635 0.013808 0.727210 0.001779
0.244484 0.008624 0.165012 0.050290 0.181632 0.325802 0.024156
0.036331 0.038736 0.458316 0.016081 0.134752 0.315348 0.000436
0.154908 0.000863 0.015809 0.213792 0.322849 0.195787 0.095992
0.011752 0.000077 0.004794 0.415997 0.370293 0.190078 0.007008
0.001349 0.000908 0.006012 0.002035 0.002010 0.987622 0.000064
0.031534 0.125161 0.333826 0.013477 0.403683 0.039976 0.052344
0.053797 0.002902 0.048682 0.564804 0.219280 0.101665 0.008869
0.451666 0.001757 0.002920 0.211352 0.313977 0.000819 0.017509
0.062631 0.000377 0.022691 0.161626 0.296704 0.455707 0.000264
0.005785 0.000068 0.000935 0.005173 0.003897 0.983625 0.000517
0.038556 0.002103 0.178878 0.472180 0.120849 0.028343 0.159091
0.026675 0.001910 0.077081 0.091237 0.665203 0.101100 0.036794
0.006733 0.000798 0.281950 0.177986 0.016630 0.493560 0.022344
0.041797 0.001777 0.013601 0.101410 0.259802 0.580208 0.001405
0.001898 0.000021 0.991261 0.001916 0.002593 0.002219 0.000091
0.992494 0.000607 0.001651 0.000020 0.003475 0.001750 0.000004
0.281954 0.000200 0.213877 0.002022 0.203440 0.285740 0.012766
0.101969 0.006959 0.530983 0.000891 0.143323 0.215298 0.000576
0.118891 0.000364 0.025946 0.003527 0.260029 0.591140 0.000103
0.090309 0.029862 0.069626 0.016075 0.361818 0.422929 0.009381
0.030875 0.024547 0.170290 0.174875 0.003465 0.536859 0.059089
0.080546 0.008974 0.825252 0.005045 0.002637 0.070983 0.006564
0.143229 0.062243 0.119836 0.146692 0.020639 0.493121 0.014240
0.009164 0.012941 0.508471 0.226349 0.015675 0.210434 0.016966
0.033159 0.001920 0.107842 0.000989 0.549646 0.179878 0.126566
0.049747 0.056203 0.031455 0.140113 0.009069 0.712791 0.000622
0.011268 0.000921 0.095118 0.008941 0.070912 0.809727 0.003114
0.030596 0.001318 0.087190 0.178193 0.007361 0.665491 0.029851
0.009485 0.007878 0.095663 0.199962 0.131530 0.552537 0.002945
0.018787 0.001549 0.009444 0.071233 0.019930 0.878283 0.000774
0.542548 0.003944 0.030640 0.160251 0.147973 0.112404 0.002241
0.828708 0.002962 0.140583 0.000867 0.009065 0.016424 0.001390
0.003427 0.003299 0.073583 0.009107 0.869799 0.034876 0.005910
0.057759 0.009842 0.113054 0.004379 0.228449 0.528589 0.057927
0.005071 0.000407 0.027417 0.494972 0.004029 0.461426 0.006678
0.628474 0.002127 0.009634 0.060435 0.236590 0.055516 0.007225
0.066798 0.019342 0.043952 0.267378 0.115829 0.459406 0.027295
0.085411 0.001415 0.463718 0.050667 0.094479 0.300613 0.003698
0.110834 0.002295 0.038339 0.001373 0.221088 0.277545 0.348527
0.004870 0.032595 0.080384 0.115967 0.068728 0.688644 0.008813
0.008637 0.000218 0.942701 0.001144 0.034049 0.013217 0.000034
0.014824 0.003033 0.167106 0.007915 0.006504 0.798776 0.001842
0.023300 0.007089 0.025154 0.065568 0.080170 0.795875 0.002844
0.013611 0.000211 0.005565 0.120719 0.534463 0.324699 0.000731
0.084423 0.014427 0.011075 0.018403 0.261027 0.500612 0.110034
0.094130 0.001182 0.024102 0.152399 0.642013 0.075098 0.011075
0.106139 0.002191 0.070537 0.047196 0.312290 0.454671 0.006976
0.030538 0.004456 0.247995 0.292389 0.252675 0.167041 0.004906
0.039156 0.002830 0.293344 0.006312 0.591406 0.060964 0.005990
0.018886 0.000502 0.058404 0.871986 0.007121 0.040820 0.002280
0.029127 0.002949 0.031948 0.161608 0.676912 0.079817 0.017639
0.010334 0.004297 0.002002 0.050541 0.012949 0.919355 0.000523
0.086181 0.001420 0.024315 0.053544 0.103241 0.579840 0.151459
0.224850 0.061215 0.376285 0.122698 0.029916 0.139081 0.045957
0.000051 0.003062 0.002884 0.000610 0.736188 0.256604 0.000600
0.011678 0.011775 0.775548 0.101644 0.036839 0.060263 0.002253
0.002944 0.011849 0.060280 0.850482 0.019960 0.038055 0.016430
0.091401 0.000156 0.063022 0.001739 0.732546 0.057026 0.054110
0.667068 0.001861 0.093354 0.087782 0.032021 0.116810 0.001103
0.179960 0.049671 0.314337 0.044392 0.032174 0.237742 0.141724
0.107082 0.002041 0.244180 0.030085 0.099115 0.513146 0.004350
0.008211 0.001219 0.806312 0.002973 0.071852 0.077773 0.031660
0.042121 0.002462 0.482367 0.105613 0.286240 0.056143 0.025052
0.131980 0.008944 0.235582 0.453631 0.124077 0.038253 0.007532
0.034485 0.004636 0.044749 0.145929 0.598482 0.168100 0.003618
0.007280 0.010742 0.089142 0.243073 0.177361 0.470164 0.002238
0.008544 0.000720 0.031741 0.355208 0.003886 0.599375 0.000526
0.061297 0.001148 0.011115 0.567328 0.062390 0.288692 0.008031
0.042125 0.003424 0.399024 0.196847 0.185621 0.050220 0.122739
0.005229 0.000063 0.004642 0.885468 0.050363 0.054120 0.000116
0.094508 0.072499 0.539164 0.013034 0.043753 0.191627 0.045414
0.925405 0.001069 0.020759 0.002183 0.024615 0.024627 0.001342
0.205216 0.026671 0.195845 0.015637 0.133550 0.416496 0.006585
0.070570 0.000042 0.011256 0.650988 0.003376 0.259285 0.004483
0.074108 0.007835 0.247570 0.119317 0.103380 0.423927 0.023864
0.027645 0.004358 0.040006 0.456143 0.128865 0.338010 0.004972
0.003397 0.000026 0.006164 0.666702 0.296734 0.022473 0.004504
0.014049 0.000552 0.016882 0.037238 0.105588 0.824432 0.001259
0.225533 0.008182 0.027839 0.152451 0.277508 0.237483 0.071003
0.161125 0.003910 0.054618 0.009767 0.087636 0.674687 0.008257
0.133107 0.006167 0.335340 0.014658 0.032628 0.474966 0.003133
0.004551 0.000070 0.077667 0.000614 0.010151 0.906847 0.000100
0.151833 0.004895 0.016698 0.505040 0.034546 0.286940 0.000048
0.058310 0.000914 0.032810 0.643762 0.048232 0.213195 0.002776
0.011874 0.000811 0.011131 0.000078 0.052459 0.923326 0.000321
0.263694 0.000502 0.054929 0.236989 0.112710 0.192675 0.138501
0.012335 0.001907 0.193906 0.028412 0.473742 0.234591 0.055107
0.707059 0.002309 0.085307 0.004556 0.034780 0.164430 0.001557
0.000894 0.000009 0.000193 0.997758 0.001054 0.000058 0.000033
0.051763 0.001702 0.018794 0.234468 0.226836 0.463772 0.002666
0.025471 0.003063 0.061797 0.009091 0.549790 0.350153 0.000635
0.101330 0.001099 0.010806 0.570886 0.127229 0.174345 0.014305
0.001965 0.001388 0.201286 0.005200 0.002876 0.772527 0.014758
0.019900 0.001932 0.004310 0.065501 0.652852 0.227471 0.028034
0.029081 0.000532 0.004981 0.007083 0.057202 0.901118 0.000003
0.027905 0.001800 0.225154 0.056009 0.068600 0.619546 0.000986
0.030436 0.002623 0.028058 0.315142 0.038211 0.570396 0.015132
0.429197 0.287334 0.101997 0.000370 0.009434 0.171456 0.000213
0.003297 0.000246 0.594526 0.000982 0.317575 0.061500 0.021874
0.003612 0.004826 0.280181 0.004959 0.107591 0.595618 0.003212
0.083529 0.001435 0.083420 0.471223 0.062767 0.284810 0.012816
0.045612 0.001674 0.078975 0.072384 0.105259 0.642889 0.053208
0.038350 0.000052 0.002040 0.913498 0.042410 0.003597 0.000053
0.030686 0.007347 0.438624 0.027111 0.284942 0.206475 0.004815
0.673271 0.001557 0.220560 0.006462 0.045397 0.049803 0.002949
0.036216 0.001072 0.010502 0.132515 0.754936 0.061546 0.003212
0.001864 0.000812 0.096085 0.150139 0.029952 0.702812 0.018335
0.040595 0.000184 0.091243 0.028512 0.385242 0.387917 0.066307
0.252599 0.000046 0.004576 0.724471 0.013242 0.004749 0.000317
0.017573 0.003937 0.117419 0.001224 0.620492 0.204546 0.034810
0.007765 0.002174 0.018113 0.847526 0.090391 0.031699 0.002332
0.014889 0.000639 0.005851 0.665910 0.225243 0.071822 0.015645
0.012304 0.000032 0.043174 0.892134 0.043439 0.007676 0.001242
0.148748 0.011634 0.266459 0.000511 0.152892 0.412414 0.007341
0.259023 0.001156 0.076403 0.511529 0.016637 0.121418 0.013833
0.112222 0.022212 0.143027 0.005886 0.040166 0.675281 0.001205
0.014913 0.001834 0.016526 0.746899 0.001916 0.217474 0.000438
0.367540 0.016911 0.034953 0.051865 0.005120 0.146971 0.376641
0.052143 0.016612 0.017637 0.214616 0.061787 0.635320 0.001885
0.029950 0.002276 0.362654 0.131577 0.139593 0.322141 0.011809
0.154501 0.000418 0.028223 0.669230 0.012530 0.079094 0.056004
0.049120 0.003668 0.035250 0.770817 0.022376 0.055357 0.063412
0.004457 0.000524 0.000510 0.919213 0.066051 0.008555 0.000690
0.101165 0.000228 0.052818 0.007913 0.153765 0.678880 0.005230
0.318701 0.001185 0.099305 0.002787 0.039739 0.534211 0.004071
0.085466 0.001055 0.187843 0.015227 0.225705 0.447992 0.036711
0.001232 0.002618 0.024156 0.000620 0.002983 0.966766 0.001625
0.006273 0.000083 0.885106 0.047816 0.011627 0.041504 0.007590
0.023091 0.001091 0.055806 0.055373 0.303964 0.546165 0.014510
0.611481 0.004941 0.304278 0.000761 0.025549 0.050294 0.002697
0.017639 0.000168 0.052844 0.107845 0.554417 0.265687 0.001401
0.002878 0.000079 0.051459 0.009259 0.001841 0.934239 0.000245
0.008505 0.000122 0.004688 0.051394 0.005977 0.000911 0.928403
0.049195 0.002927 0.004979 0.769415 0.046077 0.125719 0.001689
0.060989 0.008952 0.036567 0.020525 0.102176 0.762497 0.008294
0.156846 0.003808 0.012477 0.584493 0.004283 0.226389 0.011702
0.015129 0.000822 0.306113 0.168228 0.167263 0.339781 0.002665
0.076813 0.002679 0.024178 0.070477 0.011156 0.814419 0.000278
0.207258 0.014431 0.052339 0.100818 0.067744 0.546650 0.010760
0.044216 0.129244 0.025675 0.063654 0.468125 0.263428 0.005658
0.108768 0.010970 0.327643 0.152817 0.022211 0.373701 0.003888
0.120793 0.000354 0.353577 0.091005 0.208966 0.164894 0.060410
0.307036 0.000453 0.021179 0.360894 0.110880 0.172754 0.026804
0.337887 0.044320 0.016815 0.385213 0.021452 0.190277 0.004036
0.129186 0.036417 0.086006 0.387547 0.140373 0.219740 0.000730
0.612399 0.000392 0.017698 0.001528 0.011924 0.275751 0.080309
0.049348 0.111548 0.376945 0.013974 0.154532 0.272294 0.021358
0.065018 0.004147 0.043827 0.149021 0.142363 0.436006 0.159619
0.188115 0.013009 0.066253 0.008544 0.658409 0.054116 0.011554
0.008723 0.000028 0.298373 0.044598 0.302487 0.210868 0.134924
0.122168 0.001171 0.260932 0.000225 0.022985 0.585085 0.007434
0.001821 0.000599 0.008012 0.948643 0.005008 0.033362 0.002555
0.027720 0.000216 0.010669 0.015819 0.714038 0.221991 0.009547
0.074133 0.003121 0.042610 0.348239 0.313758 0.171470 0.046669
0.005068 0.000083 0.006255 0.463139 0.132221 0.337707 0.055526
0.018257 0.037098 0.057105 0.065795 0.497743 0.318401 0.005601
0.010690 0.000257 0.007185 0.013915 0.348444 0.603029 0.016479
0.011873 0.012632 0.010124 0.000670 0.119121 0.845411 0.000170
0.135243 0.040168 0.094150 0.060999 0.246732 0.399998 0.022710
0.015888 0.001169 0.625935 0.271735 0.021044 0.062585 0.001644
0.259675 0.015012 0.062314 0.004463 0.137036 0.508934 0.012567
0.080728 0.003367 0.020062 0.007284 0.015361 0.869167 0.004030
0.166092 0.049216 0.165208 0.310830 0.146651 0.112480 0.049523
0.038584 0.003342 0.200954 0.019204 0.174288 0.419153 0.144476
0.386777 0.007608 0.076682 0.201791 0.008675 0.310602 0.007866
0.043137 0.000131 0.220185 0.090071 0.266218 0.366455 0.013801
0.044055 0.000221 0.383555 0.029327 0.009904 0.161532 0.371406
0.030138 0.000989 0.067414 0.095781 0.444115 0.316075 0.045488
0.038634 0.002313 0.714943 0.025594 0.019897 0.143125 0.055494
0.210880 0.032135 0.104473 0.012879 0.069532 0.375534 0.194567
0.345443 0.188644 0.217612 0.147637 0.019591 0.076259 0.004814
0.005788 0.000625 0.234922 0.189021 0.184870 0.350108 0.034664
0.137751 0.001210 0.051401 0.363854 0.064816 0.325981 0.054987
0.461361 0.028874 0.152982 0.005204 0.040689 0.287591 0.023297
0.006755 0.000249 0.009624 0.000124 0.095584 0.887553 0.000111
0.025103 0.000298 0.012244 0.002139 0.141768 0.810964 0.007484
0.442024 0.000349 0.010854 0.021560 0.064390 0.458540 0.002283
0.146557 0.033070 0.061451 0.004198 0.081551 0.658115 0.015058
0.080448 0.002653 0.113993 0.182363 0.036188 0.574497 0.009860
0.071838 0.000089 0.546258 0.049789 0.105477 0.192524 0.034025
0.013186 0.001496 0.088715 0.002819 0.023291 0.867968 0.002525
0.003339 0.003850 0.247450 0.075028 0.009620 0.226490 0.434222
0.025089 0.001317 0.083989 0.000710 0.719723 0.157340 0.011830
0.086886 0.000573 0.104404 0.025251 0.070563 0.698222 0.014101
0.003338 0.000229 0.028559 0.010311 0.025602 0.116273 0.815688
0.040737 0.000918 0.165284 0.497736 0.095532 0.180534 0.019260
0.151661 0.004842 0.058780 0.531327 0.083165 0.166001 0.004224
0.005801 0.000086 0.045081 0.724449 0.196375 0.027048 0.001160
0.014581 0.000224 0.036505 0.007563 0.771581 0.165787 0.003759
0.121529 0.006736 0.136607 0.074522 0.082583 0.542477 0.035547
0.005456 0.003336 0.179146 0.042090 0.370317 0.393545 0.006109
0.019837 0.002327 0.031420 0.045839 0.640377 0.253607 0.006593
0.010940 0.000110 0.010800 0.859238 0.019445 0.013910 0.085556
0.053108 0.012872 0.157362 0.015615 0.195953 0.495017 0.070073
0.003970 0.000691 0.024783 0.817996 0.030755 0.107613 0.014193
0.007451 0.000219 0.026422 0.070404 0.009051 0.886275 0.000178
0.047325 0.001111 0.266460 0.032138 0.406143 0.246599 0.000224
0.017907 0.019641 0.040889 0.003901 0.197216 0.720255 0.000190
0.027862 0.002492 0.049130 0.019596 0.575271 0.323684 0.001964
0.247449 0.000097 0.082715 0.031942 0.261258 0.164894 0.211646
0.406511 0.004644 0.084020 0.001132 0.090302 0.410971 0.002420
0.001815 0.003367 0.156874 0.030577 0.263917 0.433348 0.110102
0.132786 0.095724 0.225234 0.109882 0.015984 0.290640 0.129751
0.012309 0.005195 0.028764 0.875227 0.050589 0.021081 0.006835
0.231833 0.027532 0.054957 0.103410 0.151041 0.425660 0.005567
0.200595 0.015156 0.198728 0.124005 0.110632 0.350333 0.000552
0.046522 0.003829 0.209346 0.343707 0.041176 0.354191 0.001229
0.361549 0.000814 0.044693 0.339609 0.115320 0.118291 0.019724
0.007106 0.006264 0.016584 0.811862 0.008275 0.041007 0.108902
0.000968 0.001602 0.098490 0.090331 0.187469 0.618543 0.002598
0.033448 0.000236 0.039528 0.027211 0.321248 0.553365 0.024963
0.029244 0.001051 0.148920 0.030614 0.024831 0.661418 0.103923
0.045525 0.000997 0.089904 0.013574 0.013049 0.823924 0.013027
0.115304 0.002846 0.113957 0.000921 0.005845 0.745517 0.015611
0.001134 0.000178 0.198267 0.493866 0.047636 0.188609 0.070310
0.063608 0.009028 0.034954 0.000497 0.001510 0.890178 0.000225
0.001787 0.000883 0.010404 0.512762 0.425734 0.036862 0.011568
0.064698 0.033568 0.181785 0.319773 0.213387 0.177171 0.009619
0.001849 0.000082 0.006408 0.014949 0.001085 0.930272 0.045354
0.028068 0.000670 0.080163 0.143145 0.144171 0.517046 0.086738
0.039729 0.007346 0.519437 0.002193 0.012799 0.154561 0.263935
0.002280 0.001842 0.234619 0.022473 0.037113 0.700946 0.000726
0.136051 0.000359 0.136950 0.336526 0.206463 0.117582 0.066070
0.137140 0.000863 0.005969 0.107665 0.011861 0.730651 0.005850
0.189114 0.002407 0.085751 0.032731 0.011446 0.674638 0.003913
0.023345 0.020254 0.036781 0.200061 0.027363 0.684599 0.007597
0.126015 0.027619 0.040412 0.397904 0.028274 0.349066 0.030710
0.005259 0.007510 0.271862 0.021515 0.036275 0.618705 0.038875
0.003462 0.001745 0.138277 0.003731 0.006734 0.842543 0.003508
0.226903 0.001365 0.174427 0.087985 0.070228 0.420664 0.018428
0.002782 0.003569 0.113517 0.301825 0.297231 0.250903 0.030173
0.021170 0.007518 0.006761 0.518259 0.323759 0.108251 0.014282
0.208191 0.001560 0.130174 0.061623 0.125588 0.452212 0.020652
0.001351 0.000450 0.000442 0.019665 0.721971 0.255702 0.000419
0.288118 0.018087 0.063875 0.084746 0.202052 0.337579 0.005543
0.096759 0.000174 0.005744 0.123949 0.486393 0.279053 0.007929
0.175362 0.000166 0.114980 0.080808 0.415140 0.163575 0.049969
0.191792 0.000218 0.003872 0.020065 0.084995 0.690367 0.008692
0.031821 0.006027 0.047368 0.003988 0.229294 0.676472 0.005030
0.046541 0.010739 0.047772 0.389032 0.033045 0.472655 0.000216
0.014727 0.002302 0.035226 0.275525 0.393377 0.218428 0.060416
0.101606 0.001167 0.222457 0.096784 0.123180 0.405448 0.049358
0.457435 0.008959 0.219126 0.061823 0.160653 0.081568 0.010437
0.087414 0.028784 0.206254 0.042388 0.252558 0.381156 0.001447
0.022973 0.000006 0.000095 0.000002 0.025289 0.951633 0.000002
0.019316 0.000880 0.027260 0.709713 0.088860 0.153751 0.000220
0.014197 0.029998 0.292911 0.179244 0.006941 0.138892 0.337817
0.157606 0.005792 0.051230 0.053342 0.043964 0.681753 0.006313
0.487495 0.001647 0.241690 0.126256 0.030918 0.093070 0.018923
0.035406 0.065649 0.017595 0.031331 0.389362 0.449005 0.011652
0.285503 0.001767 0.033537 0.119708 0.291019 0.263524 0.004942
0.005105 0.011084 0.487166 0.195568 0.086473 0.210448 0.004157
0.096145 0.001921 0.053190 0.088172 0.440958 0.314001 0.005613
0.057042 0.124290 0.148680 0.010050 0.009899 0.643957 0.006080
0.008320 0.000007 0.016526 0.002326 0.005276 0.954417 0.013128
0.036984 0.000254 0.122842 0.228952 0.111122 0.492620 0.007226
0.024816 0.003261 0.013050 0.003525 0.109845 0.839049 0.006453
0.013638 0.003287 0.012851 0.483006 0.436216 0.045942 0.005059
0.000133 0.000049 0.005460 0.978977 0.007550 0.007754 0.000077
0.029010 0.000893 0.255880 0.154882 0.217756 0.072861 0.268717
0.061739 0.011076 0.303151 0.165537 0.067741 0.034607 0.356149
0.041497 0.002545 0.130661 0.099720 0.062147 0.557076 0.106354
0.515142 0.017849 0.039769 0.016997 0.049771 0.339706 0.020765
0.011779 0.001658 0.142583 0.355165 0.065869 0.394727 0.028219
0.117178 0.001542 0.656776 0.135115 0.011984 0.038009 0.039396
0.238216 0.000869 0.505119 0.174159 0.009733 0.049015 0.022889
0.000800 0.000064 0.011419 0.700889 0.218110 0.046647 0.022071
0.006588 0.002410 0.014835 0.708340 0.109612 0.157376 0.000839
0.043291 0.001638 0.258957 0.268678 0.282023 0.141600 0.003815
0.423292 0.012850 0.102036 0.228551 0.009209 0.145551 0.078510
0.003938 0.000716 0.025583 0.860371 0.003249 0.101849 0.004294
0.148300 0.000085 0.012931 0.085700 0.055881 0.685121 0.011982
0.026306 0.012553 0.074163 0.232898 0.171242 0.482713 0.000125
0.075596 0.008656 0.072502 0.726626 0.064695 0.039414 0.012510
0.019991 0.007656 0.015949 0.315740 0.044766 0.595063 0.000836
0.183202 0.001971 0.065287 0.055163 0.529640 0.095341 0.069398
0.000545 0.000002 0.022555 0.954000 0.012216 0.010124 0.000559
0.055185 0.012047 0.204977 0.060651 0.049573 0.606983 0.010583
0.236253 0.003924 0.030831 0.455103 0.006298 0.263068 0.004522
0.005672 0.000651 0.243314 0.015243 0.032486 0.600382 0.102254
0.012098 0.000670 0.009929 0.000521 0.300727 0.672768 0.003287
0.031985 0.002795 0.026182 0.286851 0.044390 0.538777 0.069021
0.034701 0.003179 0.159356 0.564898 0.029500 0.133211 0.075154
0.015193 0.000318 0.060345 0.397368 0.251806 0.246388 0.028581
0.014572 0.003904 0.168231 0.005068 0.438934 0.346935 0.022354
0.058774 0.021424 0.135181 0.375233 0.036689 0.033361 0.339339
0.048586 0.002292 0.128194 0.021766 0.112113 0.026372 0.660676
0.086542 0.033793 0.036496 0.083100 0.443888 0.313728 0.002453
0.143600 0.001946 0.030280 0.054235 0.406164 0.339823 0.023952
0.003577 0.001156 0.378029 0.086996 0.039669 0.476500 0.014074
0.006585 0.000191 0.040892 0.002917 0.032318 0.049875 0.867222
0.032838 0.003432 0.663863 0.005205 0.006050 0.288428 0.000184
0.294954 0.004975 0.014945 0.016516 0.002965 0.665061 0.000584
0.004980 0.000047 0.010798 0.000475 0.040007 0.929629 0.014063
0.755097 0.027108 0.048971 0.049944 0.043898 0.074941 0.000041
0.030872 0.002522 0.178134 0.001676 0.179790 0.604228 0.002777
0.059555 0.022736 0.068980 0.008950 0.363308 0.474000 0.002470
0.018382 0.000546 0.011167 0.036518 0.561179 0.324053 0.048155
0.830541 0.000585 0.008361 0.002976 0.103597 0.053749 0.000191
0.015416 0.007480 0.038006 0.002203 0.531873 0.052818 0.352204
0.204506 0.013636 0.274453 0.173975 0.020700 0.093240 0.219489
0.018762 0.000576 0.261690 0.088271 0.015338 0.613278 0.002084
0.136592 0.000868 0.281532 0.005355 0.009266 0.564575 0.001812
0.001896 0.000109 0.922089 0.001669 0.011591 0.041071 0.021575
0.179951 0.005167 0.068351 0.208151 0.271581 0.265496 0.001304
0.094727 0.045626 0.180163 0.129355 0.015974 0.517920 0.016234
0.009200 0.000381 0.206756 0.355361 0.018403 0.406826 0.003074
0.651341 0.000073 0.040326 0.111733 0.005347 0.149252 0.041928
0.005072 0.000468 0.018291 0.005791 0.904900 0.065135 0.000343
0.098795 0.001241 0.019747 0.005403 0.368152 0.501592 0.005069
0.013621 0.005956 0.088901 0.015784 0.129973 0.732262 0.013502
0.044303 0.002409 0.132017 0.088558 0.231343 0.496581 0.004789
0.012638 0.006253 0.009406 0.080309 0.048202 0.843154 0.000037
0.117318 0.000373 0.027422 0.656454 0.004815 0.183665 0.009953
0.029967 0.001495 0.097519 0.004625 0.089469 0.776129 0.000796
0.009160 0.004098 0.745674 0.048201 0.034062 0.026894 0.131911
0.018922 0.000307 0.010421 0.006765 0.162330 0.796789 0.004467
0.001371 0.011423 0.020148 0.036561 0.883595 0.045415 0.001487
0.002044 0.000221 0.134700 0.004201 0.004323 0.854239 0.000272
0.658168 0.037388 0.096175 0.002274 0.064309 0.141644 0.000041
0.235914 0.017575 0.179459 0.062993 0.090875 0.360720 0.052464
0.009092 0.001169 0.093188 0.495694 0.008150 0.390954 0.001753
0.018982 0.000174 0.513826 0.000087 0.202303 0.261776 0.002853
0.002077 0.000362 0.128506 0.003457 0.000537 0.859338 0.005722
0.072096 0.000560 0.007186 0.170990 0.600227 0.148665 0.000275
0.010963 0.000066 0.009402 0.427962 0.055281 0.495274 0.001052
0.969784 0.000458 0.001473 0.015154 0.001633 0.011002 0.000496
0.264446 0.001488 0.072017 0.022287 0.168799 0.469818 0.001146
0.230963 0.001083 0.056761 0.506050 0.038757 0.159358 0.007029
0.099947 0.010924 0.032663 0.023279 0.070174 0.749705 0.013308
0.034419 0.000018 0.008796 0.135481 0.812426 0.007524 0.001336
0.027705 0.002361 0.012326 0.000861 0.292853 0.663793 0.000101
0.014246 0.000094 0.207106 0.121417 0.000127 0.656583 0.000427
0.067444 0.003595 0.141786 0.046414 0.679033 0.054549 0.007179
0.763925 0.003850 0.004724 0.111288 0.026465 0.089352 0.000397
0.014512 0.001047 0.005823 0.078265 0.055158 0.841648 0.003547
0.035671 0.039560 0.071695 0.171754 0.031482 0.645104 0.004734
0.117672 0.001305 0.032993 0.199476 0.587201 0.046910 0.014444
0.007879 0.010137 0.114295 0.001471 0.667378 0.198653 0.000186
0.006160 0.000273 0.047649 0.000944 0.881526 0.060521 0.002927
0.066796 0.003055 0.130596 0.382997 0.012722 0.013514 0.390322
0.080559 0.000855 0.011998 0.143928 0.175889 0.453175 0.133596
0.108137 0.003657 0.009067 0.381362 0.027151 0.466281 0.004345
0.108550 0.000360 0.069233 0.040512 0.048495 0.730479 0.002370
0.515543 0.003181 0.075606 0.044205 0.246378 0.108422 0.006664
0.542187 0.003719 0.030521 0.273161 0.119193 0.027039 0.004181
0.033426 0.001240 0.009984 0.003935 0.016396 0.933670 0.001349
0.096813 0.012416 0.323171 0.044003 0.014851 0.504431 0.004314
0.017989 0.000689 0.649699 0.059186 0.067504 0.001148 0.203785
0.023658 0.000785 0.002764 0.821202 0.118799 0.030403 0.002389
0.236228 0.004015 0.087596 0.181449 0.132067 0.357230 0.001415
0.003420 0.001930 0.101085 0.001435 0.824238 0.058542 0.009350
0.036320 0.003916 0.004629 0.688847 0.252282 0.012730 0.001276
0.106268 0.002302 0.188926 0.053268 0.040479 0.607944 0.000813
0.102566 0.004772 0.176964 0.101429 0.347121 0.190202 0.076947
0.118495 0.000207 0.289156 0.195923 0.100491 0.276862 0.018866
0.118897 0.001875 0.047665 0.158861 0.129246 0.531188 0.012268
0.134062 0.000756 0.021441 0.555787 0.079588 0.207299 0.001067
0.003285 0.001702 0.202776 0.000017 0.047038 0.744592 0.000590
0.019156 0.020631 0.008608 0.779026 0.090012 0.074382 0.008186
0.013397 0.003081 0.294237 0.243514 0.047739 0.296454 0.101577
0.008731 0.000165 0.009054 0.536641 0.319902 0.119023 0.006485
0.858504 0.003109 0.062933 0.006400 0.040739 0.018450 0.009867
0.001152 0.000189 0.003484 0.006148 0.385070 0.603876 0.000080
0.048586 0.002292 0.128194 0.021766 0.112113 0.026372 0.660676
0.671417 0.003174 0.006434 0.262853 0.041383 0.012485 0.002254
0.115419 0.002127 0.005348 0.837387 0.013693 0.025999 0.000026
0.055723 0.003336 0.053681 0.003507 0.010159 0.872590 0.001005
0.002279 0.000769 0.129799 0.000307 0.000395 0.845756 0.020695
0.034156 0.004606 0.025393 0.333559 0.158501 0.436397 0.007388
0.097167 0.012103 0.060120 0.025949 0.035606 0.768800 0.000256
0.005033 0.020416 0.010576 0.926699 0.001769 0.035184 0.000324
0.025477 0.003261 0.122043 0.004044 0.669197 0.170681 0.005297
0.093016 0.061902 0.376801 0.033497 0.023518 0.207529 0.203738
0.041439 0.002466 0.403145 0.022669 0.410589 0.114891 0.004801
0.272080 0.001362 0.014302 0.579006 0.023434 0.109230 0.000586
0.042457 0.002943 0.112590 0.213802 0.048026 0.570284 0.009897
0.081725 0.009130 0.147198 0.303999 0.000954 0.381650 0.075343
0.005775 0.000318 0.107740 0.002212 0.021658 0.835425 0.026872
0.012733 0.000240 0.068347 0.407101 0.087601 0.423869 0.000110
0.008186 0.028447 0.108809 0.011656 0.761592 0.055869 0.025442
0.007113 0.002324 0.066946 0.669192 0.032409 0.205053 0.016964
0.005058 0.000344 0.013854 0.786298 0.017921 0.174237 0.002286
0.132030 0.017807 0.298165 0.008321 0.025759 0.460165 0.057753
0.052270 0.000673 0.284163 0.189763 0.016395 0.438669 0.018067
0.035423 0.000382 0.021813 0.066784 0.031430 0.842980 0.001188
0.201939 0.000379 0.026845 0.154245 0.393240 0.194056 0.029298
0.022072 0.023998 0.043722 0.003499 0.010633 0.896076 0.000002
0.079548 0.000014 0.014633 0.003478 0.895440 0.006848 0.000039
0.303212 0.147214 0.098216 0.206412 0.071479 0.112116 0.061351
0.076729 0.000292 0.013810 0.468255 0.147167 0.284987 0.008760
0.004489 0.000262 0.043862 0.096938 0.108221 0.728759 0.017469
0.008204 0.008802 0.093102 0.565858 0.001271 0.319305 0.003457
0.004136 0.005076 0.042159 0.002038 0.008095 0.935205 0.003292
0.021082 0.001196 0.018840 0.863992 0.055763 0.026768 0.012359
0.320036 0.000207 0.165362 0.084840 0.034565 0.386721 0.008268
0.014495 0.001024 0.027135 0.744779 0.028190 0.046718 0.137659
0.020775 0.003369 0.528280 0.209821 0.062892 0.155861 0.019002
0.001531 0.002465 0.608599 0.322657 0.000956 0.005769 0.058024
0.053041 0.001923 0.005185 0.851180 0.063576 0.021279 0.003815
0.037361 0.003656 0.231403 0.154774 0.086995 0.474556 0.011256
0.276472 0.003392 0.095162 0.120666 0.041880 0.393694 0.068735
0.035126 0.001771 0.048004 0.807542 0.011939 0.093838 0.001781
0.005001 0.002880 0.003864 0.923879 0.030108 0.034037 0.000231
0.025366 0.000099 0.131541 0.008309 0.103491 0.725286 0.005908
0.098915 0.004936 0.240365 0.116717 0.255025 0.278113 0.005929
0.022143 0.008227 0.030772 0.058286 0.300924 0.577218 0.002429
0.045015 0.128279 0.079782 0.244003 0.014909 0.155891 0.332121
0.000962 0.000063 0.000218 0.001921 0.960281 0.036395 0.000161
0.002139 0.000194 0.015655 0.074406 0.010911 0.892567 0.004129
0.151236 0.002711 0.038274 0.000364 0.646552 0.155612 0.005250
0.035001 0.008404 0.434287 0.132520 0.164450 0.096820 0.128519
0.056531 0.000165 0.064671 0.003760 0.671291 0.139418 0.064163
0.490150 0.000282 0.003979 0.000853 0.024357 0.480229 0.000150
0.018680 0.004176 0.099543 0.009881 0.035214 0.828174 0.004333
0.008054 0.000127 0.136361 0.225853 0.167351 0.399676 0.062578
0.056602 0.006482 0.290140 0.001280 0.267531 0.367193 0.010773
0.275008 0.002229 0.104981 0.191412 0.321905 0.084554 0.019911
0.369349 0.026001 0.024104 0.024963 0.159338 0.396070 0.000175
0.042510 0.001121 0.189521 0.012287 0.233045 0.516894 0.004622
0.050143 0.026810 0.277582 0.140637 0.231889 0.114870 0.158069
0.018659 0.000007 0.143699 0.059523 0.756452 0.021651 0.000009
0.397059 0.070564 0.059276 0.000034 0.017579 0.455477 0.000011
0.007543 0.000240 0.003701 0.129342 0.466458 0.381312 0.011403
0.103674 0.000679 0.042135 0.228617 0.486298 0.122274 0.016324
0.057575 0.001874 0.043223 0.006514 0.093561 0.616062 0.181190
0.013828 0.000218 0.063179 0.817822 0.002478 0.098007 0.004467
0.051286 0.037156 0.098528 0.404043 0.072964 0.316823 0.019201
0.575043 0.000086 0.161642 0.000692 0.021655 0.240291 0.000591
0.513260 0.001906 0.304249 0.021646 0.020523 0.101648 0.036768
0.027842 0.005916 0.364615 0.006803 0.009878 0.574415 0.010532
0.112347 0.003234 0.098448 0.016189 0.175247 0.586995 0.007540
0.006258 0.001586 0.151257 0.002394 0.201592 0.636325 0.000590
0.031622 0.004879 0.189892 0.014661 0.427983 0.154803 0.176160
0.128658 0.005494 0.066495 0.428591 0.082193 0.277889 0.010681
0.062863 0.000476 0.021013 0.468554 0.010229 0.436611 0.000253
0.322585 0.014631 0.047518 0.216753 0.111227 0.234205 0.053080
0.007668 0.000237 0.304739 0.004715 0.045121 0.607719 0.029801
0.420699 0.003513 0.009354 0.417433 0.058870 0.089096 0.001036
0.022024 0.004926 0.146653 0.570679 0.013169 0.108372 0.134177
0.005984 0.000030 0.027465 0.006910 0.038251 0.921145 0.000215
0.028766 0.002327 0.120906 0.001067 0.213266 0.632291 0.001378
0.026159 0.003337 0.142956 0.022039 0.007952 0.766649 0.030909
0.048635 0.001837 0.021233 0.197139 0.497643 0.221059 0.012453
0.004430 0.039018 0.070066 0.119542 0.011556 0.745824 0.009563
0.019880 0.003391 0.237467 0.005106 0.112608 0.619855 0.001694
0.054699 0.006894 0.097352 0.001445 0.014550 0.793261 0.031800
0.072404 0.000650 0.023597 0.703440 0.108782 0.061865 0.029263
0.008530 0.004226 0.609860 0.087374 0.007713 0.162635 0.119662
0.008533 0.051352 0.319777 0.000496 0.094293 0.508148 0.017401
0.003938 0.001054 0.057713 0.004435 0.434766 0.490343 0.007751
0.109803 0.002842 0.256376 0.140902 0.257291 0.225976 0.006810
0.020950 0.033330 0.155763 0.001913 0.033400 0.753578 0.001065
0.003452 0.000073 0.119491 0.025325 0.009814 0.821726 0.020120
0.042228 0.004800 0.098728 0.187110 0.065097 0.589744 0.012293
0.232635 0.004447 0.069651 0.214656 0.223596 0.247875 0.007140
0.054610 0.001140 0.017417 0.186568 0.068252 0.667418 0.004594
0.027443 0.000263 0.123957 0.474243 0.093678 0.276115 0.004301
0.066394 0.017060 0.068849 0.056001 0.076643 0.701981 0.013071
0.047097 0.020186 0.023720 0.004234 0.835573 0.069125 0.000064
0.818003 0.078791 0.078982 0.004736 0.003922 0.015045 0.000521
0.063690 0.005852 0.015944 0.678171 0.178954 0.051473 0.005917
0.048585 0.001228 0.015827 0.007706 0.635115 0.279265 0.012275
0.015414 0.000026 0.000799 0.727847 0.014809 0.240729 0.000376
0.012132 0.000205 0.325062 0.104193 0.234058 0.319040 0.005311
0.038242 0.000593 0.003938 0.541077 0.271255 0.134109 0.010786
0.054593 0.012425 0.247173 0.086622 0.015202 0.371204 0.212782
0.006526 0.000612 0.071207 0.068987 0.447493 0.403919 0.001257
0.019628 0.000505 0.061044 0.029626 0.035072 0.826340 0.027785
0.024335 0.008283 0.039968 0.445503 0.149238 0.330454 0.002218
0.105251 0.004914 0.035727 0.035243 0.013049 0.803725 0.002092
0.011822 0.000370 0.090780 0.510978 0.202761 0.178919 0.004369
0.037511 0.010909 0.186122 0.010907 0.281168 0.449028 0.024354
0.007312 0.000582 0.004477 0.914924 0.065566 0.005099 0.002039
0.041968 0.000143 0.041722 0.000010 0.814734 0.093822 0.007599
0.067082 0.007463 0.011182 0.766093 0.038332 0.103092 0.006756
0.143794 0.004725 0.009881 0.086518 0.299217 0.427211 0.028654
0.127087 0.005157 0.450420 0.106084 0.016179 0.181962 0.113110
0.378996 0.025055 0.308910 0.019780 0.027807 0.220921 0.018532
0.022622 0.132733 0.226267 0.234919 0.170143 0.186629 0.026687
0.001659 0.000046 0.019332 0.281179 0.053244 0.643553 0.000988
0.339841 0.000750 0.048686 0.032085 0.021386 0.383918 0.173334
0.856300 0.000104 0.036219 0.015937 0.055765 0.034920 0.000755
0.299387 0.055328 0.102502 0.479156 0.016025 0.042681 0.004921
0.745268 0.000814 0.026675 0.000200 0.004947 0.221943 0.000153
0.119281 0.000005 0.020811 0.000847 0.012324 0.846705 0.000026
0.070077 0.003255 0.184968 0.529004 0.072754 0.075321 0.064620
0.010230 0.035909 0.095890 0.054614 0.157229 0.507223 0.138904
0.001294 0.000298 0.009404 0.747393 0.037658 0.199362 0.004590
0.002444 0.000062 0.070145 0.034498 0.059458 0.832420 0.000972
0.252014 0.000057 0.170950 0.057233 0.243771 0.257985 0.017991
0.055755 0.002476 0.018215 0.283367 0.292392 0.345492 0.002303
0.004947 0.002062 0.888737 0.000234 0.013047 0.087352 0.003620
0.005814 0.000032 0.086760 0.059396 0.167289 0.409512 0.271197
0.346922 0.001221 0.020487 0.011243 0.500784 0.117897 0.001445
0.017044 0.001934 0.040669 0.004585 0.922288 0.012344 0.001137
0.020348 0.014454 0.039276 0.009962 0.450056 0.454816 0.011088
0.114900 0.019998 0.257838 0.002386 0.194417 0.403672 0.006789
0.225098 0.003314 0.081904 0.243062 0.086147 0.354843 0.005631
0.242691 0.018831 0.012705 0.038864 0.167797 0.506643 0.012470
0.001164 0.000946 0.052588 0.626938 0.012506 0.201512 0.104346
0.016618 0.008350 0.542781 0.022958 0.057001 0.330764 0.021527
0.024153 0.013919 0.119662 0.045986 0.076003 0.719674 0.000604
0.019007 0.001168 0.251432 0.197592 0.019313 0.511387 0.000101
0.064382 0.002614 0.015325 0.001478 0.057893 0.851778 0.006530
0.002192 0.022642 0.115052 0.084160 0.003184 0.768890 0.003881
0.021089 0.003497 0.034911 0.021635 0.183698 0.733245 0.001925
0.028306 0.003538 0.073750 0.260953 0.181293 0.449336 0.002824
0.037537 0.002424 0.365477 0.031090 0.332624 0.212184 0.018664
0.354355 0.000090 0.030252 0.002315 0.029406 0.583561 0.000021
0.015951 0.002113 0.005108 0.088199 0.681749 0.206256 0.000624
0.141274 0.005300 0.068169 0.229793 0.132551 0.384477 0.038435
0.351985 0.279772 0.036836 0.003216 0.046338 0.237891 0.043963
0.042161 0.000712 0.021110 0.122522 0.011221 0.802080 0.000194
0.046149 0.000756 0.021745 0.004399 0.675793 0.226007 0.025150
0.022518 0.000867 0.503876 0.266379 0.068573 0.029956 0.107831
0.013135 0.012181 0.056153 0.882128 0.004280 0.031966 0.000156
0.003148 0.027331 0.005447 0.396625 0.275901 0.291190 0.000358
0.063604 0.002571 0.073175 0.496955 0.074361 0.127991 0.161343
0.007997 0.001579 0.127659 0.684207 0.009328 0.168838 0.000392
0.169437 0.012655 0.160564 0.090088 0.094872 0.379375 0.093009
0.054786 0.014354 0.435178 0.015447 0.068525 0.409433 0.002278
0.000785 0.000138 0.078538 0.782727 0.021668 0.103737 0.012406
0.030574 0.001815 0.137639 0.035063 0.446137 0.329349 0.019425
0.018663 0.001166 0.218449 0.204395 0.000867 0.556401 0.000059
0.113763 0.000582 0.009163 0.028146 0.189177 0.659150 0.000019
0.035359 0.000070 0.105779 0.000725 0.325998 0.529462 0.002607
0.024457 0.001403 0.165318 0.015905 0.074913 0.588683 0.129322
0.093470 0.000040 0.034753 0.557532 0.216240 0.083163 0.014803
0.034986 0.001193 0.369564 0.289606 0.020433 0.222534 0.061685
0.230596 0.001801 0.109970 0.302720 0.020804 0.332861 0.001248
0.036155 0.005363 0.005521 0.000916 0.333196 0.618313 0.000535
0.000870 0.003929 0.055915 0.018588 0.027423 0.876716 0.016558
0.105754 0.018376 0.579145 0.153091 0.055417 0.052572 0.035644
0.031078 0.002574 0.145570 0.001212 0.005615 0.813578 0.000373
0.106999 0.001286 0.107493 0.219646 0.090823 0.299276 0.174477
0.577215 0.003800 0.078131 0.005559 0.031937 0.283481 0.019878
0.055322 0.004587 0.269945 0.327302 0.010094 0.319912 0.012838
0.145166 0.016963 0.493776 0.000746 0.102567 0.225814 0.014969
0.124543 0.044411 0.508658 0.005676 0.054948 0.210442 0.051322
0.120341 0.004259 0.190048 0.059332 0.122951 0.502024 0.001046
0.045860 0.003023 0.108520 0.114611 0.163375 0.397742 0.166868
0.006261 0.004384 0.604065 0.016947 0.053971 0.314128 0.000244
0.004147 0.003086 0.169387 0.018340 0.629203 0.175623 0.000214
0.004603 0.000391 0.209292 0.000262 0.198967 0.452126 0.134360
0.624356 0.000026 0.020325 0.289502 0.044445 0.010324 0.011023
0.001906 0.000263 0.002154 0.593384 0.056611 0.345236 0.000446
0.135879 0.001823 0.128450 0.000234 0.073853 0.659498 0.000264
0.051989 0.004664 0.073506 0.003478 0.591449 0.273942 0.000972
0.047810 0.001101 0.045476 0.102833 0.041208 0.760614 0.000958
0.122727 0.002329 0.200800 0.332724 0.089180 0.244353 0.007886
0.018749 0.001635 0.753935 0.012521 0.008022 0.163011 0.042128
0.005272 0.000077 0.005749 0.021575 0.028180 0.938418 0.000730
0.300040 0.000825 0.106206 0.036200 0.067668 0.482190 0.006871
0.090740 0.005360 0.139794 0.016402 0.266815 0.354525 0.126365
0.028855 0.001893 0.042325 0.010379 0.009398 0.907104 0.000046
0.022001 0.032827 0.086203 0.003024 0.555707 0.299957 0.000281
0.484770 0.001369 0.028011 0.137616 0.156826 0.168222 0.023186
0.189769 0.065443 0.226648 0.030052 0.072954 0.271192 0.143942
0.072090 0.003493 0.029854 0.299965 0.074366 0.454999 0.065233
0.052658 0.002356 0.162140 0.004343 0.354721 0.300612 0.123169
0.040302 0.003579 0.010561 0.794688 0.029789 0.032355 0.088727
0.170583 0.002442 0.064223 0.073116 0.035559 0.652777 0.001301
0.000682 0.000087 0.021717 0.000247 0.810524 0.166528 0.000214
0.026635 0.001723 0.025976 0.331395 0.246024 0.347103 0.021145
0.020431 0.001863 0.044195 0.000279 0.687717 0.240240 0.005275
0.178793 0.000133 0.087753 0.089539 0.109872 0.413408 0.120503
0.024709 0.004666 0.268443 0.022273 0.012837 0.654373 0.012698
0.000660 0.000630 0.015318 0.004358 0.012953 0.965600 0.000481
0.470563 0.000481 0.156495 0.026945 0.238925 0.102124 0.004466
0.014291 0.000971 0.714454 0.002426 0.108214 0.117556 0.042087
0.029335 0.000558 0.030109 0.000264 0.449499 0.481103 0.009131
0.033777 0.032085 0.051071 0.101586 0.671851 0.059662 0.049968
0.026511 0.000714 0.043238 0.014783 0.240265 0.673609 0.000881
0.127746 0.005894 0.154690 0.173285 0.393176 0.125331 0.019878
0.223179 0.001872 0.314605 0.037009 0.044536 0.044875 0.333923
0.370909 0.001637 0.035046 0.067741 0.309626 0.209767 0.005275
0.066879 0.008494 0.145395 0.079912 0.397594 0.200443 0.101283
0.019403 0.002486 0.032436 0.089020 0.757687 0.089452 0.009517
0.030643 0.002745 0.132059 0.002304 0.000672 0.686661 0.144916
0.010473 0.000205 0.011744 0.003661 0.001185 0.969669 0.003063
0.151504 0.009103 0.276193 0.008188 0.012791 0.532094 0.010127
0.237518 0.002278 0.100035 0.434981 0.037432 0.170956 0.016800
0.008440 0.001461 0.116248 0.269008 0.249261 0.025607 0.329976
0.005829 0.000409 0.015796 0.558676 0.051516 0.334872 0.032902
0.079040 0.004996 0.541851 0.002379 0.034145 0.333903 0.003686
0.579481 0.004375 0.006879 0.007740 0.023390 0.351798 0.026336
0.002422 0.000117 0.067242 0.014666 0.047635 0.860958 0.006960
0.059252 0.002305 0.223629 0.005107 0.340618 0.304174 0.064915
0.079812 0.038018 0.170792 0.208626 0.325260 0.139107 0.038385
0.052535 0.005540 0.072550 0.016451 0.402338 0.422049 0.028536
0.044398 0.001448 0.449854 0.049490 0.078888 0.199832 0.176090
0.076184 0.024184 0.152467 0.033888 0.628214 0.045918 0.039145
0.011256 0.006095 0.878241 0.002980 0.032438 0.046533 0.022458
0.094850 0.012077 0.075117 0.006005 0.069631 0.737927 0.004394
0.360683 0.000084 0.038263 0.133752 0.027580 0.423121 0.016518
0.041374 0.002460 0.271315 0.010439 0.025821 0.634853 0.013738
0.477672 0.003312 0.065634 0.008894 0.416335 0.027002 0.001150
0.025240 0.003373 0.044482 0.107785 0.295929 0.519866 0.003325
0.019738 0.006508 0.015012 0.010050 0.003540 0.920647 0.024507
0.160272 0.010354 0.067809 0.223420 0.328732 0.159519 0.049894
0.000387 0.000255 0.904316 0.000234 0.059879 0.033132 0.001796
0.236032 0.001096 0.129591 0.006511 0.026959 0.595101 0.004709
0.038069 0.005860 0.065448 0.167980 0.130705 0.476601 0.115337
0.131905 0.002494 0.033418 0.567303 0.071965 0.190819 0.002096
0.002228 0.000038 0.037712 0.008303 0.011736 0.939679 0.000304
0.001491 0.000902 0.020145 0.000295 0.903715 0.073451 0.000001
0.206039 0.002665 0.186197 0.018269 0.102792 0.482858 0.001181
0.152097 0.004916 0.051533 0.096206 0.051282 0.643182 0.000785
0.041511 0.003400 0.355587 0.341144 0.036955 0.215147 0.006256
0.077622 0.006253 0.087907 0.525939 0.005345 0.025216 0.271717
0.001026 0.002530 0.714312 0.002707 0.020648 0.032148 0.226629
0.000239 0.000133 0.897954 0.021796 0.072177 0.006287 0.001414
0.102486 0.018796 0.010900 0.000006 0.012848 0.854936 0.000030
0.572178 0.000600 0.012280 0.004533 0.044704 0.358940 0.006766
0.127747 0.013294 0.119379 0.036306 0.074854 0.624598 0.003822
0.034894 0.001419 0.010690 0.096662 0.101421 0.675959 0.078956
0.011915 0.002846 0.012839 0.824700 0.046723 0.091614 0.009363
0.021065 0.007621 0.022503 0.004593 0.782699 0.157782 0.003738
0.212763 0.011194 0.032774 0.283509 0.076515 0.235411 0.147834
0.092833 0.001179 0.110813 0.646831 0.040523 0.031690 0.076132
0.055723 0.003336 0.053681 0.003507 0.010159 0.872590 0.001005
0.008631 0.002687 0.024448 0.087340 0.744931 0.115807 0.016157
0.151626 0.001417 0.246445 0.114628 0.211111 0.226929 0.047842
0.032926 0.001198 0.517357 0.016515 0.313645 0.107015 0.011345
0.012754 0.004321 0.098921 0.197078 0.012798 0.670239 0.003889
0.003066 0.007200 0.019781 0.008976 0.026339 0.933242 0.001395
0.056567 0.000642 0.060767 0.006324 0.007739 0.867100 0.000862
0.311624 0.012322 0.275119 0.052599 0.024963 0.219120 0.104253
0.014697 0.005172 0.050717 0.138337 0.057783 0.733261 0.000033
0.029400 0.002139 0.177165 0.017864 0.040014 0.733357 0.000060
0.167184 0.018879 0.277225 0.012458 0.060817 0.451081 0.012355
0.218492 0.005017 0.429315 0.095942 0.138625 0.056072 0.056538
0.180973 0.004323 0.009574 0.000205 0.318780 0.481672 0.004474
0.323985 0.004679 0.029192 0.072820 0.419814 0.144388 0.005122
0.091864 0.001519 0.191353 0.338124 0.147281 0.225041 0.004817
0.046713 0.000128 0.087870 0.034237 0.312795 0.517032 0.001226
0.035928 0.002306 0.008847 0.386342 0.208211 0.342247 0.016120
0.210180 0.005190 0.188654 0.068267 0.039587 0.478041 0.010081
0.273681 0.038246 0.439413 0.022016 0.007063 0.203863 0.015717
0.281188 0.002693 0.012884 0.688715 0.000613 0.013609 0.000297
0.019478 0.002833 0.024443 0.301950 0.514219 0.122967 0.014110
0.179081 0.001051 0.029451 0.015942 0.333181 0.441200 0.000095
0.003002 0.000279 0.617517 0.001560 0.004940 0.368296 0.004406
0.080542 0.013686 0.045459 0.417869 0.264574 0.176976 0.000894
0.489251 0.059161 0.164367 0.001433 0.020505 0.262466 0.002816
0.086587 0.001604 0.029986 0.037640 0.305966 0.530659 0.007557
0.007507 0.000271 0.059989 0.028127 0.595191 0.304459 0.004456
0.086671 0.002227 0.566706 0.016364 0.269964 0.056902 0.001166
0.004408 0.001940 0.338990 0.153514 0.363564 0.136943 0.000641
0.034892 0.000318 0.467757 0.066665 0.020664 0.375693 0.034012
0.669208 0.057871 0.028560 0.039545 0.022807 0.176694 0.005315
0.125194 0.088816 0.235930 0.197870 0.011426 0.309940 0.030825
0.011153 0.003705 0.005645 0.905774 0.012942 0.047919 0.012862
0.086296 0.006654 0.006485 0.145184 0.009795 0.744214 0.001372
0.106400 0.004671 0.079930 0.188662 0.104367 0.515142 0.000828
0.054272 0.005147 0.052878 0.479585 0.078678 0.328911 0.000528
0.014867 0.001002 0.065918 0.301985 0.128352 0.393122 0.094755
0.006014 0.039440 0.094830 0.005697 0.011778 0.753523 0.088718
0.076937 0.009967 0.061617 0.035388 0.519059 0.285205 0.011828
0.144622 0.000558 0.107748 0.209112 0.018217 0.513499 0.006243
0.434480 0.000209 0.005227 0.024805 0.172477 0.358061 0.004742
0.016154 0.001525 0.122871 0.016335 0.662885 0.173623 0.006606
0.211197 0.000555 0.044102 0.114643 0.032165 0.563682 0.033656
0.238692 0.007411 0.071063 0.193721 0.299270 0.187840 0.002003
0.190566 0.026611 0.189313 0.005396 0.040233 0.547172 0.000709
0.005775 0.000318 0.107740 0.002212 0.021658 0.835425 0.026872
0.113807 0.003220 0.046076 0.162250 0.416709 0.244721 0.013217
0.187361 0.004707 0.134194 0.438339 0.020096 0.165468 0.049835
0.148919 0.000436 0.084979 0.016134 0.642611 0.090797 0.016123
0.084544 0.002799 0.739623 0.004278 0.019368 0.142324 0.007064
0.094527 0.002152 0.028061 0.391940 0.060131 0.417373 0.005816
0.007749 0.000461 0.116925 0.004083 0.373372 0.387908 0.109502
0.029429 0.000969 0.046148 0.005613 0.412083 0.505743 0.000015
0.585958 0.008720 0.038858 0.028635 0.081842 0.222281 0.033706
0.049474 0.000032 0.425502 0.004869 0.008126 0.508725 0.003272
0.032640 0.000665 0.028855 0.302013 0.059005 0.574245 0.002578
0.083471 0.000593 0.008520 0.002397 0.284203 0.619572 0.001243
0.076867 0.014448 0.669778 0.151421 0.002512 0.041358 0.043617
0.033748 0.003434 0.560187 0.010377 0.023730 0.359982 0.008543
0.353306 0.013647 0.054954 0.116918 0.077657 0.381619 0.001899
0.017357 0.107564 0.146370 0.063023 0.292246 0.368411 0.005029
0.049124 0.000747 0.159921 0.018797 0.460671 0.309964 0.000776
0.093364 0.000389 0.070107 0.660318 0.089778 0.060001 0.026043
0.016401 0.001406 0.152667 0.000656 0.144955 0.683485 0.000431
0.019413 0.000541 0.017588 0.176444 0.035824 0.695809 0.054381
0.070310 0.033608 0.074321 0.003734 0.028015 0.788315 0.001698
0.187244 0.000448 0.071862 0.026333 0.009060 0.546718 0.158336
0.016185 0.000190 0.144692 0.408626 0.017597 0.397152 0.015558
0.055476 0.000862 0.237519 0.017822 0.105616 0.163494 0.419211
0.348231 0.008202 0.018506 0.069205 0.067532 0.473086 0.015237
0.021020 0.000474 0.000312 0.755448 0.163122 0.057514 0.002111
0.044971 0.001844 0.112769 0.252585 0.004309 0.583173 0.000349
0.173977 0.000156 0.082939 0.595135 0.021412 0.103698 0.022683
0.015074 0.000545 0.069578 0.744374 0.075100 0.089970 0.005359
0.016808 0.001755 0.028667 0.017275 0.355289 0.579612 0.000595
0.077239 0.003317 0.026662 0.088069 0.055211 0.747578 0.001924
0.017538 0.009748 0.158003 0.145706 0.054393 0.606920 0.007693
0.079142 0.000029 0.308417 0.215747 0.284081 0.110268 0.002317
0.009056 0.022398 0.003704 0.678987 0.276766 0.007754 0.001334
0.027682 0.025243 0.171742 0.021096 0.383847 0.360361 0.010029
0.095292 0.016271 0.260824 0.002408 0.546085 0.078055 0.001065
0.285536 0.000886 0.099622 0.416231 0.050564 0.137033 0.010128
0.035605 0.117438 0.650781 0.000108 0.045402 0.108490 0.042177
0.016387 0.001188 0.016384 0.031738 0.023368 0.902217 0.008719
0.294276 0.007569 0.193699 0.249923 0.069788 0.127695 0.057050
0.384739 0.002754 0.077945 0.059469 0.190525 0.277092 0.007475
0.011874 0.011642 0.499386 0.006850 0.056931 0.412645 0.000671
0.041652 0.004978 0.036345 0.807262 0.051164 0.057276 0.001323
0.050894 0.009198 0.047742 0.034536 0.100829 0.712352 0.044449
0.014813 0.002822 0.606377 0.004176 0.070862 0.291801 0.009149
0.011405 0.000035 0.061156 0.001106 0.069477 0.854323 0.002497
0.032868 0.000268 0.037083 0.491211 0.203993 0.085978 0.148598
0.358689 0.003374 0.007807 0.004703 0.415202 0.137896 0.072329
0.092984 0.163150 0.516433 0.001366 0.045081 0.163026 0.017960
0.346205 0.001068 0.042669 0.017102 0.032876 0.557344 0.002736
0.035362 0.004952 0.117655 0.310660 0.025160 0.499006 0.007206
0.002021 0.001800 0.009330 0.921683 0.022186 0.042950 0.000030
0.099788 0.004662 0.105175 0.001946 0.701492 0.085215 0.001722
0.056666 0.002336 0.115032 0.149518 0.205267 0.470461 0.000722
0.008268 0.003368 0.125186 0.008317 0.053635 0.799583 0.001643
0.002964 0.000321 0.035236 0.002509 0.006068 0.950909 0.001992
0.031308 0.006965 0.131641 0.038679 0.134986 0.559946 0.096476
0.056518 0.008525 0.014860 0.320293 0.122103 0.450925 0.026775
0.239885 0.000283 0.050886 0.031694 0.055368 0.598466 0.023418
0.000602 0.000103 0.001674 0.000428 0.934237 0.062857 0.000099
0.273859 0.002104 0.031433 0.065221 0.117663 0.505517 0.004202
0.046445 0.002515 0.255064 0.009822 0.457302 0.223937 0.004915
0.160673 0.002504 0.099413 0.044461 0.629629 0.056470 0.006851
0.101723 0.025231 0.337601 0.100944 0.120219 0.306415 0.007866
0.015200 0.005199 0.038071 0.024971 0.015443 0.899511 0.001605
0.002955 0.000012 0.001145 0.004967 0.983857 0.006855 0.000208
0.042917 0.001490 0.115252 0.343582 0.289009 0.162161 0.045589
0.119493 0.002037 0.002527 0.160157 0.493601 0.220280 0.001904
0.019527 0.010210 0.050412 0.206846 0.193592 0.496302 0.023110
0.225301 0.002086 0.006078 0.542848 0.026662 0.196704 0.000320
0.216935 0.015892 0.062766 0.600519 0.000430 0.102353 0.001105
0.038541 0.000341 0.020782 0.498663 0.073635 0.360246 0.007793
0.016532 0.000340 0.007039 0.043268 0.047999 0.884287 0.000535
0.094076 0.000480 0.154388 0.676185 0.016378 0.040877 0.017615
0.000966 0.001981 0.020346 0.070391 0.093483 0.812451 0.000381
0.026198 0.005971 0.030505 0.593276 0.152285 0.175785 0.015980
0.074043 0.004751 0.295328 0.354749 0.091736 0.118619 0.060773
0.080875 0.002881 0.113971 0.015504 0.106636 0.680022 0.000112
0.027349 0.000908 0.146584 0.049078 0.292389 0.478496 0.005196
0.015109 0.001912 0.027617 0.018061 0.259399 0.676299 0.001602
0.004786 0.003105 0.102469 0.000831 0.000741 0.886989 0.001079
0.207230 0.004376 0.312621 0.214255 0.076569 0.184140 0.000810
0.008317 0.007672 0.029732 0.555828 0.169336 0.229010 0.000106
0.019339 0.080948 0.068898 0.001603 0.134904 0.693888 0.000419
0.080456 0.000488 0.277447 0.137208 0.295287 0.202435 0.006680
0.440580 0.001245 0.013003 0.271186 0.122690 0.125161 0.026135
0.344334 0.047111 0.093930 0.207111 0.110619 0.192256 0.004640
0.383879 0.000903 0.090274 0.032712 0.262397 0.196700 0.033134
0.049743 0.004903 0.088326 0.318588 0.019839 0.517090 0.001511
0.012279 0.000138 0.001221 0.067590 0.108909 0.809509 0.000354
0.001607 0.000209 0.060873 0.029349 0.001360 0.901144 0.005457
0.105675 0.000528 0.036592 0.000341 0.439911 0.404988 0.011964
0.695872 0.001409 0.042534 0.027392 0.126539 0.042943 0.063312
0.012577 0.000501 0.002923 0.978651 0.003818 0.001440 0.000090
0.075529 0.000809 0.607392 0.250623 0.024407 0.038582 0.002657
0.022081 0.001809 0.049405 0.587223 0.181439 0.145524 0.012520
0.046619 0.000372 0.046667 0.186796 0.388516 0.035609 0.295421
0.051321 0.000984 0.088933 0.054854 0.116377 0.681903 0.005627
0.078502 0.022247 0.092486 0.506766 0.065729 0.233975 0.000295
0.007026 0.001516 0.182002 0.008934 0.270585 0.526348 0.003589
0.340822 0.056689 0.080253 0.080950 0.129763 0.308058 0.003465
0.429286 0.000104 0.015006 0.495075 0.029313 0.028354 0.002863
0.102923 0.003790 0.086024 0.008948 0.288953 0.477191 0.032172
0.015879 0.000232 0.190216 0.040376 0.270931 0.480217 0.002149
0.014942 0.001147 0.046267 0.007085 0.557096 0.360722 0.012742
0.300767 0.006445 0.047564 0.092359 0.185783 0.301167 0.065915
0.014528 0.070111 0.262408 0.073091 0.280141 0.213332 0.086388
0.220104 0.000000 0.000186 0.534376 0.000401 0.244931 0.000002
0.021578 0.008974 0.007610 0.282924 0.085331 0.593115 0.000469
0.000758 0.000034 0.060257 0.001989 0.004645 0.008333 0.923984
0.476736 0.000358 0.142031 0.014964 0.021108 0.106510 0.238294
0.188557 0.002403 0.017126 0.175494 0.267259 0.312450 0.036711
0.093235 0.004651 0.006385 0.004927 0.656511 0.233283 0.001008
0.006564 0.004645 0.059276 0.426035 0.003061 0.478499 0.021921
0.095000 0.005093 0.259687 0.162230 0.130207 0.302015 0.045768
0.202703 0.000304 0.005564 0.662828 0.042959 0.085492 0.000150
0.007264 0.000171 0.215007 0.016020 0.018193 0.741410 0.001934
0.111231 0.000210 0.029802 0.069195 0.094305 0.694607 0.000650
0.161814 0.022753 0.081752 0.000551 0.034850 0.687777 0.010503
0.154561 0.001424 0.177228 0.016672 0.187905 0.074478 0.387731
0.060126 0.001104 0.020327 0.026487 0.005957 0.874874 0.011127
0.237681 0.000310 0.058582 0.369589 0.209241 0.108716 0.015881
0.094553 0.000812 0.180019 0.005103 0.043138 0.669062 0.007313
0.054481 0.000962 0.075952 0.131431 0.580907 0.135754 0.020514
0.056137 0.017257 0.045164 0.038334 0.128937 0.709777 0.004394
0.105732 0.011217 0.109695 0.047512 0.009680 0.654694 0.061470
0.006648 0.001452 0.039267 0.836568 0.076757 0.034771 0.004536
0.395100 0.014231 0.047960 0.006016 0.041439 0.495148 0.000105
0.235446 0.134333 0.076309 0.484127 0.002817 0.053682 0.013286
0.096203 0.002586 0.088738 0.001445 0.132063 0.533732 0.145234
0.007507 0.000044 0.049283 0.000851 0.012981 0.918930 0.010404
0.059222 0.016772 0.345393 0.186188 0.138095 0.242264 0.012067
0.058283 0.006819 0.158192 0.162500 0.025267 0.452251 0.136689
0.031504 0.004088 0.032072 0.002958 0.003341 0.925234 0.000803
0.030872 0.002522 0.178134 0.001676 0.179790 0.604228 0.002777
0.005105 0.000709 0.196150 0.632369 0.098826 0.051044 0.015797
0.004011 0.000788 0.012198 0.000113 0.873942 0.108870 0.000078
0.008532 0.000249 0.530196 0.000284 0.010165 0.007747 0.442828
0.007137 0.000310 0.001540 0.000656 0.966615 0.023730 0.000011
0.063697 0.013771 0.011843 0.170230 0.265614 0.469681 0.005164
0.023431 0.006859 0.056691 0.116404 0.479207 0.307828 0.009580
0.052831 0.000278 0.073009 0.074665 0.624302 0.170417 0.004498
0.138009 0.024044 0.006969 0.001691 0.510279 0.277463 0.041543
0.028695 0.001532 0.347283 0.186628 0.019359 0.172914 0.243590
0.041725 0.001369 0.096484 0.439641 0.025516 0.271973 0.123292
0.090161 0.001359 0.143261 0.014509 0.514461 0.215779 0.020469
0.151663 0.000882 0.611063 0.101819 0.025187 0.076111 0.033275
0.000222 0.000002 0.043382 0.001087 0.003373 0.951631 0.000304
0.006115 0.004639 0.041908 0.621416 0.152818 0.171668 0.001434
0.033452 0.047727 0.091422 0.165270 0.397215 0.261840 0.003074
0.161563 0.023778 0.523399 0.106931 0.122819 0.035766 0.025744
0.132551 0.001415 0.028586 0.107824 0.236475 0.490517 0.002632
0.307066 0.004529 0.064887 0.014301 0.046908 0.554437 0.007872
0.006380 0.000153 0.420097 0.225344 0.010774 0.333577 0.003673
0.255064 0.012585 0.028727 0.006594 0.408863 0.286359 0.001809
0.192791 0.000019 0.021730 0.766073 0.003427 0.015757 0.000204
0.024343 0.000409 0.022612 0.010380 0.011318 0.930691 0.000248
0.011494 0.037833 0.019139 0.393171 0.164858 0.363738 0.009767
0.260969 0.009134 0.052433 0.139132 0.013008 0.521981 0.003343
0.065741 0.001251 0.055348 0.322227 0.142167 0.413196 0.000070
0.001501 0.003993 0.034943 0.408246 0.019553 0.525956 0.005808
0.122431 0.006695 0.030399 0.019201 0.068518 0.749139 0.003617
0.120296 0.018472 0.093963 0.004429 0.520368 0.228776 0.013695
0.072762 0.008996 0.279788 0.030076 0.017035 0.591325 0.000019
0.017890 0.002619 0.101024 0.000476 0.747067 0.070491 0.060432
0.072655 0.000491 0.522192 0.028962 0.026581 0.261137 0.087983
0.043723 0.002256 0.127444 0.692657 0.082714 0.034711 0.016496
0.018914 0.000033 0.000825 0.000218 0.901010 0.073561 0.005439
0.065863 0.004060 0.578376 0.000653 0.129670 0.219526 0.001852
0.272533 0.003288 0.042488 0.442634 0.134704 0.057132 0.047221
0.003433 0.001823 0.107721 0.680853 0.041071 0.164730 0.000369
0.064222 0.029346 0.062059 0.008508 0.174229 0.660759 0.000877
0.017357 0.107564 0.146370 0.063023 0.292246 0.368411 0.005029
0.000748 0.000109 0.001270 0.022942 0.006045 0.967891 0.000996
0.005655 0.002027 0.243543 0.385177 0.090615 0.077544 0.195438
0.067340 0.008410 0.223946 0.204949 0.009095 0.216001 0.270259
0.007567 0.037868 0.203712 0.278997 0.068458 0.401769 0.001631
0.014581 0.000209 0.047674 0.088494 0.676606 0.166643 0.005794
0.172983 0.008397 0.040749 0.003223 0.590301 0.184193 0.000154
0.169755 0.304751 0.269018 0.009753 0.022893 0.216815 0.007014
0.005556 0.001106 0.008186 0.000376 0.012814 0.971945 0.000016
0.003716 0.000107 0.013919 0.000401 0.006789 0.972764 0.002304
0.141848 0.010720 0.035572 0.112656 0.669477 0.014237 0.015491
0.199133 0.000743 0.124856 0.048053 0.293128 0.327376 0.006710
0.037015 0.000182 0.012254 0.042910 0.336375 0.511526 0.059738
0.085503 0.002246 0.062825 0.475970 0.144669 0.228229 0.000557
0.108026 0.001015 0.087198 0.697927 0.076615 0.027227 0.001991
0.068125 0.004609 0.352487 0.064454 0.033921 0.461263 0.015142
0.128043 0.004339 0.027770 0.746504 0.041309 0.044450 0.007586
0.439003 0.000225 0.095113 0.186666 0.230625 0.029068 0.019301
0.009700 0.004158 0.110595 0.002886 0.600789 0.241090 0.030783
0.029449 0.000903 0.010621 0.005489 0.063520 0.888887 0.001131
0.034666 0.007465 0.089138 0.016472 0.037585 0.814553 0.000120
0.005889 0.001687 0.308829 0.263554 0.059066 0.345383 0.015591
0.008989 0.002204 0.105788 0.666517 0.007632 0.181901 0.026969
0.238244 0.001003 0.270613 0.042322 0.245597 0.194917 0.007303
0.016548 0.005553 0.134784 0.012951 0.231124 0.592059 0.006980
0.032799 0.006393 0.281786 0.372027 0.007209 0.228111 0.071675
0.022221 0.000246 0.005067 0.903857 0.003764 0.053954 0.010893
0.033649 0.003197 0.433538 0.057259 0.008855 0.213879 0.249623
0.012211 0.002000 0.013400 0.289489 0.230855 0.450582 0.001463
0.002461 0.007503 0.169796 0.020488 0.584535 0.166105 0.049111
0.186151 0.010537 0.442944 0.004893 0.026829 0.021934 0.306712
0.038925 0.002723 0.012261 0.056874 0.052358 0.835189 0.001671
0.072439 0.017022 0.031943 0.500230 0.173155 0.205021 0.000191
0.098311 0.000138 0.021727 0.044095 0.060778 0.250629 0.524322
0.155609 0.000379 0.079766 0.036797 0.615852 0.111352 0.000245
0.010447 0.001917 0.012745 0.011145 0.778812 0.183947 0.000985
0.003722 0.000007 0.175796 0.091812 0.523059 0.198484 0.007120
0.095844 0.003259 0.012534 0.255919 0.154790 0.462408 0.015247
0.016977 0.000041 0.029831 0.000634 0.026987 0.910055 0.015475
0.020095 0.002579 0.010285 0.378673 0.004499 0.581456 0.002414
0.065204 0.018170 0.168393 0.019496 0.006275 0.140958 0.581504
0.179697 0.004924 0.008516 0.390441 0.101457 0.312160 0.002804
0.101928 0.002296 0.184526 0.017606 0.159202 0.500806 0.033637
0.009220 0.001242 0.001698 0.445557 0.439416 0.102591 0.000276
0.001416 0.000280 0.000790 0.887036 0.093513 0.015740 0.001225
0.019499 0.054721 0.122809 0.002507 0.106212 0.689384 0.004868
0.293985 0.000411 0.084306 0.015625 0.034932 0.568798 0.001943
0.143410 0.002100 0.080477 0.135551 0.162812 0.469529 0.006122
0.054230 0.004736 0.058962 0.654374 0.029902 0.197436 0.000359
0.014717 0.000153 0.101404 0.066981 0.022130 0.794045 0.000570
0.017108 0.001683 0.017662 0.003137 0.645338 0.314788 0.000283
0.037091 0.005765 0.021777 0.002196 0.550399 0.382742 0.000029
0.033940 0.004915 0.011340 0.015012 0.692712 0.235060 0.007021
0.032764 0.002577 0.034223 0.111914 0.042919 0.760302 0.015301
0.195807 0.000217 0.113133 0.288912 0.195366 0.154989 0.051577
0.140666 0.011613 0.230896 0.114157 0.378966 0.061860 0.061843
0.022250 0.000448 0.706698 0.008459 0.025993 0.224396 0.011756
0.055677 0.000033 0.284269 0.001789 0.021268 0.566115 0.070851
0.091731 0.002629 0.019748 0.666983 0.025861 0.156553 0.036495
0.170534 0.001677 0.028021 0.016260 0.240217 0.538393 0.004898
0.028901 0.012669 0.101420 0.639160 0.126228 0.088245 0.003377
0.268162 0.017023 0.016662 0.388655 0.011330 0.297445 0.000722
0.003032 0.000819 0.304223 0.001365 0.010599 0.676991 0.002971
0.029617 0.000103 0.487728 0.036465 0.018017 0.376948 0.051122
0.100879 0.020143 0.106700 0.136467 0.124911 0.510650 0.000248
0.055471 0.001715 0.021163 0.681523 0.130007 0.094390 0.015732
0.671571 0.001472 0.216178 0.000617 0.007481 0.097606 0.005075
0.026746 0.018834 0.005615 0.001076 0.595598 0.351852 0.000279
0.023489 0.009912 0.023683 0.079820 0.078272 0.784482 0.000342
0.197995 0.000730 0.158652 0.327619 0.042133 0.237228 0.035643
0.034328 0.000462 0.107200 0.131540 0.054305 0.670557 0.001607
0.101297 0.002636 0.183621 0.010921 0.014650 0.671502 0.015372
0.123102 0.000071 0.147757 0.102683 0.106530 0.494164 0.025693
0.237975 0.005553 0.107220 0.151726 0.009214 0.248156 0.240157
0.004605 0.004353 0.003349 0.001264 0.753147 0.233066 0.000216
0.003588 0.006199 0.031962 0.068218 0.029387 0.611235 0.249411
0.002303 0.006601 0.002580 0.265371 0.090327 0.632671 0.000147
0.005916 0.000402 0.032068 0.788479 0.014556 0.125711 0.032869
0.620395 0.026960 0.040497 0.050175 0.150058 0.111826 0.000089
0.215996 0.007395 0.399581 0.096616 0.151632 0.127146 0.001635
0.019150 0.013175 0.251014 0.218737 0.233280 0.260780 0.003865
0.003396 0.000978 0.010970 0.001053 0.017705 0.965187 0.000712
0.005356 0.000464 0.026124 0.918061 0.016177 0.032957 0.000860
0.001860 0.001432 0.695065 0.000248 0.015908 0.040364 0.245124
0.018597 0.000271 0.041271 0.156752 0.231126 0.546439 0.005545
0.028130 0.000408 0.063707 0.380072 0.063514 0.463252 0.000918
0.130755 0.005954 0.065174 0.460588 0.090024 0.230538 0.016968
0.013880 0.000066 0.209770 0.121293 0.000125 0.654480 0.000386
0.046116 0.016145 0.075537 0.387431 0.158600 0.288062 0.028109
0.010684 0.001237 0.659164 0.002335 0.080549 0.242255 0.003776
0.091938 0.005308 0.041135 0.532770 0.016118 0.294443 0.018289
0.006590 0.000834 0.117985 0.240126 0.434583 0.187397 0.012486
0.143864 0.000657 0.187593 0.004015 0.052172 0.565335 0.046365
0.000390 0.000338 0.009488 0.035417 0.010431 0.932123 0.011814
0.025691 0.000554 0.460588 0.005165 0.059633 0.394206 0.054162
0.052213 0.002379 0.135974 0.029313 0.115302 0.465410 0.199409
0.003335 0.000553 0.004645 0.000709 0.835326 0.153506 0.001927
0.004628 0.001516 0.224346 0.000095 0.035652 0.732584 0.001178
0.011479 0.002273 0.093143 0.015866 0.339486 0.448084 0.089670
0.045932 0.000863 0.052899 0.156808 0.501297 0.233099 0.009102
0.073799 0.000779 0.050676 0.540729 0.034276 0.293794 0.005947
0.051453 0.004334 0.169838 0.101796 0.186291 0.382135 0.104153
0.017638 0.000523 0.599560 0.070703 0.012806 0.297380 0.001389
0.062464 0.002074 0.460264 0.021766 0.038578 0.378566 0.036288
0.002551 0.000891 0.004463 0.870083 0.029296 0.090663 0.002054
0.019587 0.000708 0.289577 0.529452 0.046745 0.076638 0.037293
0.014147 0.001556 0.205079 0.060135 0.157251 0.031960 0.529871
0.009521 0.000082 0.032457 0.005192 0.570096 0.382550 0.000102
0.828956 0.019184 0.003835 0.013053 0.089344 0.043341 0.002286
0.124062 0.000770 0.025405 0.084896 0.079676 0.650914 0.034276
0.154078 0.005134 0.064496 0.013332 0.529781 0.233023 0.000155
0.000712 0.046653 0.027176 0.011871 0.885061 0.028388 0.000139
0.112194 0.000315 0.065142 0.022252 0.031334 0.768449 0.000314
0.004079 0.076814 0.257074 0.008540 0.030392 0.618276 0.004825
0.148733 0.004822 0.008155 0.049360 0.689145 0.089763 0.010022
0.462717 0.086407 0.021109 0.019210 0.028967 0.377883 0.003707
0.009763 0.004252 0.061464 0.228721 0.051051 0.642731 0.002020
0.153141 0.000390 0.308665 0.008628 0.329369 0.198456 0.001351
0.998476 0.000205 0.000617 0.000000 0.000014 0.000597 0.000090
0.008429 0.002879 0.409770 0.363539 0.024377 0.074531 0.116475
0.170713 0.007934 0.416230 0.013377 0.196471 0.186728 0.008547
0.103302 0.061581 0.049267 0.214040 0.335702 0.234334 0.001774
0.002213 0.000000 0.000002 0.017581 0.979508 0.000696 0.000000
0.003216 0.024568 0.098392 0.796202 0.019323 0.057925 0.000375
0.065938 0.032381 0.144737 0.109483 0.079464 0.560724 0.007273
0.000343 0.000008 0.001016 0.004028 0.004975 0.989620 0.000011
0.075115 0.007970 0.012140 0.864715 0.022382 0.011413 0.006265
0.380007 0.016625 0.080829 0.200168 0.230367 0.061690 0.030314
0.012045 0.000046 0.003949 0.001041 0.012492 0.960630 0.009798
0.005882 0.002169 0.005924 0.930814 0.008281 0.045731 0.001200
0.392003 0.000001 0.592653 0.001148 0.000674 0.000783 0.012738
0.013547 0.058658 0.164956 0.227487 0.022703 0.140618 0.372032
0.241336 0.003140 0.046884 0.350511 0.038118 0.319095 0.000916
0.065118 0.015796 0.194580 0.018476 0.242714 0.398761 0.064556
0.155589 0.003385 0.015275 0.040209 0.518416 0.256620 0.010507
0.038097 0.005380 0.652635 0.019499 0.030213 0.251793 0.002384
0.000305 0.000419 0.103731 0.014962 0.085647 0.672818 0.122118
0.117743 0.003493 0.652951 0.033745 0.004059 0.089813 0.098196
0.139231 0.010678 0.051074 0.055455 0.234937 0.419712 0.088912
0.144248 0.092665 0.055419 0.332045 0.029321 0.337967 0.008335
0.015543 0.023744 0.011067 0.058110 0.334364 0.552182 0.004991
0.042590 0.001685 0.035260 0.002008 0.909304 0.009142 0.000012
0.020213 0.011221 0.123354 0.098860 0.672716 0.065269 0.008368
0.032007 0.004321 0.605540 0.119212 0.015378 0.206949 0.016593
0.305775 0.001897 0.182891 0.253714 0.171105 0.068386 0.016231
0.301795 0.000997 0.007940 0.000241 0.271215 0.417784 0.000028
0.104065 0.062437 0.018524 0.001745 0.001402 0.808674 0.003153
0.015055 0.017304 0.338888 0.015506 0.081131 0.521823 0.010294
0.006392 0.002275 0.044789 0.035499 0.042212 0.868589 0.000244
0.645258 0.002813 0.009854 0.037790 0.031074 0.271364 0.001847
0.021290 0.027234 0.264401 0.009017 0.130691 0.532320 0.015047
0.008611 0.008790 0.052073 0.785307 0.040441 0.056520 0.048258
0.017879 0.000113 0.044628 0.250415 0.032883 0.263669 0.390413
0.035135 0.006520 0.058341 0.002674 0.013047 0.882028 0.002257
0.656729 0.000721 0.029429 0.064518 0.031604 0.216460 0.000539
0.266123 0.004743 0.233677 0.045129 0.024236 0.419510 0.006581
0.004818 0.003062 0.042766 0.000349 0.913703 0.021058 0.014245
0.039888 0.038753 0.542144 0.002601 0.002638 0.363010 0.010967
0.188866 0.002944 0.245584 0.104047 0.078760 0.348675 0.031125
0.092202 0.000460 0.240683 0.080106 0.006159 0.062542 0.517848
0.553052 0.000086 0.023920 0.080460 0.024626 0.317067 0.000789
0.243331 0.000870 0.248192 0.165499 0.022430 0.149985 0.169693
0.075865 0.002007 0.035155 0.000911 0.523613 0.192308 0.170142
0.008807 0.003613 0.286192 0.003001 0.127980 0.564918 0.005490
0.072595 0.003956 0.438724 0.013517 0.076445 0.376984 0.017779
0.037454 0.002395 0.022490 0.255620 0.007095 0.649162 0.025784
0.034771 0.001413 0.069653 0.015589 0.179755 0.698003 0.000816
0.022441 0.005941 0.259414 0.310531 0.047352 0.324224 0.030096
0.019809 0.018686 0.321281 0.041167 0.394305 0.174659 0.030093
0.058931 0.005074 0.178503 0.006330 0.460816 0.246610 0.043735
0.009184 0.002365 0.120748 0.107497 0.439655 0.283748 0.036803
0.068123 0.001904 0.137246 0.122729 0.569499 0.055606 0.044894
0.000932 0.000394 0.023675 0.008824 0.023685 0.942152 0.000338
0.128800 0.017489 0.095624 0.018894 0.424016 0.310994 0.004184
0.037385 0.004167 0.013356 0.403984 0.057605 0.483290 0.000213
0.001057 0.000090 0.081773 0.055022 0.006436 0.855341 0.000281
0.360917 0.000213 0.024436 0.003563 0.044797 0.565581 0.000493
0.221246 0.003831 0.085548 0.137842 0.043976 0.352910 0.154647
0.027826 0.005667 0.102344 0.075921 0.136876 0.650326 0.001039
0.045371 0.004388 0.093254 0.161912 0.045796 0.644614 0.004665
0.007742 0.001362 0.008582 0.000014 0.003722 0.978530 0.000048
0.063377 0.006053 0.586039 0.110392 0.009297 0.097503 0.127340
0.017933 0.003645 0.013104 0.028845 0.213234 0.717350 0.005890
0.042455 0.047956 0.062846 0.517278 0.011692 0.271051 0.046723
0.096837 0.006261 0.008972 0.024325 0.037600 0.789742 0.036263
0.011860 0.000027 0.020385 0.000082 0.015128 0.940464 0.012054
0.751055 0.001881 0.043801 0.026212 0.037015 0.110079 0.029957
0.004329 0.005085 0.180230 0.094638 0.050564 0.662925 0.002229
0.100272 0.013275 0.138901 0.251785 0.026754 0.466783 0.002230
0.006157 0.018777 0.002326 0.018018 0.693157 0.259827 0.001738
0.004672 0.000076 0.001341 0.004436 0.981489 0.007893 0.000092
0.019247 0.000109 0.012806 0.477008 0.383280 0.107439 0.000112
0.045381 0.000319 0.105680 0.007768 0.020985 0.817949 0.001919
0.091920 0.001934 0.251957 0.063378 0.462717 0.124151 0.003944
0.004181 0.000190 0.332450 0.470753 0.115507 0.041188 0.035731
0.001539 0.000154 0.531291 0.007612 0.060472 0.396736 0.002196
0.130240 0.002143 0.513569 0.214162 0.001191 0.122243 0.016451
0.115495 0.010137 0.142102 0.144742 0.027895 0.551019 0.008610
0.001481 0.000324 0.000684 0.002619 0.936384 0.058478 0.000030
0.016553 0.000298 0.069609 0.030369 0.226309 0.653288 0.003573
0.008055 0.000993 0.010817 0.511698 0.018281 0.449756 0.000399
0.098192 0.009308 0.052566 0.078701 0.303686 0.448719 0.008829
0.154843 0.024934 0.294955 0.155530 0.020034 0.347895 0.001809
0.000318 0.000013 0.002381 0.000461 0.962872 0.000107 0.033847
0.017323 0.000953 0.293880 0.399171 0.078155 0.202097 0.008422
0.020561 0.000343 0.050746 0.223093 0.325294 0.379634 0.000329
0.992460 0.002002 0.001043 0.000119 0.000651 0.003629 0.000096
0.015579 0.196178 0.215594 0.005299 0.022292 0.488040 0.057019
0.001803 0.001073 0.000232 0.011680 0.915148 0.064125 0.005938
0.008455 0.002384 0.103735 0.733135 0.135328 0.013299 0.003664
0.030114 0.001649 0.147007 0.442454 0.024959 0.353049 0.000768
0.027471 0.007977 0.032851 0.009328 0.004569 0.917713 0.000091
0.033593 0.004319 0.014918 0.403781 0.016720 0.523609 0.003061
0.034094 0.001302 0.161369 0.001148 0.071253 0.689317 0.041517
0.270481 0.000503 0.126203 0.159302 0.025530 0.366781 0.051200
0.127026 0.003548 0.119172 0.235077 0.373394 0.012986 0.128797
0.018932 0.001183 0.022978 0.238814 0.540515 0.175395 0.002183
0.147700 0.002855 0.062219 0.234095 0.352583 0.199020 0.001528
0.004395 0.001282 0.030518 0.244701 0.404504 0.256686 0.057914
0.015608 0.003419 0.037647 0.048709 0.015601 0.876649 0.002367
0.068069 0.000680 0.108782 0.016506 0.004561 0.798598 0.002804
0.026128 0.000122 0.183024 0.020180 0.003491 0.758650 0.008405
0.008698 0.007566 0.032365 0.900390 0.041881 0.007308 0.001792
0.073580 0.006625 0.221455 0.007276 0.196930 0.494065 0.000068
0.001566 0.001039 0.012498 0.305541 0.604323 0.073849 0.001184
0.021635 0.022616 0.088823 0.034193 0.232909 0.596796 0.003028
0.047804 0.011621 0.183935 0.490434 0.017764 0.201245 0.047196
0.034498 0.002895 0.025047 0.390013 0.044894 0.501648 0.001004
0.148225 0.000350 0.003644 0.786850 0.043480 0.007278 0.010173
0.010483 0.008703 0.420782 0.264697 0.004025 0.246136 0.045174
0.014260 0.011539 0.147124 0.443126 0.263026 0.107895 0.013030
0.004178 0.021409 0.153205 0.021371 0.055836 0.652702 0.091300
0.006015 0.000277 0.040684 0.033747 0.316974 0.597986 0.004317
0.002853 0.003614 0.438231 0.109366 0.213574 0.063556 0.168806
0.008363 0.001848 0.279060 0.010363 0.055930 0.643568 0.000868
0.011914 0.000266 0.042876 0.021956 0.108923 0.811240 0.002825
0.008237 0.001085 0.006879 0.507106 0.123392 0.347812 0.005489
0.109911 0.049870 0.011805 0.298307 0.179040 0.336938 0.014129
0.264011 0.001181 0.044056 0.118199 0.237098 0.293798 0.041656
0.079367 0.008712 0.146637 0.019500 0.277454 0.449441 0.018889
0.046625 0.004633 0.031755 0.393854 0.213668 0.304822 0.004643
0.031903 0.000882 0.015933 0.812276 0.028391 0.033426 0.077190
0.009596 0.000445 0.005792 0.004388 0.127765 0.851398 0.000615
0.001632 0.001034 0.913617 0.060596 0.002671 0.020090 0.000360
0.271162 0.002021 0.047502 0.023322 0.145019 0.504864 0.006109
0.575430 0.010389 0.276538 0.000217 0.018237 0.117599 0.001589
0.248029 0.001516 0.037433 0.007319 0.037988 0.589367 0.078347
0.002243 0.000836 0.007429 0.934538 0.002842 0.050272 0.001840
0.152102 0.000433 0.267993 0.515025 0.030736 0.025056 0.008655
0.804925 0.000440 0.003754 0.003365 0.061590 0.125582 0.000344
0.009994 0.000370 0.091351 0.074328 0.665070 0.152935 0.005953
0.092160 0.103542 0.075464 0.493434 0.120275 0.114150 0.000975
0.147440 0.003597 0.001370 0.285364 0.493457 0.068528 0.000243
0.000757 0.001810 0.009138 0.000467 0.801690 0.185629 0.000509
0.029816 0.008905 0.210842 0.144597 0.148795 0.407371 0.049673
0.004166 0.008445 0.021852 0.920619 0.010039 0.028114 0.006766
0.323251 0.001752 0.007729 0.335261 0.113131 0.217734 0.001142
0.124466 0.006907 0.032235 0.022517 0.613823 0.199921 0.000132
0.025464 0.001468 0.569387 0.001445 0.010563 0.383258 0.008415
0.021252 0.003349 0.002686 0.740494 0.204795 0.023893 0.003531
0.002678 0.000318 0.042049 0.000084 0.087858 0.067866 0.799147
0.033928 0.003924 0.238169 0.000732 0.337257 0.377671 0.008319
0.034191 0.002629 0.133004 0.275058 0.349382 0.147816 0.057919
0.085667 0.003051 0.212036 0.017773 0.116144 0.564201 0.001128
0.018995 0.000184 0.113938 0.325412 0.017124 0.470862 0.053483
0.011441 0.000011 0.197797 0.466427 0.003351 0.293356 0.027618
0.040659 0.000637 0.087905 0.001203 0.019909 0.849635 0.000052
0.033145 0.014326 0.042679 0.250160 0.462748 0.188460 0.008481
0.011130 0.010539 0.011196 0.016147 0.191299 0.711616 0.048071
0.450916 0.008386 0.034734 0.228642 0.050446 0.215665 0.011210
0.095342 0.002920 0.023099 0.408385 0.017091 0.448802 0.004361
0.072836 0.000180 0.091118 0.022901 0.529216 0.282945 0.000802
0.039979 0.001655 0.354432 0.001289 0.053529 0.526247 0.022870
0.348580 0.004421 0.049261 0.333549 0.031508 0.223780 0.008901
0.049433 0.162046 0.057319 0.177805 0.276537 0.272106 0.004755
0.001927 0.000009 0.139510 0.000039 0.061583 0.793288 0.003643
0.021464 0.000205 0.037047 0.250350 0.030963 0.640718 0.019253
0.009575 0.005430 0.019851 0.088800 0.306224 0.561424 0.008695
0.154008 0.002445 0.019923 0.022117 0.056763 0.743061 0.001684
0.154987 0.003891 0.019061 0.548637 0.141499 0.126767 0.005159
0.047264 0.001988 0.070424 0.022114 0.167001 0.690384 0.000824
0.248999 0.005650 0.093980 0.504001 0.107924 0.029649 0.009797
0.477989 0.044205 0.019851 0.074305 0.105989 0.274916 0.002746
0.573844 0.003240 0.059562 0.034781 0.031506 0.296779 0.000287
0.164581 0.003116 0.041434 0.577406 0.027039 0.185224 0.001200
0.012784 0.000426 0.032265 0.203114 0.060544 0.689626 0.001240
0.051520 0.000138 0.011624 0.100631 0.490202 0.344956 0.000929
0.081006 0.026201 0.027861 0.163021 0.146495 0.493746 0.061670
0.001456 0.000013 0.971060 0.000396 0.001508 0.025409 0.000158
0.027210 0.001485 0.213854 0.245609 0.325715 0.186104 0.000022
0.228147 0.004792 0.051296 0.328064 0.295430 0.086806 0.005465
0.245126 0.045646 0.062948 0.037718 0.055588 0.393019 0.159953
0.008009 0.000442 0.206279 0.004475 0.248071 0.528499 0.004226
0.074963 0.002363 0.072294 0.165766 0.073561 0.603804 0.007250
0.017575 0.002718 0.433838 0.106119 0.049589 0.371052 0.019109
0.231572 0.109269 0.076217 0.030302 0.029589 0.519375 0.003676
0.049609 0.004666 0.463639 0.018720 0.223606 0.128536 0.111224
0.020811 0.000172 0.017750 0.085830 0.037504 0.832669 0.005264
0.154850 0.002262 0.077456 0.018621 0.039892 0.556790 0.150128
0.320517 0.149695 0.007105 0.131500 0.013660 0.375298 0.002225
0.378194 0.005082 0.079418 0.001015 0.028300 0.506208 0.001784
0.024579 0.012345 0.044830 0.273999 0.046280 0.597713 0.000253
0.003489 0.000047 0.120476 0.000610 0.019739 0.830605 0.025032
0.001089 0.000039 0.002260 0.001379 0.000889 0.994275 0.000068
0.120821 0.001804 0.193667 0.294310 0.020781 0.366418 0.002199
0.004889 0.000996 0.014942 0.276674 0.025846 0.671674 0.004979
0.134385 0.000568 0.265658 0.008132 0.493694 0.015100 0.082463
0.004565 0.001527 0.034054 0.006023 0.614466 0.333082 0.006284
0.118257 0.002258 0.009705 0.660204 0.031544 0.150788 0.027243
0.063151 0.118846 0.048649 0.232896 0.035665 0.498992 0.001800
0.493880 0.002130 0.113879 0.125387 0.197087 0.067045 0.000591
0.116979 0.017937 0.256996 0.335823 0.023501 0.245496 0.003270
0.067305 0.001192 0.225157 0.190350 0.149002 0.321849 0.045146
0.017377 0.006624 0.077049 0.000497 0.533932 0.358340 0.006181
0.019245 0.032010 0.048916 0.004945 0.539591 0.165315 0.189978
0.301795 0.000997 0.007940 0.000241 0.271215 0.417784 0.000028
0.076819 0.001534 0.033108 0.643696 0.060097 0.101389 0.083357
0.030910 0.000256 0.796255 0.019680 0.032365 0.025741 0.094792
0.023328 0.000833 0.255012 0.548015 0.099295 0.055970 0.017547
0.017017 0.015061 0.079426 0.098277 0.018437 0.771360 0.000422
0.097709 0.008025 0.066317 0.438429 0.067970 0.042616 0.278935
0.012203 0.011424 0.057388 0.492895 0.231204 0.187650 0.007235
0.017904 0.010931 0.181534 0.249263 0.019939 0.506382 0.014048
0.132425 0.175334 0.234608 0.001548 0.046098 0.253640 0.156348
0.000913 0.004012 0.117087 0.008146 0.012985 0.804578 0.052278
0.058269 0.002697 0.006985 0.787933 0.049197 0.089713 0.005205
0.035641 0.000393 0.005169 0.211625 0.650856 0.092682 0.003634
0.042225 0.000878 0.004105 0.038087 0.048295 0.846058 0.020353
0.256905 0.004626 0.046029 0.070546 0.173240 0.437438 0.011218
0.150405 0.045129 0.176322 0.095189 0.193543 0.184204 0.155207
0.060593 0.003364 0.310697 0.108965 0.096495 0.080223 0.339662
0.068000 0.000089 0.008075 0.092132 0.195527 0.635080 0.001097
0.055181 0.003547 0.091044 0.265140 0.185385 0.398675 0.001028
0.067694 0.009181 0.100976 0.627676 0.151080 0.037562 0.005832
0.018046 0.011204 0.018454 0.409386 0.407707 0.126795 0.008408
0.017187 0.002768 0.023862 0.635583 0.088443 0.230914 0.001242
0.086365 0.000968 0.210842 0.152873 0.100213 0.440180 0.008560
0.127383 0.001003 0.117497 0.008916 0.024927 0.711009 0.009266
0.069665 0.053171 0.183122 0.059464 0.166280 0.461639 0.006659
0.088405 0.001635 0.043208 0.051672 0.411596 0.400484 0.003000
0.072048 0.003111 0.237102 0.011070 0.013179 0.637945 0.025545
0.432322 0.000282 0.088216 0.143054 0.018861 0.303644 0.013623
0.060671 0.018097 0.179236 0.454239 0.084661 0.177011 0.026085
0.607419 0.000981 0.155476 0.116168 0.022041 0.092876 0.005038
0.003257 0.004210 0.225869 0.052257 0.043611 0.622760 0.048036
0.125192 0.000745 0.065548 0.027544 0.476193 0.303295 0.001483
0.066699 0.000277 0.064093 0.020598 0.070078 0.777464 0.000791
0.031996 0.000063 0.911245 0.035511 0.004383 0.001089 0.015714
0.009497 0.000524 0.080324 0.751345 0.030136 0.091598 0.036576
0.000789 0.009707 0.120289 0.005236 0.357115 0.502866 0.003998
0.014778 0.004822 0.091272 0.227660 0.018514 0.044820 0.598134
0.125366 0.006262 0.048227 0.152611 0.443959 0.208225 0.015351
0.003037 0.007340 0.006067 0.005161 0.732918 0.222653 0.022823
0.005590 0.000572 0.102890 0.742160 0.015993 0.095394 0.037400
0.017616 0.004730 0.143391 0.069245 0.443452 0.312432 0.009133
