25.191808 13.815053 2.327496 56.883818 0.504870 0.142188 1.134773
45.697531 31.557187 3.628467 0.142937 17.203486 0.052036 1.718358
14.153817 0.000026 84.776199 0.939178 0.130586 0.000193 0.000000
18.180822 13.268194 44.767317 0.070753 18.520996 1.933285 3.258639
14.568995 0.482250 1.370096 0.975130 7.654721 0.079502 74.869305
2.050410 97.143555 0.501950 0.006526 0.232721 0.003464 0.061373
55.751365 1.116314 8.549604 0.002628 28.483415 0.012082 6.084596
82.505757 0.065648 1.010974 0.007404 13.963249 0.801305 1.645668
11.852523 36.652343 23.327556 0.025828 22.280027 0.001359 5.860360
11.142396 0.027575 77.353093 0.495846 1.025023 5.055575 4.900491
16.582487 56.202876 4.397016 0.267631 10.505969 0.273990 11.770027
8.749814 89.646591 1.452956 0.008607 0.052948 0.081298 0.007786
0.154150 99.491054 0.328024 0.000457 0.020671 0.004283 0.001358
10.616413 0.100340 17.751956 4.904909 33.253476 0.005061 33.367845
2.494431 95.354962 0.594180 0.205787 1.018063 0.154887 0.177687
16.512822 1.911468 73.789954 0.058866 6.216800 0.150870 1.359215
0.094901 99.695659 0.137249 0.000229 0.068515 0.000020 0.003429
14.108296 20.840669 35.708898 0.036444 22.962646 3.806303 2.536745
3.481758 0.002312 0.974898 0.196255 5.312652 0.011176 90.020955
0.001102 0.000005 97.998708 0.008520 1.863152 0.000407 0.128110
29.436140 0.000330 2.587633 0.004779 40.760981 0.002494 27.207644
1.065699 98.378408 0.209372 0.001562 0.307269 0.003321 0.034369
5.498917 0.013517 23.056775 0.007415 71.173930 0.000273 0.249174
99.967992 0.003394 0.026832 0.000562 0.000795 0.000003 0.000429
34.404134 0.271143 6.301620 0.034751 58.124845 0.001624 0.861879
43.497813 0.006183 0.146175 0.047629 2.737442 0.001173 53.563583
1.233401 98.692536 0.020684 0.000796 0.017848 0.030422 0.004318
0.341024 99.654007 0.000066 0.000000 0.004551 0.000000 0.000359
79.416727 5.421752 14.820472 0.072503 0.252877 0.000737 0.014931
0.061568 99.937671 0.000698 0.000000 0.000032 0.000036 0.000000
99.971241 0.002049 0.000421 0.000000 0.026191 0.000043 0.000050
44.264963 25.312498 6.116319 0.004742 24.131779 0.000195 0.169503
0.010071 99.979943 0.009739 0.000002 0.000113 0.000135 0.000000
3.226206 96.558320 0.084466 0.000014 0.093526 0.008106 0.029367
18.089619 8.022939 71.566317 1.064662 0.346875 0.909040 0.000546
91.181857 0.591250 5.908557 0.000032 0.797110 0.003816 1.517373
0.124837 99.870551 0.004442 0.000000 0.000142 0.000030 0.000002
7.852212 89.127244 1.886145 0.001668 1.099963 0.000231 0.032527
17.626497 0.022587 4.429327 0.267309 68.686014 0.127856 8.840409
40.566758 33.933773 6.490775 1.539663 10.499142 0.716857 6.253027
0.031259 99.517411 0.073594 0.000556 0.374861 0.000001 0.002326
0.051540 0.000000 99.942434 0.000203 0.002385 0.000041 0.003395
40.694248 0.001847 0.003746 0.000002 58.757046 0.000000 0.543112
0.064987 99.827147 0.085306 0.005831 0.015788 0.000365 0.000578
2.489320 0.003162 0.343622 14.145258 26.846936 0.035666 56.136030
0.039279 99.929190 0.007370 0.000005 0.013813 0.000021 0.010322
1.939398 31.102018 1.980181 61.582700 2.126136 0.473446 0.796128
3.692856 95.997364 0.054105 0.000680 0.088452 0.134557 0.031984
10.708287 8.104245 80.203950 0.142030 0.746444 0.094572 0.000471
2.159894 97.716593 0.033592 0.000289 0.014996 0.057185 0.017454
39.435377 0.088240 1.542426 0.090002 24.600346 0.287912 33.955695
5.434109 94.386977 0.176695 0.000002 0.002041 0.000009 0.000174
39.178348 7.732166 52.939773 0.000041 0.000132 0.149543 0.000000
0.002912 99.997044 0.000026 0.000000 0.000029 0.000000 0.000000
0.061568 99.937671 0.000698 0.000000 0.000032 0.000036 0.000000
6.300771 10.497090 5.578613 0.043541 75.966857 0.028847 1.584282
15.174463 55.038023 22.992849 0.018733 3.146741 1.123796 2.505389
59.598196 0.009910 6.488533 0.017055 31.055385 0.023952 2.806970
0.155471 0.000002 1.097408 1.282043 3.023470 1.321129 93.120474
0.000147 99.994755 0.004489 0.000059 0.000471 0.000007 0.000072
2.451437 2.773585 61.864161 31.340724 0.356351 0.064600 1.149139
40.939293 41.939823 16.321750 0.001935 0.372627 0.060192 0.364372
12.358823 7.578068 76.512921 0.021214 0.187699 3.285684 0.055590
7.517007 75.864998 8.205427 0.236339 7.412359 0.000000 0.763878
3.607718 96.092480 0.059558 0.000003 0.182559 0.001933 0.055756
0.513524 98.061383 0.282789 0.404811 0.730871 0.000040 0.006577
0.157504 99.733806 0.108476 0.000002 0.000212 0.000000 0.000000
97.078138 0.000001 0.002487 0.000151 0.011092 0.026330 2.881810
18.330529 72.417888 3.690297 0.005485 5.436869 0.006434 0.112499
6.963462 5.810468 21.879579 0.048331 65.289646 0.007465 0.001051
65.196144 14.743702 16.953383 0.000459 2.876147 0.000597 0.229575
0.978456 69.650656 3.437823 0.000555 25.925159 0.001949 0.005403
77.245107 0.001161 0.024810 1.133181 21.136198 0.000000 0.459540
34.609609 0.339084 58.030378 3.940127 3.078381 0.000000 0.002415
0.370741 99.467021 0.151442 0.000088 0.009386 0.001272 0.000049
96.543926 2.099471 1.350943 0.000000 0.005652 0.000001 0.000000
10.945186 0.005469 87.219913 0.002251 1.820333 0.003458 0.003387
43.660092 9.544412 33.363482 7.410388 5.936623 0.028178 0.056827
11.852523 36.652343 23.327556 0.025828 22.280027 0.001359 5.860360
0.011765 99.924904 0.031956 0.000003 0.026795 0.000012 0.004569
28.005239 55.389231 13.145483 0.002727 3.386031 0.000640 0.070656
0.008296 99.974525 0.015897 0.000000 0.001282 0.000000 0.000001
0.642440 99.128914 0.203124 0.000017 0.015373 0.009973 0.000152
95.291936 0.000009 0.047601 2.130711 0.229343 0.081890 2.218511
1.563696 13.974871 4.403082 0.001334 0.014451 80.042410 0.000160
8.960201 2.018684 35.199583 0.972775 21.923611 0.133245 30.791903
72.582964 21.688321 3.542565 0.000434 1.350885 0.029541 0.805287
98.877341 0.000967 0.224135 0.008311 0.849043 0.004402 0.035802
3.011877 96.262944 0.211655 0.000008 0.426120 0.004642 0.082755
0.000000 100.000000 0.000000 0.000000 0.000000 0.000000 0.000000
14.077367 1.568268 14.674152 0.000216 66.334587 0.001955 3.343458
48.286283 1.641609 1.752669 39.828244 7.964060 0.000032 0.527102
7.043111 0.067171 90.951335 0.023649 1.440875 0.039457 0.434396
0.000147 0.000000 0.246712 99.675840 0.040401 0.000000 0.036897
0.055437 99.721450 0.004464 0.000006 0.001406 0.217021 0.000214
9.308174 0.022778 20.915037 0.009093 41.853604 0.706283 27.185035
1.239973 96.576625 1.630263 0.028077 0.416366 0.023031 0.085661
84.383352 11.264330 3.372947 0.013696 0.600125 0.044213 0.321336
0.057821 0.023074 2.082565 0.000222 97.811198 0.000003 0.025117
75.614464 22.436312 0.060741 0.011794 0.174678 0.010715 1.691295
2.372266 85.517830 2.201098 0.000364 9.375681 0.001023 0.531737
1.302535 96.452576 1.862782 0.009341 0.323723 0.021528 0.027519
11.621457 58.845520 0.561870 0.011121 24.073838 0.017960 4.868233
99.049437 0.000493 0.000013 0.868954 0.005875 0.000010 0.075212
32.538339 51.461917 5.617568 0.004304 10.250800 0.002885 0.124183
0.524447 76.699933 3.726860 0.565609 18.389192 0.005761 0.088192
74.460551 0.046683 3.836115 0.021290 10.212312 0.017026 11.406028
88.540244 0.000550 11.187779 0.041373 0.228476 0.001582 0.000000
0.153149 99.833822 0.011818 0.000000 0.000955 0.000231 0.000023
0.025557 99.934775 0.036767 0.000008 0.002616 0.000272 0.000011
49.827233 8.232586 1.588991 0.949419 0.222008 31.750053 7.429711
