1.659707 0.037045 31.563159 52.004966 2.460604 0.210524 12.063991
1.186008 0.000039 1.285560 0.120373 6.084967 0.002102 91.320956
24.575041 0.001268 2.906342 0.245874 23.342016 0.039176 48.890281
0.000064 0.000000 0.000537 0.000010 0.003557 0.000404 99.995422
0.023453 0.000000 80.651921 0.001286 0.065233 13.012147 6.245963
3.225164 0.022682 0.852928 1.040949 41.829938 0.001816 53.026521
0.000864 0.000004 2.031810 16.680929 4.213883 0.000740 77.071774
4.921184 0.000222 7.098051 0.001140 64.723693 0.000766 23.254940
0.003289 0.000000 0.664716 0.005654 0.354523 0.004574 98.967242
1.087426 0.005171 0.560080 94.631088 3.279062 0.000124 0.437050
11.172471 0.000029 0.077358 0.001840 45.836722 0.000032 42.911553
0.000037 0.000000 0.971940 98.464948 0.562148 0.000000 0.000920
0.010250 0.000204 1.086858 36.100274 1.759355 0.202947 60.840112
0.807530 0.000000 0.003585 51.151896 38.205737 0.000000 9.831254
1.454122 0.000018 0.408668 0.004595 1.809078 0.000113 96.323407
0.003281 0.000001 0.006590 0.000516 35.905614 0.000041 64.083958
30.253473 7.231154 4.795316 0.026641 56.725240 0.027003 0.941181
0.326882 0.000000 0.083642 0.001611 3.899804 0.000026 95.688034
3.179177 0.035117 14.837234 1.470264 31.858200 0.010463 48.609555
3.121964 0.000010 5.506280 86.095071 0.208005 0.003706 5.064969
0.010742 0.000126 4.469122 2.545827 2.061182 0.004182 90.908815
0.009249 0.000016 2.042947 5.709459 83.468938 0.014443 8.754952
0.030564 0.000000 0.000000 0.002201 0.002586 0.000000 99.964648
2.084265 0.000011 0.072292 0.392787 3.821376 0.155985 93.473285
0.000118 0.000000 0.000018 95.996654 0.000295 0.000385 4.002527
0.326889 0.000000 0.102466 0.004202 2.799109 0.000587 96.766746
20.623494 0.000001 1.249301 0.000109 34.909841 0.000001 43.217250
3.192456 0.009016 1.737068 0.009177 40.664974 0.000166 54.387146
1.845290 0.056640 70.696232 0.463644 10.651165 0.217191 16.069832
0.001141 0.000000 0.207653 0.000027 0.199883 0.000000 99.591297
0.003295 0.000021 0.203605 92.546028 0.085876 0.012939 7.148235
0.006656 0.000000 99.887669 0.078851 0.026787 0.000035 0.000000
4.260988 0.007075 33.212816 0.096319 6.244115 40.249308 15.929384
23.071763 0.000000 1.393280 38.099092 13.017810 0.046089 24.371973
1.925829 0.005636 5.301728 10.563622 71.684575 0.017021 10.501586
0.000623 0.000000 0.000066 98.606783 0.000040 0.000000 1.392488
0.001752 0.000002 12.449730 0.563998 63.812852 0.082192 23.089473
18.973444 0.000006 4.388445 0.086593 9.917568 0.079742 66.554207
25.781447 64.560874 4.077932 0.117781 4.300357 0.085150 1.076464
30.236253 0.000000 0.019327 0.000814 20.355922 0.000008 49.387673
27.275651 0.000166 20.186572 0.035310 21.713135 20.709308 10.079848
41.445818 0.000000 0.000038 0.007434 0.799290 0.000000 57.747421
0.086782 0.000000 0.004752 0.002436 0.322377 0.004026 99.579632
90.615541 0.000033 1.508996 0.122275 6.932750 0.000050 0.820354
0.079750 0.000000 0.646590 0.000013 6.347463 0.003791 92.922390
0.000477 0.000000 0.005047 0.000020 0.029876 0.000006 99.964577
0.182264 0.000020 13.389106 21.609751 2.617575 1.269383 60.931904
0.048067 0.000000 0.000075 0.000000 4.659916 0.000000 95.291942
0.129610 0.000734 3.937773 0.273019 7.204723 0.045854 88.408285
0.265519 0.000000 0.018965 0.129768 0.722274 0.000060 98.863411
0.000007 0.000000 0.000733 0.000005 0.821622 0.000000 99.177635
0.000004 0.000000 0.000346 0.000022 0.002489 0.000050 99.997091
0.000021 0.000000 0.000000 1.726175 0.000355 0.000000 98.273450
0.227292 0.000000 0.257100 0.000027 30.153844 0.000225 69.361516
0.025794 0.000000 0.002877 0.000001 2.358281 0.000000 97.613043
0.015288 0.000033 0.565313 7.497446 0.320568 2.384742 89.216614
4.951147 0.007153 7.085112 3.601751 17.843232 0.270988 66.240621
0.457046 0.000142 0.212475 34.473965 1.565015 0.004852 63.286501
4.857641 0.000171 0.198426 0.013113 76.970106 0.000004 17.960539
0.002454 0.000000 0.000000 98.591423 0.000001 0.000005 1.406113
0.295702 0.000001 98.482865 0.024336 1.169883 0.000020 0.027194
7.502960 0.000020 20.026204 0.065113 17.460991 0.002900 54.941815
0.537428 0.000001 11.024038 0.010576 21.995068 0.008783 66.424108
0.733081 0.000105 32.519919 0.480497 14.471748 0.846860 50.947791
0.002901 0.000000 0.002853 0.012294 0.017355 0.000003 99.964595
9.274238 0.048958 63.333446 0.801703 9.262522 0.873618 16.405520
0.008638 0.000000 0.004171 84.378451 0.433911 1.418112 13.756716
0.255004 0.000038 0.157495 0.001109 6.382225 0.000019 93.204106
11.388385 0.000159 3.857782 0.000259 68.074719 0.000061 16.678640
8.601314 0.006381 6.363497 7.777645 2.655343 8.726440 65.869385
0.319981 0.000071 0.187555 4.921935 1.359248 0.006574 93.204635
93.561220 0.000000 6.416041 0.001556 0.020883 0.000000 0.000297
0.089066 0.000000 0.000000 0.000160 0.000169 0.000000 99.910605
14.402749 0.000000 0.050924 0.000098 12.167340 0.000000 73.378891
27.543992 0.000262 11.796834 0.000088 56.823819 0.000165 3.834836
0.064095 0.000000 0.017512 0.000073 0.581997 0.025069 99.311256
0.000033 0.000000 0.000747 0.000104 0.005441 0.000010 99.993670
0.000349 0.000061 0.000128 98.095453 0.059234 0.000000 1.844775
0.000000 0.000000 26.242721 0.000000 0.006011 0.000000 73.751265
0.061617 0.000004 0.036357 0.086107 0.379685 0.003646 99.432588
0.000000 0.000000 0.002857 1.995049 0.001433 0.000002 98.000657
0.012276 0.000000 0.130029 0.000599 0.065717 0.000012 99.791366
1.630264 0.000000 0.005530 0.177247 0.255774 0.000257 97.930932
1.791718 0.000012 44.483828 0.000838 53.711561 0.000061 0.011985
0.000010 0.000000 0.000074 0.001639 0.003033 0.000013 99.995232
0.136240 0.000072 0.569550 1.517042 0.362193 0.047388 97.367519
1.811244 0.000000 0.003749 0.000848 1.806960 0.000472 96.376723
0.003463 0.000000 0.996441 0.002261 1.355251 0.004686 97.637898
0.028655 0.000000 0.009654 0.002422 0.037717 0.002171 99.919385
0.014682 0.000013 1.565717 0.573506 1.284351 0.376216 96.185517
26.011771 0.231666 1.726183 0.433200 39.329246 0.192098 32.075834
42.726582 0.000009 1.110145 0.000171 44.574183 0.000014 11.588894
0.101148 0.000000 3.016000 0.000216 36.240360 0.003426 60.638851
0.000000 0.000000 0.078426 0.000000 99.915659 0.000000 0.005916
0.008134 0.000312 49.916682 8.125760 3.436910 0.000223 38.511977
0.001815 0.000000 0.648974 0.000007 1.191430 0.000084 98.157686
2.567600 0.000005 17.141160 0.824637 11.064598 0.005049 68.396950
71.135627 0.000006 0.000547 7.054348 2.953005 0.000006 18.856461
3.273463 0.000013 3.937566 0.035869 25.089157 0.036643 67.627295
26.351196 0.000073 40.945782 1.058307 0.623032 0.105542 30.916078
25.145611 0.004237 0.608397 0.001315 1.672994 0.000483 72.566962
4.903406 0.006828 31.842887 2.828839 58.978033 0.141273 1.298731
3.653530 0.000780 91.142125 4.667318 0.308749 0.137706 0.089789
0.000104 0.000000 0.010900 3.502806 70.459714 0.000005 26.026473
56.260798 0.002306 0.060326 0.020420 17.057107 0.032748 26.566298
0.626030 0.000003 0.229657 0.002435 83.588629 0.000001 15.553249
4.270603 0.000011 5.311835 0.239017 20.941243 0.062076 69.175214
0.184174 0.000000 0.534678 0.002147 0.985617 0.000008 98.293376
0.000366 0.000000 0.000000 99.980867 0.000760 0.000012 0.018002
0.131673 0.000011 5.698258 0.000531 79.089773 0.000700 15.079054
0.016881 0.000000 0.047740 0.000009 45.340860 0.000000 54.594511
37.490185 1.169606 17.079831 0.739177 8.425544 29.802369 5.293284
0.045142 0.000000 0.081491 0.025305 0.849623 0.001873 98.996568
0.577177 0.000003 0.001132 94.470274 0.024142 0.000990 4.926285
2.162441 0.000100 0.525344 0.081952 2.135602 0.002313 95.092244
0.000000 0.000000 0.022137 0.402105 0.002289 0.000000 99.573475
2.578062 0.000139 88.187875 0.011222 1.697111 0.183051 7.342536
0.000000 0.000000 0.000000 0.000109 99.999893 0.000000 0.000000
0.145009 0.000003 1.357357 0.013670 5.325437 0.022813 93.135714
1.060722 0.000000 5.195509 0.000496 12.206206 0.000637 81.536430
0.006050 0.000000 99.982584 0.009628 0.001743 0.000000 0.000000
18.296611 0.000000 0.253576 0.016380 7.318289 0.007639 74.107504
92.396569 0.000068 1.300911 0.114095 2.366784 0.690163 3.131413
0.211949 0.019889 0.201302 0.025752 91.903489 0.000248 7.637370
0.000296 0.000000 2.251448 0.000000 0.166885 0.000000 97.581375
0.493458 0.000000 20.382836 7.125103 0.074644 27.855730 44.068229
0.115072 0.000046 96.155423 0.004119 3.581448 0.072207 0.071685
6.422536 0.469322 5.711805 2.252106 25.573146 0.491083 59.080005
0.000295 0.000000 0.311347 0.000268 0.001808 99.669588 0.016694
2.357257 0.000000 0.035339 0.041260 0.443105 0.000245 97.122794
14.084436 0.037268 1.842043 1.882186 67.310965 0.295922 14.547186
0.000000 0.000000 0.000036 0.155262 0.000496 0.000035 99.844170
6.477574 0.006229 0.001801 31.112564 10.212839 5.517510 46.671477
0.436109 0.000007 0.317878 96.528882 0.075577 0.038741 2.602807
0.000433 0.000000 0.000997 0.000000 0.007097 0.000002 99.991477
0.000000 0.000000 0.000108 0.014871 0.039698 0.000000 99.945325
0.222879 0.000000 0.125512 3.560227 0.064604 0.000000 96.026778
0.860641 0.086429 4.008377 25.272512 33.284563 0.020830 36.466646
19.736411 0.113125 12.471616 0.363413 31.520712 0.081271 35.713449
0.777446 0.000078 2.142916 86.863959 2.598806 2.465690 5.151110
10.139888 0.000858 0.174928 0.068299 15.282235 0.015818 74.317974
1.671218 0.000000 1.590149 0.000082 58.557743 0.000002 38.180810
98.817867 0.000003 0.173693 0.000000 0.104412 0.433456 0.470573
0.038815 0.000000 0.124411 1.549609 0.058003 0.016216 98.212945
99.997211 0.000000 0.001240 0.000008 0.001533 0.000000 0.000011
0.164007 0.000000 1.421424 0.000342 6.220189 0.004553 92.189485
0.007931 0.000000 0.000035 0.000437 0.449399 0.000002 99.542195
0.000003 0.000000 0.319796 0.000009 99.678397 0.000000 0.001798
0.000000 0.000000 0.000000 0.000000 100.000000 0.000000 0.000000
0.091628 0.000020 27.872086 23.289222 0.912866 4.873221 42.960957
85.128367 0.000000 0.014235 0.000338 7.651418 0.008520 7.197123
2.761494 0.000000 0.993448 0.001028 67.429976 0.000552 28.813499
4.311583 0.000013 0.075520 0.039492 40.432948 0.004921 55.135524
31.384268 0.000000 0.000001 0.000008 1.241988 0.000000 67.373735
60.070115 0.000054 0.239741 0.000004 38.075089 0.000224 1.614770
1.045126 0.000163 0.301562 0.034070 2.511620 0.002392 96.105068
1.444442 0.007518 9.046900 0.004763 86.539423 0.000849 2.956110
0.000000 0.000000 0.000000 0.002336 0.000002 0.000000 99.997663
1.372887 0.000005 0.549081 0.172105 2.353244 0.000409 95.552266
0.000003 0.000000 99.950355 0.049611 0.000031 0.000000 0.000001
0.008955 0.000000 0.000654 0.002480 0.104063 0.084601 99.799252
6.974144 0.000061 3.097958 0.000109 22.076823 0.003025 67.847878
22.816530 0.089170 3.841818 0.311610 43.080112 0.095400 29.765362
45.654181 0.000004 2.032578 0.570509 15.788873 0.082004 35.871848
4.300250 0.000000 0.420058 0.002788 35.848017 0.000001 59.428887
0.017132 0.000000 93.170184 0.000344 1.731637 0.005911 5.074798
37.624171 0.001373 2.180654 22.806209 36.141628 0.000528 1.245432
34.950603 0.128055 43.778502 0.708431 19.414996 0.227727 0.791694
1.673774 0.000363 0.091769 0.152882 19.577178 0.000361 78.503671
0.083506 0.000000 0.029777 0.000134 0.614516 0.001537 99.270529
0.001009 0.000000 5.896664 72.102211 0.008966 0.171706 21.819448
4.832971 0.000000 0.072874 0.001416 7.369824 0.000103 87.722814
0.000967 0.000000 0.000685 0.000000 0.019547 0.000019 99.978781
3.515366 0.011484 37.670681 0.003157 48.933709 0.002537 9.863064
86.624043 0.000000 0.001918 0.000000 5.529800 0.000000 7.844238
75.925326 0.176955 2.105355 0.000715 14.862198 0.018258 6.911196
2.297901 0.006517 44.643459 0.396579 48.165593 0.679075 3.810875
0.135576 0.000000 38.214468 0.000874 14.431016 0.002039 47.216031
0.052733 0.000000 0.097121 0.000680 1.116144 0.000023 98.733300
0.000000 0.000000 0.000000 100.000000 0.000000 0.000000 0.000001
0.313326 0.000000 36.905670 0.004496 13.966346 0.299310 48.510852
0.000002 0.000000 0.000000 95.892656 0.000033 0.000000 4.107306
0.629476 0.004197 89.745194 0.012644 2.149856 0.463755 6.994877
0.345966 0.000000 0.036755 0.027476 1.156205 0.000103 98.433501
0.000001 0.000000 0.000000 0.000022 0.000466 0.000065 99.999446
9.262989 7.725026 13.045219 0.228925 45.370049 0.024281 24.343507
0.011532 0.000002 0.319545 40.275443 21.167810 0.000044 38.225624
0.106117 0.013548 97.034430 0.069703 0.674238 2.069208 0.032765
46.209839 0.002318 5.038478 41.306713 6.713133 0.002275 0.727241
0.001760 0.000001 0.103583 0.045796 19.858864 0.000002 79.990000
0.010045 0.000002 0.028805 2.773029 0.300994 0.002499 96.884627
8.573208 0.005832 5.348841 0.118860 15.551944 0.256000 70.145315
5.950825 0.000383 23.522085 0.010592 67.153460 0.980789 2.381872
0.019345 0.000001 0.003890 0.140981 0.868603 0.000143 98.967034
0.096611 0.000000 0.000000 67.697495 30.639544 0.000000 1.566350
0.000565 0.000000 0.000000 99.664825 0.001642 0.000438 0.332526
0.000037 0.000000 0.000002 0.016744 0.008994 0.000067 99.974161
0.000037 0.000000 0.000167 84.522356 0.059489 0.000250 15.417696
0.451731 0.000153 49.324861 3.421903 0.964803 6.062001 39.774555
0.003840 0.000000 1.433922 0.073345 0.012243 0.008284 98.468363
0.000000 0.000000 0.000000 99.999964 0.000000 0.000000 0.000039
0.013363 0.000002 0.468924 0.766727 1.179834 0.001427 97.569722
0.159013 0.000699 8.447877 0.288216 72.984195 0.000605 18.119398
0.015116 0.000000 4.789675 0.000019 94.996088 0.000000 0.199105
0.212315 0.000000 47.758946 0.005944 25.635813 0.098666 26.288320
24.486065 0.010735 6.082770 0.477279 9.856289 0.016476 59.070385
0.436354 0.000000 0.012359 0.000001 5.376842 0.000697 94.173747
77.645063 0.000000 0.000021 0.000031 3.304568 0.000000 19.050328
7.519234 0.004480 5.031845 0.048104 64.864496 0.000043 22.531797
0.377426 0.041913 3.036463 67.360604 2.081504 5.189853 21.912242
0.073758 0.000000 0.097634 0.020489 0.072929 0.002360 99.732828
0.009206 0.000062 0.707176 1.628057 0.254346 0.014932 97.386217
0.055891 0.000000 0.365746 0.065070 1.484504 0.000329 98.028457
1.119307 0.027476 2.522071 75.339633 1.606545 16.980076 2.404893
28.042537 0.000923 27.698305 2.150217 13.365370 0.951111 27.791536
2.436396 1.991823 1.298254 0.001846 57.142603 0.006011 37.123059
0.002311 0.000000 0.000276 17.542785 64.328498 0.000008 18.126127
1.266575 0.002151 0.084018 0.294427 90.047461 0.000013 8.305357
0.000347 0.000000 0.092348 0.000000 98.281139 0.000000 1.626162
0.000356 0.000000 0.000001 0.000001 0.002139 0.000000 99.997509
5.270771 0.000415 0.716025 0.001720 92.238426 0.000020 1.772626
0.001888 0.000000 0.000039 99.980080 0.004494 0.000000 0.013498
0.129771 0.000003 8.837567 0.032591 54.163247 0.011750 36.825076
0.938830 0.000620 13.983789 84.567553 0.284842 0.129014 0.095348
0.020302 0.000000 0.325234 0.172558 2.455169 0.002691 97.024047
0.104107 0.000169 2.706865 16.041774 0.763461 2.065822 78.317809
0.000131 0.000000 0.000029 0.027062 48.084769 0.000000 51.888013
0.035946 0.000002 0.274520 67.912710 0.092710 0.093411 31.590703
0.025702 0.000000 0.001063 8.791401 0.126313 0.425889 90.629631
0.002572 0.000000 19.015771 0.000256 80.917083 0.000000 0.064317
12.978137 0.000001 11.611945 0.006795 11.577939 0.000440 63.824737
0.001003 0.000000 0.027692 24.208815 0.002959 0.003568 75.755960
0.005192 0.000000 0.192727 0.002241 0.817477 0.013466 98.968899
0.434017 0.000458 54.091022 0.000001 45.167488 0.000703 0.306315
0.934328 0.000000 0.981675 0.007976 16.424606 0.039497 81.611916
1.984518 0.000121 74.565101 0.250608 0.191479 21.956843 1.051331
1.855347 0.004525 3.648689 0.008021 10.030915 0.000404 84.452098
0.009771 0.000000 0.099701 0.015206 1.207446 0.000287 98.667592
0.357891 0.000000 0.197115 0.000740 81.005788 0.000001 18.438461
0.173428 0.000000 0.005405 0.000000 2.722200 0.000000 97.098970
0.000721 0.000000 0.002103 0.000203 5.543683 0.000000 94.453293
0.087552 0.000008 98.676807 0.179655 0.319182 0.571434 0.165362
0.025693 0.000062 1.110087 31.057405 6.624608 0.000049 61.182100
2.155617 0.000111 79.165685 0.006970 12.382633 4.725249 1.563740
0.000004 0.000000 6.878580 0.083363 10.001992 0.000000 83.036065
0.022575 0.000000 0.000000 97.426718 0.147838 0.000000 2.402869
0.027229 0.000000 0.162848 0.004734 1.263971 0.081545 98.459673
1.245310 0.000000 0.478120 0.301811 97.832894 0.000001 0.141864
0.308951 0.000000 1.235097 0.000215 47.976419 0.000054 50.479263
1.838378 0.000000 1.554390 0.000248 12.239884 0.004470 84.362631
0.036146 0.005698 8.676943 0.000363 91.210562 0.000287 0.069998
0.000007 0.000000 0.000002 0.001249 0.041214 0.000000 99.957526
73.898666 0.008469 0.545300 0.005226 8.104493 0.000562 17.437288
0.161466 0.000004 0.013275 7.478626 7.856368 0.000003 84.490263
87.806757 0.006746 0.951008 0.086587 2.629145 0.013448 8.506311
0.004031 0.000000 0.000013 99.995899 0.000017 0.000000 0.000041
0.015760 0.000000 0.000067 2.031489 0.004584 0.000000 97.948098
45.826861 0.000115 1.443180 23.550677 28.213985 0.004118 0.961067
0.000055 0.000000 0.000173 0.000001 0.014080 0.000000 99.985695
0.000002 0.000000 0.000000 0.000000 0.000088 0.000000 99.999905
1.921367 0.000025 78.351778 0.253257 0.979203 11.592766 6.901602
0.004752 0.000000 0.059104 4.544024 0.030808 0.001443 95.359874
1.872858 0.000029 2.093158 0.004235 82.663535 0.000066 13.366122
1.408480 0.000007 1.967000 0.004516 5.448750 0.000001 91.171247
0.160025 0.000000 0.119372 0.000901 1.682186 0.006406 98.031116
0.000959 0.000000 0.000121 0.001173 3.176577 0.000001 96.821171
0.289013 0.000000 0.018660 0.000380 0.900264 0.000001 98.791677
0.000319 0.000000 0.008882 0.000602 0.007245 0.000159 99.982798
0.005758 0.000000 7.113614 84.287147 0.071949 0.013140 8.508399
2.842114 0.003369 0.654390 0.040043 85.376292 0.001364 11.082429
5.084635 0.000362 6.363818 0.083466 60.572857 0.000293 27.894568
0.010242 0.000000 0.151077 0.010497 2.214584 0.000005 97.613597
41.519320 2.475809 21.452715 0.029208 22.401866 0.070605 12.050474
29.699897 0.004064 4.439969 0.058716 17.990818 0.188563 47.617969
0.000480 0.000000 0.008646 0.000002 0.005186 0.003305 99.982387
0.000404 0.000000 0.000406 0.000000 0.074435 0.000002 99.924755
0.087332 0.000001 0.746370 0.001324 1.083759 0.018872 98.062342
1.580660 0.000468 0.585096 0.087693 9.090272 0.026045 88.629764
3.861182 0.000003 2.239545 1.386286 3.124434 0.000074 89.388477
1.912359 0.000000 0.019806 0.359090 2.543315 0.000254 95.165181
0.000055 0.000000 2.038101 0.000000 97.961837 0.000000 0.000008
6.129092 0.000042 2.161510 4.413891 25.362569 0.100637 61.832255
0.000114 0.000000 2.985625 0.075277 0.929791 0.000000 96.009195
0.299557 0.000150 5.421154 1.181087 25.655612 0.000470 67.441976
0.010085 0.000000 0.000002 97.219747 0.000226 0.002448 2.767495
0.000000 0.000000 0.000000 0.003300 0.000014 0.000000 99.996686
5.779827 0.004524 19.750617 0.411763 15.394365 0.023622 58.635280
51.302210 0.000001 31.972583 0.280918 12.627801 3.700283 0.116209
2.855386 0.004122 10.247732 1.316793 39.249527 0.003125 46.323317
0.000031 0.000000 0.000001 99.128014 0.000008 0.007681 0.864267
88.772904 0.145794 8.198567 0.291855 1.956537 0.005201 0.629147
49.901679 7.012356 8.055722 0.195785 31.571090 0.230080 3.033284
0.088946 0.000000 2.021718 0.016842 14.167358 0.006900 83.698237
0.017950 0.000000 0.002063 0.010025 1.109252 0.000009 98.860699
0.000000 0.000000 0.000000 99.994445 0.000000 0.000000 0.005559
0.172765 0.000000 12.209675 0.000018 81.860429 0.000000 5.757112
0.000000 0.000000 0.000000 0.000002 0.003153 0.000000 99.996847
0.000557 0.000000 0.000117 23.934911 0.075952 0.000000 75.988460
1.187169 0.035544 23.573591 64.516239 0.891736 0.751411 9.044302
0.044157 0.000002 3.987010 0.046342 0.543047 0.000253 95.379186
0.012892 0.000000 0.002935 0.000200 0.053601 0.000317 99.930060
0.019111 0.000003 0.342398 0.020836 30.339202 0.046298 69.232148
0.487924 0.014831 0.254530 0.340316 3.054913 0.018762 95.828724
12.083205 7.335739 72.602782 3.023778 1.294340 0.899457 2.760694
2.809304 0.000000 0.053299 95.497531 0.003644 0.000145 1.636087
0.368426 0.002203 82.722882 0.007150 8.059856 0.000114 8.839372
0.096641 0.000002 0.343928 0.590657 1.353816 0.013975 97.600979
0.116554 0.000000 0.000580 0.000025 1.319645 0.000000 98.563194
0.027842 0.000071 0.846671 95.745718 0.051247 0.384755 2.943701
0.149821 0.000012 10.987598 35.294247 4.026465 0.029441 49.512419
0.001846 0.000000 0.018735 0.001430 0.192828 0.000249 99.784911
0.002540 0.000000 0.346119 0.000006 99.642879 0.000000 0.008459
2.928100 0.000133 4.278096 0.086411 33.377372 0.020042 59.309845
0.192478 0.000000 53.179097 0.388976 16.613974 1.591213 28.034267
0.513588 0.000000 7.003950 0.000233 58.178520 0.102686 34.201023
0.548015 0.000001 0.006208 71.885496 0.282376 2.949332 24.328570
0.001240 0.000000 0.596808 0.188162 90.309334 0.000000 8.904458
0.000702 0.000000 0.000292 0.000656 0.016333 0.000943 99.981076
0.001579 0.000000 64.604239 0.004612 0.020452 35.304059 0.065053
0.001125 0.000398 28.972948 1.277307 13.438457 0.000002 56.309766
2.693522 74.320710 19.154659 1.123815 1.644987 0.578459 0.483857
1.811244 0.000000 0.003749 0.000848 1.806960 0.000472 96.376723
1.038277 0.000000 0.317334 0.002118 55.901408 0.450473 42.290395
0.003202 0.000000 0.014620 0.000040 0.062715 0.000242 99.919182
2.692351 0.000268 86.787166 0.000045 8.534991 1.982013 0.003156
0.104877 0.000000 74.666655 0.005781 24.685472 0.000546 0.536666
4.099817 0.763988 23.134585 4.774593 11.992665 0.006451 55.227906
0.024804 0.000000 0.002779 0.000016 0.145597 0.000113 99.826694
0.009419 0.000000 84.801905 0.066294 3.692512 0.000028 11.429842
0.001023 0.000000 0.000286 0.006021 0.600127 0.000001 99.392539
0.008442 0.000000 0.000124 3.463348 0.140402 0.194597 96.193093
0.010972 0.000000 0.130258 0.093463 0.000221 96.201509 3.563574
0.244005 0.000120 62.956677 0.012618 30.316113 0.000718 6.469757
45.795944 0.002650 0.000011 53.867567 0.031287 0.000004 0.302535
0.003624 0.000000 51.357430 0.448371 0.190926 0.721619 47.278032
0.012084 0.000000 0.024861 95.010984 0.427357 0.005201 4.519510
0.000022 0.000000 0.001229 0.000013 0.002579 0.122658 99.873501
0.094304 0.000000 1.576473 0.000032 44.558760 0.000006 53.770426
18.199050 0.000537 19.653523 13.476965 14.238821 0.058356 34.372747
0.000000 0.000000 0.000054 30.800211 0.000003 0.095891 69.103843
0.016461 0.000000 0.006081 0.000000 0.026296 0.000033 99.951130
1.329799 0.001962 1.099169 1.461494 13.056220 0.026277 83.025086
0.006999 0.000000 0.003471 0.000088 0.027212 0.000071 99.962163
0.303898 0.000000 0.138011 0.000054 19.203655 0.000001 80.354379
0.067971 0.000000 0.174829 0.000001 2.843339 0.000001 96.913862
0.007187 0.000000 0.055407 0.003208 0.033715 0.000252 99.900228
3.243884 0.635020 46.055052 0.021459 35.566378 0.219312 14.258899
7.163433 0.006723 15.517965 3.576770 12.205398 0.713961 60.815752
0.014691 0.000000 22.109519 0.384299 1.772719 0.000329 75.718445
0.005479 0.000001 0.071492 4.166594 0.136029 0.015164 95.605242
0.057635 0.000000 0.005883 0.004102 0.459052 0.000002 99.473322
0.000004 0.000000 0.008464 0.309075 0.014851 0.008460 99.659145
0.003200 0.000000 0.000005 0.014798 2.369492 0.000000 97.612506
0.000000 0.000000 0.000392 0.000001 0.005992 0.000005 99.993610
21.137151 0.000000 0.304935 0.004642 42.994103 0.000344 35.558823
9.917429 0.014333 21.041427 3.662269 14.054550 0.383577 50.926417
0.243532 0.000001 0.304510 0.000688 1.217966 0.000044 98.233259
0.000724 0.000000 0.004170 0.000709 0.747924 0.000000 99.246472
0.831212 0.001576 14.884287 0.013887 57.678039 0.074734 26.516268
0.673713 0.000693 0.354677 0.000000 1.249660 0.000001 97.721255
0.039714 0.000000 0.030361 0.000000 94.897813 0.000000 5.032115
0.399559 0.000001 2.593030 0.006860 0.271857 1.824393 94.904298
0.234931 0.000002 0.011173 0.078360 7.882760 0.000115 91.792661
31.093994 0.026730 9.315230 0.002928 54.467160 0.056514 5.037452
0.000223 0.000004 0.354678 12.173178 25.035258 0.000536 62.436125
0.000014 0.000000 2.395082 0.010390 50.381064 0.000000 47.213447
0.657299 0.063948 0.774316 3.514949 3.854804 0.068331 91.066355
38.948622 0.426777 42.774868 0.710072 9.284439 0.750537 7.104691
17.701213 0.002654 29.033053 0.000597 52.238607 0.008160 1.015716
1.026156 0.000000 0.044296 0.000000 98.207355 0.000000 0.722194
0.015384 0.000000 6.426474 0.060660 0.354678 93.133014 0.009790
24.719809 0.000000 0.000024 0.000007 2.119601 0.000000 73.160559
0.468443 0.002858 88.887823 0.027970 9.392615 0.178279 1.042016
0.399262 0.000000 0.026092 0.000179 3.000220 0.000036 96.574211
0.000000 0.000000 0.000000 90.279591 0.008275 0.000000 9.712137
0.001106 0.000000 0.001086 0.000000 0.035579 0.000003 99.962223
5.575015 0.000001 1.998905 0.001836 6.412148 0.008748 86.003351
69.192072 0.001126 19.032771 0.000058 0.471891 0.887954 10.414128
0.024660 0.000012 0.248382 5.142039 0.183552 0.391311 94.010043
0.283606 0.000000 0.063905 0.000013 13.108641 0.000115 86.543727
22.048698 0.008973 34.033498 0.638247 26.021725 0.017981 17.230877
0.058010 0.000000 0.028539 0.104579 0.438208 0.023025 99.347633
0.000002 0.000000 0.000015 0.726082 0.000056 0.000054 99.273795
0.008331 0.000000 0.014561 0.003012 0.194959 0.000108 99.779028
0.000179 0.000002 0.138270 0.004739 0.585861 0.000363 99.270588
0.000227 0.000000 0.000002 0.000033 0.003949 0.000000 99.995792
94.771939 0.000017 4.667300 0.395394 0.020165 0.060361 0.084824
0.002771 0.000000 55.446415 0.280631 0.174730 3.911452 40.183995
14.264701 0.001975 5.982813 0.000388 10.609669 0.023529 69.116926
1.650120 0.000003 0.480066 0.033411 21.065204 0.004592 76.766603
0.005025 0.000000 14.252464 0.001108 0.000745 85.740619 0.000040
59.244370 0.001493 26.453158 0.050146 13.905753 0.000059 0.345022
0.161748 0.001510 1.348445 1.440446 1.106466 0.053627 95.887756
0.553891 0.000405 95.747543 0.039523 3.302430 0.000722 0.355479
0.005234 0.000000 0.000596 0.006572 0.554295 0.000000 99.433303
8.355584 0.001807 1.142769 0.002249 26.372510 0.000675 64.124405
5.976808 0.000024 4.186806 0.064830 29.927653 0.003898 59.839982
5.809031 0.000000 0.027651 0.000020 22.874790 0.000000 71.288508
2.631798 0.019527 1.286549 71.387833 0.087442 0.010966 24.575885
0.030268 0.000000 0.009251 0.000033 29.715580 0.000000 70.244873
0.000779 0.000000 0.000000 99.999225 0.000000 0.000000 0.000000
0.000086 0.000000 0.092919 99.893862 0.010324 0.000150 0.002662
0.001640 0.000000 0.001780 0.051709 0.219677 0.000041 99.725157
0.903140 0.000254 96.954120 0.000202 1.784411 0.316967 0.040905
0.001245 0.000000 0.007150 0.000641 0.106483 0.197042 99.687433
5.814987 0.007304 19.981094 0.388220 72.250497 0.001152 1.556747
33.989184 0.000186 3.949760 29.363205 3.204297 0.025869 29.467495
3.523594 0.016242 48.198214 0.243026 21.350116 1.525069 25.143746
0.000742 0.000000 0.024636 0.000066 0.200171 0.000023 99.774361
0.999450 0.000108 14.348134 0.530708 5.755340 0.033353 78.332913
0.001373 0.000000 1.586546 98.019445 0.080232 0.000155 0.312244
3.224561 0.001638 8.134735 32.147509 9.470053 0.100567 46.920937
0.000000 0.000000 0.000050 0.000000 0.000094 0.000008 99.999845
1.445785 0.000000 0.137784 0.006821 2.922201 0.327564 95.159847
11.837468 0.000038 1.089873 0.130646 10.368930 0.001562 76.571482
0.038109 0.000000 0.000000 0.000251 94.526356 0.000000 5.435286
0.781194 0.000033 71.922092 0.636670 26.659547 0.000402 0.000073
0.004938 0.000000 0.072140 0.011582 52.781856 0.000013 47.129476
0.436272 0.000000 0.000000 6.047795 89.070743 0.000000 4.445190
22.633517 6.201345 59.773103 0.007168 7.749339 2.625248 1.010264
3.016176 0.001692 34.569225 25.666693 25.777984 7.439453 3.528777
7.549561 1.259524 49.479005 0.002531 39.065939 0.571377 2.072066
1.216704 0.341411 15.128578 1.658578 76.412043 0.033907 5.208779
10.146680 0.000001 2.978288 0.000000 84.434541 0.000027 2.440455
33.318805 0.047395 47.874820 1.138094 6.928947 10.578840 0.113106
0.786517 0.000780 16.649693 63.356213 0.924350 0.092764 18.189689
4.278520 0.161886 0.060139 50.896609 1.122905 0.483897 42.996043
10.515548 0.000919 16.597337 0.028051 28.873357 0.192949 43.791839
40.019424 0.000008 2.392855 0.118195 8.479242 0.007993 48.982278
40.155655 0.000033 0.639188 0.205399 52.280203 0.001879 6.717647
6.470378 0.490927 79.653719 0.241186 9.693061 0.154770 3.295953
7.306720 0.000680 44.697114 0.021169 44.783577 0.003673 3.187075
0.372709 0.003334 19.788004 76.109344 0.268102 0.023958 3.434553
0.004725 0.000000 0.107822 1.058652 0.072167 0.719141 98.037493
40.811057 1.056941 0.737322 0.127091 42.033298 0.717151 14.517137
0.005935 0.000002 99.151266 0.727014 0.012559 0.017738 0.085484
0.054188 0.000000 0.000080 0.004761 0.052869 0.000078 99.888021
12.228816 0.005629 11.747671 0.088155 39.715023 0.006458 36.208247
0.202984 0.000017 0.451431 0.058057 0.336358 0.061733 98.889417
0.590311 0.000046 0.272400 0.004195 8.943662 0.000315 90.189071
8.736907 0.135335 85.510354 0.483216 2.302673 0.318615 2.512902
6.383425 0.000963 4.135438 0.000353 45.292479 0.000815 44.186524
0.002143 0.000000 11.111023 0.106496 0.000410 88.348317 0.431614
54.828036 0.000000 35.311636 8.974960 0.000136 0.885178 0.000052
0.000000 0.000000 99.652529 0.343343 0.004111 0.000020 0.000001
6.311565 0.000099 37.466895 0.902050 20.020732 0.061877 35.236784
1.692571 0.000001 2.924971 0.116811 12.259302 0.002776 83.003569
0.000807 0.000000 0.020832 0.000008 0.397908 0.000002 99.580449
1.399969 0.017302 20.796898 0.094587 25.368980 6.040763 46.281502
0.000296 0.000001 0.184077 4.824177 29.521945 0.004197 65.465307
0.051717 0.000001 14.245446 37.974632 0.004733 47.584459 0.139015
0.405907 0.000000 0.010788 0.009040 49.083322 0.000009 50.490934
6.788675 0.008049 3.683893 0.000004 89.433741 0.000066 0.085575
0.296023 0.000002 0.662841 0.001240 3.624636 0.024141 95.391119
0.072541 0.000000 0.012108 0.000786 0.091611 0.000000 99.822956
14.192165 0.005969 3.635387 0.189273 2.968964 0.146588 78.861654
0.337218 0.000089 0.102481 0.049206 1.476108 0.000308 98.034590
0.874849 0.100991 6.768565 1.918354 58.115894 0.000296 32.221049
0.639662 0.000000 1.373552 0.000163 6.026095 0.007626 91.952902
5.585362 0.004070 48.309448 0.174831 13.307962 0.494034 32.124300
0.222817 0.001013 73.928156 4.045640 4.043222 0.163297 17.595856
0.375860 0.000141 34.068662 12.539791 1.728829 0.017857 51.268858
0.088284 0.000000 0.655631 0.001256 3.618139 0.005815 95.630873
0.000000 0.000000 0.000000 0.000000 0.002286 0.000000 99.997711
0.094436 0.000000 0.000003 0.000003 0.031107 0.000000 99.874449
0.056493 0.000000 0.498066 0.153366 0.125046 0.109826 99.057204
0.069191 0.000000 0.198723 0.684513 10.667649 0.014697 88.365227
0.000076 0.000000 0.000590 0.000000 0.470233 0.000000 99.529099
0.003630 0.000003 0.132615 0.001657 99.827600 0.000009 0.034486
1.056985 0.000080 4.133642 0.000090 88.609337 0.001517 6.198347
2.273437 0.001172 7.930932 1.896827 5.714054 5.609172 76.574403
2.852737 0.000201 4.372616 0.061116 13.132942 0.002869 79.577514
35.376856 16.864975 2.757666 0.112592 30.537876 0.263780 14.086258
90.109897 0.009754 4.700254 0.000053 5.040907 0.002336 0.136799
0.050918 0.000000 0.341100 0.012316 94.985199 0.000000 4.610465
9.856704 0.002520 47.749027 0.008815 39.540162 0.001518 2.841255
0.073323 0.000000 0.378597 0.295030 1.550761 0.009335 97.692955
5.071741 0.041145 50.813553 0.424107 34.686198 3.051910 5.911349
0.085442 0.000000 22.577378 0.002335 25.302017 0.000116 52.032715
0.007472 0.000000 0.000033 3.149293 0.000824 0.000531 96.841854
47.481158 0.000000 0.013087 0.025198 2.257994 0.000006 50.222558
0.220083 0.000005 3.187508 0.000040 0.034224 2.657506 93.900632
0.009415 0.000005 1.055066 62.039787 5.702302 0.029865 31.163558
0.049598 0.000010 1.348038 0.138238 20.494640 0.000392 77.969086
0.011060 0.000000 0.021191 0.001829 0.276187 0.002026 99.687707
0.027113 0.000037 0.004761 99.544102 0.164886 0.007504 0.251600
0.000009 0.000000 0.043856 0.000119 81.924081 0.000001 18.031937
0.001663 0.000000 0.002472 0.000001 0.019420 0.000819 99.975628
0.076185 0.000001 4.844830 2.506611 14.215930 0.122485 78.233957
2.536622 0.018037 12.608943 0.065772 27.355962 2.793730 54.620937
0.066261 0.000402 0.007904 98.767066 0.946507 0.000025 0.211839
24.050747 0.001692 19.426307 0.006897 39.751953 0.081421 16.680990
0.000000 0.000000 0.030829 0.000001 99.969149 0.000000 0.000024
7.161503 0.088381 1.539267 0.165367 9.901699 0.040189 81.103593
7.816610 0.000027 0.366252 0.011352 14.114416 0.090321 77.601027
0.294568 0.000000 0.869288 0.000014 0.585252 0.000000 98.250878
0.033376 0.000004 40.240571 28.099504 0.819455 0.000206 30.806884
4.095623 0.000832 0.509257 14.657333 69.334733 0.025161 11.377063
0.274993 0.055488 94.181758 2.616608 1.906027 0.006674 0.958451
1.647590 0.000014 1.370649 0.144052 11.485645 0.048232 85.303819
99.178892 0.000000 0.014949 0.000268 0.790552 0.000000 0.015341
52.944529 0.000524 0.268971 0.259099 16.705784 0.109358 29.711735
0.039487 0.000000 58.931402 0.020784 39.605224 0.000200 1.402897
53.054154 0.000354 1.232563 12.600803 6.474964 0.000896 26.636270
0.006993 0.000000 55.018413 0.028792 0.125937 35.225496 9.594370
1.012427 0.055059 92.322844 0.123680 0.241966 6.136297 0.107727
65.329419 0.973485 0.070244 0.246254 11.636533 0.266419 21.477633
0.044646 0.002570 0.137587 94.065350 2.992562 0.175211 2.582072
0.000001 0.000000 1.941306 0.227170 26.912107 0.000006 70.919411
0.454096 0.006412 0.874276 0.041655 69.890432 0.000335 28.732796
0.000352 0.000000 0.331541 4.579480 87.865412 0.000176 7.223041
0.383779 0.000000 0.047434 0.000003 2.166446 0.000008 97.402328
0.026247 0.000007 0.446436 0.000667 8.491797 0.003572 91.031277
0.993476 0.000000 0.205747 0.000006 33.606514 0.000104 65.194154
0.026181 0.000000 64.347869 0.021835 35.238841 0.000031 0.365249
0.001935 0.000151 79.340792 15.935633 3.698787 0.000327 1.022372
0.481676 0.000000 2.999203 0.000138 61.565153 0.000045 34.953781
73.654191 0.023552 0.129930 0.125196 0.514127 0.003886 25.549121
3.514012 0.000000 0.071393 2.900852 6.677766 0.000040 86.835933
12.398799 0.000001 75.484326 9.974765 1.901919 0.170883 0.069305
0.127935 0.000000 0.003418 0.000222 1.469494 0.000049 98.398882
0.000002 0.000000 99.999481 0.000067 0.000006 0.000444 0.000000
0.063732 0.000000 8.220329 0.000002 45.730650 0.000000 45.985290
75.030467 0.000006 0.158279 0.000001 9.860071 0.000000 14.951179
0.000145 0.000000 0.000003 98.354274 0.000028 0.005141 1.640407
0.001627 0.000000 0.399705 0.000008 94.380558 0.000026 5.218073
96.102553 0.000000 0.039599 0.002540 3.855298 0.000000 0.000005
0.179658 0.000158 1.257109 0.000068 20.071034 0.000013 78.491956
17.167324 0.005227 13.544703 0.012242 26.946035 0.658238 41.666234
89.054388 6.018149 3.510766 0.005263 0.115452 0.908471 0.387511
6.999040 0.000000 9.865385 0.003356 29.532680 0.095516 53.504020
0.000000 0.000000 0.000003 0.000000 100.000000 0.000000 0.000000
0.030547 0.000002 0.183990 0.010305 2.266353 0.000013 97.508794
0.055661 0.000013 15.973201 9.703086 10.540731 0.001563 63.725752
0.000000 0.000000 0.506094 0.000000 99.493909 0.000000 0.000005
83.212912 0.000000 0.000083 0.000145 2.865289 0.000000 13.921572
10.325844 0.014305 0.355497 0.439010 61.918265 0.001973 26.945108
4.373190 0.086478 51.180166 11.543451 3.238854 0.307282 29.270583
0.000046 0.000000 0.112264 0.000071 3.129089 0.000131 96.758401
0.324145 0.000037 0.023351 0.014201 0.721694 0.002385 98.914188
53.253823 0.107551 2.745733 0.002503 39.189653 0.098470 4.602263
2.435178 0.000052 0.398775 0.302741 10.619756 0.130933 86.112571
2.082445 0.000069 13.310543 8.613573 0.637617 73.590130 1.765622
6.252263 92.409742 0.119739 0.000096 1.108109 0.000135 0.109911
10.831970 0.000187 1.157264 0.190742 6.869326 0.037251 80.913254
0.000094 0.000000 0.000049 0.009209 0.004495 0.000011 99.986142
3.054294 0.003155 12.132499 0.181853 50.662154 0.000065 33.965981
0.009986 0.000000 0.086772 0.000030 0.872186 0.000040 99.030983
8.474799 0.000095 39.061972 0.000795 14.185819 0.009659 38.266858
0.002742 0.000019 0.410062 0.000024 99.388784 0.000005 0.198359
0.000000 0.000000 0.000000 99.821317 0.000018 0.000011 0.178652
0.000496 0.000000 0.009936 99.974781 0.010033 0.000375 0.004387
91.453093 0.000092 3.736216 0.956467 2.480321 0.000011 1.373805
0.762345 0.000008 3.044939 0.555511 1.806485 0.548604 93.282109
0.813635 0.000066 0.233210 0.389720 2.218927 2.318159 94.026279
0.000111 0.000000 0.000257 0.007223 0.013318 0.000000 99.979097
1.591223 0.017180 6.095969 31.498021 6.426725 2.096342 52.274537
0.000372 0.000002 0.009444 94.474929 0.051834 0.025545 5.437876
0.008684 0.000000 45.688874 0.000666 25.903368 0.003736 28.394669
0.000000 0.000000 56.840158 0.000000 26.359949 0.000000 16.799892
0.000334 0.000001 46.201829 0.000024 53.790074 0.000000 0.007736
0.110049 0.000000 0.019868 0.000088 0.076252 0.000000 99.793744
0.159539 0.000086 10.759154 1.710945 0.099001 0.067955 87.203322
0.000021 0.000000 0.001479 0.000005 0.152665 0.000000 99.845827
0.000143 0.000000 0.000001 0.000000 0.000614 0.000000 99.999237
1.598781 0.006748 37.710070 0.028796 50.506583 0.002389 10.146630
0.504520 0.000006 75.360391 0.001232 17.376024 0.084269 6.673545
95.966661 3.575974 0.400224 0.000131 0.052287 0.002329 0.002385
33.987671 0.000061 0.060499 3.968643 0.122414 0.006369 61.854345
0.005764 0.000000 0.006823 0.002263 0.001764 0.000000 99.983388
13.090627 0.000127 1.328622 0.017751 14.310367 0.001213 71.251297
68.511397 0.005703 4.136686 0.001339 25.685480 0.003436 1.655963
10.742781 0.000000 8.472880 0.000001 1.229119 0.002566 79.552655
2.313096 0.000117 5.498685 0.033514 0.717846 0.153789 91.282958
0.233432 0.000000 0.000994 0.000002 0.697144 0.000001 99.068427
1.570585 0.000038 7.719628 0.227724 9.617116 0.000547 80.864364
15.079036 0.000000 0.067655 66.263342 0.000016 0.045500 18.544449
0.030431 0.000000 0.031529 0.096358 0.828709 0.000000 99.012977
5.709655 0.000025 0.265571 0.965264 0.547724 0.038694 92.473072
91.345090 0.000000 0.000000 0.001266 0.008347 0.000000 8.645299
0.172205 0.000000 10.556945 0.026706 55.344605 0.010056 33.889490
0.001151 0.000000 0.000052 0.000050 0.002218 0.000000 99.996531
0.228112 0.000000 0.006325 99.765307 0.000011 0.000245 0.000006
85.695779 0.000533 5.447673 8.454312 0.097983 0.289682 0.014038
0.497444 0.000011 2.079986 0.001027 40.723487 0.000190 56.697855
0.000100 0.000001 4.250577 0.000062 95.738417 0.000000 0.010846
0.002437 0.000000 0.049865 0.009797 0.365205 0.000189 99.572504
0.489753 0.000000 0.251642 0.002770 0.070348 0.000092 99.185395
1.177036 0.000001 25.694343 0.000181 14.430775 0.014646 58.683020
0.112999 0.004472 0.631479 45.902154 52.729076 0.515258 0.104557
0.913598 0.006142 0.043241 0.000840 86.071479 0.000000 12.964706
17.167324 0.005227 13.544703 0.012242 26.946035 0.658238 41.666234
0.108406 0.000019 0.016631 99.537337 0.000731 0.320137 0.016739
0.047413 0.000003 0.000334 0.005632 0.721223 0.000326 99.225068
5.004663 0.001609 0.098195 13.513227 12.419533 0.011476 68.951297
0.887319 0.000039 2.386041 0.810561 2.850830 0.044102 93.021107
0.100849 0.000004 0.116204 0.060835 1.215089 0.016014 98.491007
0.474439 0.000611 0.074541 97.210723 0.046303 1.331521 0.861867
0.133843 0.000001 2.932240 0.000468 12.753980 0.000011 84.179461
0.000001 0.000000 4.678638 0.312338 75.956404 0.000000 19.052622
0.828160 0.000045 0.731763 46.714351 2.274377 0.000146 49.451160
0.000717 0.000000 57.231966 0.002296 0.000407 42.760706 0.003917
0.543008 0.000076 0.003531 63.625544 3.481055 0.000988 32.345799
0.457866 0.000001 1.314788 0.000387 65.465403 0.000002 32.761556
0.012804 0.000003 0.034131 10.632882 0.553280 0.013749 88.753152
0.006235 0.000000 0.000191 0.000062 0.107837 0.000079 99.885595
1.354863 0.000000 0.131991 0.000003 92.388570 0.000006 6.124565
99.114323 0.000013 0.173466 0.000041 0.688434 0.001114 0.022610
0.357891 0.000000 0.197115 0.000740 81.005788 0.000001 18.438461
0.843298 0.000257 0.016526 44.374159 1.696811 0.007673 53.061277
0.023853 0.000004 0.061138 2.909556 1.868302 0.000633 95.136517
10.216713 0.000080 34.390187 0.005069 29.997593 0.094977 25.295380
0.007062 0.000000 0.146436 0.000025 0.338512 0.000055 99.507910
0.499091 0.000056 0.847467 4.457735 37.339711 10.174644 46.681300
14.414659 0.003977 17.578496 0.152753 55.223456 0.007745 12.618919
4.723100 0.031694 43.247214 0.268410 43.454275 0.451568 7.823739
0.080771 0.000079 7.219782 0.115452 1.620326 0.038323 90.925270
0.000001 0.000000 0.000000 2.670389 0.000099 0.000000 97.329509
0.082376 0.000004 0.871254 1.218317 0.013526 0.255502 97.559017
0.000000 0.000000 0.516952 0.000000 99.483043 0.000000 0.000000
0.034028 0.000000 0.005840 6.037265 0.065201 0.003474 93.854195
0.000003 0.000000 0.000070 0.000018 0.041542 0.000084 99.958283
2.324024 0.000753 18.444903 0.132471 7.867999 0.001298 71.228552
0.131105 0.000013 0.279909 4.667530 0.781182 0.047418 94.092846
0.236346 0.000045 54.447877 35.395299 6.565557 1.239913 2.114956
7.800308 0.000110 0.016160 0.710941 52.322638 0.000044 39.149800
3.187117 0.003118 0.931533 1.090054 4.954625 0.406428 89.427125
0.006409 0.000000 0.009629 0.004067 0.649888 0.238716 99.091291
17.585056 0.005143 24.172567 0.027620 57.452804 0.073551 0.683264
0.001551 0.000000 0.593567 0.000651 11.495557 0.000463 87.908208
2.344093 0.066659 55.066413 4.792394 3.026082 0.333914 34.370449
0.033963 0.000000 0.005639 0.015658 0.006535 0.002057 99.936146
0.179894 0.000032 15.834717 37.912357 0.078223 0.398981 45.595792
0.094276 0.000101 0.080595 1.369615 2.561039 0.004019 95.890356
0.476282 0.000014 0.370040 0.472440 6.963558 0.041472 91.676189
1.043646 0.000000 0.429078 0.001098 2.296723 0.018296 96.211154
0.727822 0.537913 48.281702 40.228277 1.907900 5.222394 3.093993
0.008217 0.000001 3.489761 1.777337 2.955284 0.000580 91.768819
0.071678 0.000000 1.427330 0.000803 0.844171 0.002679 97.653341
0.017210 0.000000 0.001557 2.099460 0.003859 0.000883 97.877032
83.104944 0.000253 15.637457 0.158863 1.040843 0.041453 0.016188
38.648906 0.753376 2.827554 3.230397 32.379094 0.119518 22.041160
0.335209 0.000000 0.850104 0.002347 7.023498 0.020992 91.767853
2.350165 0.000000 0.000114 0.771279 0.117017 0.000000 96.761423
0.708746 0.006969 1.810189 0.591987 0.885954 0.028267 95.967888
0.000010 0.000000 0.000000 0.112720 0.003533 0.000001 99.883741
68.815587 0.223836 25.281082 0.015707 5.659213 0.000072 0.004505
0.582881 0.000961 0.720813 2.520978 4.849612 0.364074 90.960681
21.048184 0.000092 3.582961 0.000010 54.185283 0.000085 21.183388
1.477113 0.003051 0.813736 7.567442 3.042216 0.111732 86.984710
14.914718 0.000305 20.408456 0.000305 48.598334 0.000383 16.077499
91.155928 0.000703 0.150284 0.000098 0.788923 0.004214 7.899855
27.772151 0.000027 7.010595 0.001471 12.454741 0.500597 52.260420
3.701031 0.000039 4.569093 0.002915 30.321624 0.000567 61.404733
0.040225 0.000000 0.284109 0.131763 0.325609 0.006300 99.211997
0.272548 0.000005 0.001226 0.141850 4.519152 0.000001 95.065218
0.000033 0.000000 0.000000 0.000000 0.004619 0.000000 99.995345
0.008012 0.000000 0.000006 0.000083 4.013416 0.000000 95.978487
0.426013 0.000005 4.690587 53.995222 0.978013 35.572398 4.337769
39.876455 0.000006 0.167840 0.039210 9.436499 0.000743 50.479245
0.004422 0.000000 0.038019 0.000004 24.712704 0.000001 75.244850
0.431026 0.000003 0.033795 0.005168 1.211350 0.157385 98.161268
0.066661 0.000008 0.010225 0.070101 0.210553 0.025449 99.616998
4.920178 0.001603 35.592829 0.000150 53.652471 0.000677 5.832085
0.128245 0.000000 0.000168 0.001393 0.341777 0.000000 99.528414
0.010366 0.000000 1.384106 0.003430 32.947871 0.000009 65.654224
2.004907 0.014995 0.036219 62.170637 0.406804 0.127333 35.239109
0.132797 0.004813 1.890632 28.083786 5.084952 0.538486 64.264536
10.443103 0.057267 6.681545 63.882238 18.613905 0.001417 0.320522
0.000007 0.000000 0.000787 0.000366 0.007948 0.001392 99.989498
0.000410 0.000004 9.582493 0.001436 11.885335 0.000043 78.530276
0.219966 0.000000 0.167934 0.000122 12.671345 0.000000 86.940634
0.193580 0.000001 0.116807 0.100200 0.752130 0.001991 98.835295
38.244824 4.415928 19.146287 3.229075 26.906323 0.830403 7.227150
0.008750 0.000026 98.121190 0.117017 0.035313 1.716293 0.001408
0.788703 0.004062 0.099736 57.114235 32.800384 0.000266 9.192610
6.231204 0.000030 5.740952 0.122697 28.724241 0.033373 59.147507
0.440964 0.025292 0.446890 2.673658 96.250099 0.000000 0.163099
0.000043 0.000000 0.000010 0.919569 0.016550 0.000227 99.063599
3.146286 0.001047 28.366899 0.037848 17.404716 0.011774 51.031429
8.018352 0.000000 10.712615 56.105787 0.228760 3.118603 21.815884
3.854840 0.000349 60.248381 0.409138 0.523208 34.640706 0.323380
0.000000 0.000000 0.002248 0.000001 39.752215 0.000000 60.245535
0.777863 0.000001 0.013558 0.001917 4.239448 0.000061 94.967151
1.397646 0.000000 0.000077 75.379942 2.786769 0.003116 20.432451
0.110913 0.000297 31.564146 12.872148 5.095547 0.012810 50.344139
0.003708 0.000000 2.055711 0.000428 5.490471 0.187093 92.262590
0.356988 0.000000 96.417063 0.000001 3.225907 0.000000 0.000044
99.915022 0.000011 0.082658 0.000778 0.000669 0.000861 0.000004
0.069463 0.000000 0.106147 0.060385 19.136043 0.005800 80.622166
0.289007 0.000000 0.506726 0.902207 0.014218 0.013811 98.274028
1.001656 0.000000 0.181808 0.000045 1.276956 0.000051 97.539479
0.000009 0.000000 0.000000 0.000039 0.006352 0.000000 99.993598
0.037424 0.000000 0.012537 0.045536 0.589229 0.000012 99.315262
0.026085 0.000001 17.587228 2.041341 1.404881 0.123092 78.817372
93.380230 0.019538 1.333009 2.177909 1.540230 0.003637 1.545449
0.009260 0.000003 8.286513 0.104032 2.586537 0.010867 89.002788
5.354989 0.000000 0.169591 3.099428 15.954821 0.000044 75.421131
2.108069 0.000097 8.948296 0.000024 82.649112 0.000008 6.294393
31.089707 0.000000 0.382622 0.000303 13.477711 0.000000 55.049651
10.377177 0.007980 5.413520 12.652533 1.917129 0.028567 69.603097
1.012281 0.000000 0.085301 0.009307 0.696620 0.008432 98.188055
0.008412 0.000000 0.017839 0.003819 1.047783 0.000000 98.922145
0.039479 0.000000 0.000027 0.005111 0.473086 0.000327 99.481970
48.154408 0.194413 16.798074 0.183637 25.567822 0.006052 9.095597
0.075343 0.000005 2.616030 0.667519 4.106574 0.565964 91.968566
0.000484 0.000000 0.000111 5.164675 0.041373 0.000035 94.793320
0.035620 0.000003 1.725014 0.662862 3.168866 3.031590 91.376048
0.067438 0.000005 0.034666 0.007375 0.916706 0.000276 98.973536
0.050238 0.000000 0.005980 0.000318 0.691553 0.000003 99.251914
0.004257 0.000000 0.002375 0.000060 0.015329 0.000001 99.977976
2.575071 0.000017 0.717455 0.060473 9.752679 0.010324 86.883986
22.599877 0.227669 40.309685 0.001129 27.714171 0.115451 9.032018
0.055413 0.000018 2.182889 0.000822 3.395361 0.000918 94.364578
0.000883 0.000000 0.000000 0.000000 0.000545 0.000000 99.998569
0.689960 0.000166 1.376002 0.013810 2.795865 0.077133 95.047069
0.078437 0.000028 63.098482 0.067153 6.039054 28.791936 1.924917
27.901137 0.001073 8.928864 0.001774 47.566396 0.003088 15.597670
0.000008 0.000000 0.000000 0.000000 0.008824 0.000000 99.991167
0.000001 0.000000 0.000513 0.000005 0.000813 0.001261 99.997407
0.029775 0.000106 2.882089 17.236118 0.360385 0.079278 79.412250
3.217004 0.000234 0.642924 0.047906 7.460977 0.039506 88.591450
0.280162 0.000036 0.436887 8.448243 0.497228 1.383136 88.954311
3.994320 0.000000 4.105479 0.000038 2.424244 0.000641 89.475280
0.076857 0.000001 97.187680 0.102300 1.867417 0.026344 0.739390
0.397192 0.000008 2.520909 0.192987 0.069991 45.033300 51.785612
72.726452 0.000017 4.493453 0.000015 20.113592 0.001528 2.664940
0.000014 0.000000 0.003056 0.000102 0.010049 1.083068 98.903710
0.000044 0.000000 2.568785 0.000000 97.430545 0.000000 0.000625
0.175814 0.000001 0.067564 0.234008 1.801482 0.001148 97.719985
0.000001 0.000000 0.011126 0.000005 0.000005 99.988866 0.000005
0.055950 0.000000 99.918050 0.020011 0.005278 0.000627 0.000089
0.000183 0.000000 0.010688 0.545958 0.000010 95.323879 4.119281
0.131506 0.000059 2.463466 66.098972 2.906783 0.153761 28.245455
27.414104 0.245123 3.756630 0.001720 18.421990 0.001356 50.159073
0.068840 0.000000 0.002665 0.000408 1.276214 0.000000 98.651874
21.718319 0.000056 0.636963 0.000009 28.958985 0.000202 48.685467
37.565804 0.003456 6.890487 0.984557 37.156516 0.022736 17.376441
0.016111 0.000061 0.955190 3.000140 95.333064 0.004732 0.690697
0.000211 0.000000 98.788017 0.501381 0.710379 0.000000 0.000015
0.007823 0.000000 0.713784 0.000113 97.761029 0.007207 1.510047
0.961999 0.112195 1.373718 5.838705 90.813459 0.000806 0.899116
0.035540 0.000055 0.105639 38.833457 3.495817 0.000934 57.528561
0.000172 0.000000 0.886539 0.000019 16.145839 0.000022 82.967407
0.003770 0.000111 0.032371 39.274672 0.176886 0.020753 60.491437
91.452813 0.000864 3.286531 0.556499 4.013557 0.039748 0.649987
0.112526 0.003102 0.146850 61.618578 0.031457 0.000573 38.086915
0.078058 0.000000 34.898793 0.027814 6.486531 39.884033 18.624773
0.004032 0.000039 0.319223 96.617812 0.040470 0.352155 2.666260
0.183061 0.000000 97.769820 0.079762 0.321651 0.238224 1.407483
8.641410 0.000016 0.023987 0.037137 19.788907 0.000002 71.508545
0.229974 0.000007 2.339378 38.589615 58.391726 0.044559 0.404739
0.001417 0.000018 2.221248 80.277865 0.063226 1.887623 15.548600
45.795944 0.002650 0.000011 53.867567 0.031287 0.000004 0.302535
0.003132 0.000000 0.018583 0.000072 0.057834 0.021926 99.898452
0.088042 0.000000 0.000001 98.131436 0.389796 0.000357 1.390362
0.000404 0.000000 99.947840 0.000015 0.048914 0.002649 0.000176
5.334098 0.464105 0.012523 0.231790 10.218637 0.001490 83.737355
0.000172 0.000000 65.089027 0.000030 34.796493 0.000001 0.114280
0.056336 0.000000 0.000201 0.000000 87.094946 0.000000 12.848514
97.498423 0.075936 1.095298 0.029238 1.019320 0.083697 0.198086
99.827784 0.001158 0.014531 0.000001 0.138284 0.000038 0.018212
0.007777 0.000033 0.318594 24.416837 2.644982 0.016716 72.595066
8.828489 0.000630 3.949311 0.009262 77.368098 0.011525 9.832683
36.645657 0.272617 17.616533 0.127347 24.506453 0.027425 20.803967
0.000897 0.000000 0.000433 4.600508 0.009747 0.000119 95.388299
0.000084 0.000000 0.054772 0.000000 91.727542 0.000079 8.217524
0.002636 0.000000 5.110580 0.005426 22.031003 0.000003 72.850353
44.406924 1.392705 0.960420 0.054697 9.257329 0.115375 43.812549
0.045823 0.000000 24.324539 52.647173 0.001356 22.977181 0.003919
0.000038 0.000000 0.000024 0.000089 0.018319 0.000000 99.981529
8.077109 0.165223 2.214205 0.052082 72.826801 0.002421 16.662162
2.738636 0.000000 0.000424 0.775967 35.095554 0.000000 61.389420
3.322801 0.000006 0.577034 33.683041 62.345445 0.000038 0.071630
4.384132 0.523208 0.474782 4.378872 28.272334 0.114633 61.852038
16.409686 0.000004 0.737925 0.000035 80.290002 0.000018 2.562329
9.555905 0.000009 1.735840 0.006500 28.327155 0.026699 60.347891
0.105584 0.000078 4.957580 6.663137 38.673913 0.006851 49.592859
0.137600 0.017815 0.357120 77.134746 0.529082 0.096049 21.727598
13.046350 0.000201 2.617184 0.002133 27.054518 1.408264 55.871350
0.123739 0.000000 0.314735 0.007117 0.512192 0.016206 99.026012
0.004753 0.000000 0.003757 0.000003 0.022280 0.000029 99.969172
0.459403 0.000000 59.123468 0.000000 40.417120 0.000013 0.000000
0.000065 0.000000 0.106062 0.000000 41.312671 0.000000 58.581197
2.590261 0.000196 0.775137 1.342570 0.372336 0.330944 94.588559
16.909459 0.001075 5.654838 0.292805 25.451516 0.109446 51.580861
0.085087 0.000485 27.465281 0.041668 0.457383 71.320081 0.630018
44.256252 0.028684 20.469739 3.830821 3.541571 25.248390 2.624542
0.018787 0.000004 73.858535 0.003719 2.218693 0.302745 23.597512
0.000017 0.000000 0.002035 1.324823 0.001857 0.003875 98.667395
2.852537 0.001979 3.037366 0.436330 8.874375 0.351835 84.445572
0.000165 0.000000 0.002274 0.000045 0.022110 0.002128 99.973279
0.001535 0.000000 0.000018 0.000000 32.944095 0.000000 67.054349
15.235926 0.000299 0.353383 0.000417 63.367969 0.012645 21.029356
0.051333 0.000000 0.513898 0.000003 1.402061 0.001908 98.030800
0.057989 0.000000 0.688738 0.082476 1.103101 0.000325 98.067367
0.012596 0.000000 0.022860 0.001289 0.983961 0.000154 98.979139
2.433859 0.000076 69.662748 0.002181 19.884553 0.064274 7.952308
0.955072 0.000133 19.340537 0.012106 10.853847 0.356583 68.481728
0.007503 0.000000 1.920105 0.066606 5.632936 0.000377 92.372477
0.799950 0.000763 0.040126 33.769453 0.729872 0.007624 64.652216
1.842530 0.000001 0.268339 3.399117 0.119089 0.120176 94.250751
7.792796 0.000069 0.005829 3.101607 0.123486 0.000730 88.975479
0.001295 0.000001 0.013768 0.000004 0.200655 0.000005 99.784273
0.002170 0.000000 0.000463 0.007397 0.006658 0.000890 99.982423
0.000133 0.000000 0.341026 1.406957 7.163854 0.000113 91.087919
41.276714 0.000000 0.846546 0.000000 54.978398 0.000340 2.898004
1.447237 0.000000 0.047010 0.000038 98.386717 0.000005 0.118992
0.000002 0.000000 0.000001 0.000114 0.148517 0.000077 99.851286
2.705952 0.000771 1.729669 0.656689 4.623471 0.005589 90.277856
7.292809 0.001837 16.402689 2.630751 16.660419 4.722394 52.289104
0.000351 0.000000 0.075933 0.236362 99.686939 0.000000 0.000419
8.224813 0.760502 61.438999 0.003386 26.898791 0.532733 2.140779
0.063576 0.000008 0.841384 3.056010 1.750018 0.405750 93.883258
52.944529 0.000524 0.268971 0.259099 16.705784 0.109358 29.711735
7.476144 0.198472 4.116948 5.573935 8.178906 0.061191 74.394405
0.001183 0.000000 0.113408 1.349999 2.136189 0.090178 96.309042
0.231007 0.000000 6.188444 0.000590 0.670060 13.633613 79.276282
87.850721 0.049387 4.232492 0.000162 6.100084 0.000007 1.767147
36.742634 0.000000 0.113746 0.003363 31.350985 0.000004 31.789267
1.497665 0.023282 0.760922 0.661045 6.821883 0.010031 90.225172
0.193891 0.000000 75.811407 0.000429 14.004524 9.946735 0.043011
0.000000 0.000000 0.003520 97.915787 0.000153 0.064122 2.016418
0.000122 0.000000 0.228152 0.023032 0.769837 0.000181 98.978674
0.000004 0.000000 0.001201 0.000518 0.020845 0.000001 99.977434
0.008955 0.000000 0.000654 0.002480 0.104063 0.084601 99.799252
2.749808 0.000032 0.121070 56.165022 4.152403 0.102117 36.709544
0.006041 0.000000 0.000499 0.000006 0.005263 0.000075 99.988115
0.066045 0.000151 0.045298 0.582807 5.684984 0.005970 93.614745
1.249043 0.017583 33.879676 0.004136 62.708062 0.000126 2.141379
0.010187 0.000000 0.151046 0.000655 0.763252 0.000063 99.074793
0.013021 0.000000 0.405954 0.028029 26.191941 1.548450 71.812608
0.000500 0.000000 0.050066 0.000414 10.843634 0.000000 89.105392
0.005628 0.000000 16.061379 0.000302 0.003993 83.883935 0.044765
27.849131 0.017466 16.646210 0.103654 49.780709 0.845941 4.756888
1.903874 0.000956 19.538939 0.120710 43.568465 0.029133 34.837919
0.000001 0.000000 0.000001 99.573749 0.002270 0.000002 0.423979
0.051455 0.000000 0.405397 0.044453 1.624305 0.031777 97.842616
0.776392 0.000002 0.893268 0.001297 96.712106 0.000006 1.616934
12.067533 0.000665 3.063621 0.010121 11.023781 0.007175 73.827100
11.108044 0.003938 1.304165 1.531296 6.356609 0.009475 79.686474
0.547337 0.000646 0.049314 94.044769 0.462592 0.000000 4.895341
9.364358 0.000000 0.231711 2.227144 10.195546 0.000008 77.981234
0.016030 0.000000 13.427329 0.565162 3.683507 0.053332 82.254636
5.056865 0.000003 12.353700 0.000008 61.802757 0.000035 20.786636
0.035985 0.000034 0.027277 0.000286 0.679837 0.000255 99.256325
0.000000 0.000000 0.000000 0.000005 0.000902 0.000000 99.999094
0.008778 0.000000 2.361026 0.002492 4.652458 0.000013 92.975235
0.001307 0.000000 0.003743 3.528738 7.365816 0.000000 89.100397
0.151227 0.000003 8.369810 0.212474 4.625065 0.014582 86.626840
0.006693 0.000063 22.207689 47.586450 0.046401 0.623555 29.529154
95.257676 0.000742 2.152115 0.000421 0.314724 2.125193 0.149133
0.153147 0.001676 0.925046 0.018192 9.924139 0.000650 88.977146
0.001867 0.000000 0.007520 0.171298 0.025893 0.087528 99.705899
0.715288 0.000033 81.599730 1.225815 1.397902 14.035448 1.025787
23.512232 0.218309 35.701025 0.006915 36.937004 0.002217 3.622299
0.425507 0.000000 0.362669 0.001267 10.306907 0.001871 88.901777
20.217489 0.000044 0.003796 0.026973 3.513565 0.000119 76.238012
3.424117 0.000202 0.175958 0.119907 2.288985 0.079127 93.911707
0.095713 0.000000 0.023039 0.000002 0.226986 0.000004 99.654251
0.288557 0.002679 10.402476 28.914779 2.811345 0.085115 57.495046
0.717064 0.000080 0.443577 0.478059 11.875123 0.027241 86.458862
0.022441 0.000000 0.000181 0.000000 99.783969 0.000000 0.193409
45.961848 0.031824 2.648186 1.269234 29.117060 0.012473 20.959377
1.508189 0.000174 1.158350 0.016819 72.854285 0.005563 24.456622
3.271391 0.000024 1.185117 0.006920 0.328549 0.310708 94.897289
6.850632 0.093139 0.553193 0.034106 6.570138 0.001790 85.897005
0.636693 0.000000 0.006785 0.001794 0.814037 0.000053 98.540640
78.005865 0.000509 14.894983 0.008939 4.213931 2.700791 0.174978
1.824265 0.000000 0.082075 0.000439 0.263544 0.000412 97.829264
9.182561 0.001905 6.249046 0.616543 6.302186 0.977660 76.670104
0.001280 0.000000 0.287998 0.000008 98.147893 0.000000 1.562820
0.000103 0.000000 0.000011 0.063851 0.004372 0.000000 99.931657
3.851092 0.004281 7.505033 0.146809 64.176569 0.010402 24.305817
0.000002 0.000000 0.266932 0.000444 99.732089 0.000000 0.000532
17.022710 0.107356 8.532597 3.629170 57.525003 0.073074 13.110094
0.006368 0.000000 0.000096 0.000826 0.196430 0.000013 99.796271
0.073910 0.000056 0.383813 0.481896 0.423577 0.216582 98.420161
56.380904 0.000000 28.893402 0.000011 14.653839 0.022612 0.049232
0.001730 0.000000 0.000280 0.000028 0.021640 0.000000 99.976319
0.690323 0.003354 14.135388 0.678815 81.120532 0.000252 3.371341
0.394227 0.000043 0.151196 0.446735 3.235712 0.002193 95.769889
5.595568 0.020419 49.073598 0.010549 40.742348 0.096126 4.461398
1.698013 0.000000 0.256441 0.001786 0.071010 0.560972 97.411782
7.396337 0.001132 3.034802 0.075739 23.235278 0.000147 66.256567
0.000000 0.000000 0.000001 0.000031 0.061114 0.000032 99.938822
0.000579 0.000000 0.004355 0.001833 0.008787 0.000700 99.983746
1.260956 0.044593 1.023137 0.009688 70.900456 0.001828 26.759338
2.147831 0.006476 7.563780 4.336978 8.754402 0.094962 77.095574
23.559391 0.000812 42.389398 0.351943 3.656599 14.063970 15.977892
0.013734 0.000000 0.002191 0.000162 0.016012 0.001223 99.966681
0.710158 0.000000 0.749176 0.000035 1.555421 0.000059 96.985155
0.002041 0.000000 0.056756 0.010310 0.159678 0.000530 99.770689
1.377704 0.273546 11.114638 19.972514 16.774161 0.296694 50.190753
0.000012 0.000000 13.290332 0.000000 86.480612 0.000000 0.229044
97.323179 0.000000 0.104400 0.000000 2.237249 0.000000 0.335175
0.702474 0.005580 7.077105 0.110138 9.420717 0.010171 82.673818
0.008382 0.000000 0.104597 0.000000 1.176501 0.000713 98.709810
7.131919 0.769310 4.269233 21.258280 41.281885 3.398708 21.890666
0.000823 0.000000 0.573161 0.000028 31.333667 0.000000 68.092316
42.298141 0.000005 34.269521 1.426160 9.031740 0.041565 12.932868
0.014400 0.000000 0.005611 0.308959 0.143535 0.000943 99.526548
0.000143 0.000000 0.003028 0.000008 0.021813 0.000286 99.974722
1.141664 0.001149 16.161582 0.234483 13.087241 0.000935 69.372946
0.000000 0.000000 0.000659 0.001443 0.000230 1.015414 98.982251
0.002848 0.000000 0.000035 0.000004 0.031007 0.000000 99.966109
4.722309 0.000467 20.771295 0.002021 68.396229 0.019084 6.088592
0.870943 0.000185 44.772711 3.201049 0.098056 50.964192 0.092865
2.455839 0.001221 9.411361 2.141424 10.220271 0.035283 75.734602
0.000185 0.000000 0.182345 0.009948 0.044279 0.675776 99.087471
9.051535 0.000017 1.398549 0.005651 30.143943 0.000348 59.399956
0.110113 0.000000 0.122127 0.006956 0.607813 0.005642 99.147350
0.000217 0.000000 0.212930 97.288984 0.000340 2.368112 0.129419
97.594744 0.000041 0.097910 0.006487 1.602319 0.000050 0.698446
0.320510 0.024574 10.209650 0.070405 3.857762 0.012572 85.504526
0.061717 0.000800 12.264226 5.173336 6.570057 0.034043 75.895822
0.001954 0.000000 0.250417 0.000000 97.761941 0.000000 1.985684
13.242846 0.018436 45.502341 0.014965 30.876188 0.001572 10.343655
1.560691 0.007071 97.187126 0.005287 0.979437 0.000496 0.259892
10.114599 0.000001 0.133480 88.540257 0.098662 0.000802 1.112188
91.528279 0.000000 0.000001 8.471543 0.000136 0.000000 0.000040
0.485393 0.000162 0.078197 0.000112 97.391099 0.000014 2.045022
2.916740 0.000126 16.077961 0.000046 71.193588 0.015009 9.796532
83.153742 0.000070 15.473294 0.028652 1.169046 0.000037 0.175161
2.063057 0.000008 0.081126 0.014425 5.047685 0.000143 92.793560
0.316693 0.000000 48.471206 0.000009 50.446621 0.001346 0.764123
0.164628 0.000000 0.041546 0.033193 0.001978 99.758565 0.000094
12.731221 0.000056 0.135386 0.136161 3.189972 0.084169 83.723038
0.224758 0.000361 0.418309 0.220911 1.569651 0.021952 97.544056
0.022609 0.000000 0.276239 0.000070 92.436635 0.000040 7.264406
0.000040 0.000000 0.291802 0.312277 0.420700 0.000210 98.974973
0.213573 0.000029 0.101520 0.106503 6.570734 0.009067 92.998576
8.120235 0.001820 23.313938 0.910337 28.115472 0.028577 39.509618
0.001795 0.000000 2.131559 0.000002 97.866631 0.000000 0.000014
0.686518 0.143528 0.842843 61.925709 25.973725 0.040410 10.387263
10.918404 0.542642 15.011376 70.697341 1.761776 0.541745 0.526711
0.002556 0.000000 1.507076 0.000008 4.577361 0.000096 93.912905
0.000000 0.000000 0.040149 98.433024 0.000037 0.012148 1.514642
0.002041 0.000000 0.001938 0.001499 0.138051 0.002891 99.853575
15.626423 0.000977 47.700680 0.025605 8.794973 16.242404 11.608932
0.192070 0.000751 1.816931 0.338214 1.299747 0.591224 95.761067
32.608292 0.000001 0.127783 0.000032 2.478955 0.000701 64.784241
10.881102 0.000746 2.966740 0.021770 63.239509 0.023004 22.867137
0.292972 0.000042 9.703822 0.000151 57.369977 0.010392 32.622638
0.220496 0.000000 61.481947 0.000003 8.393553 0.000035 29.903966
2.861258 0.002532 0.022062 0.007516 2.415651 0.000015 94.690961
0.051375 0.000001 0.972264 0.026078 1.816617 0.000746 97.132921
0.112785 0.000000 0.067318 0.000454 0.126277 0.266942 99.426222
0.936713 0.009275 25.640064 10.459359 3.507722 0.412470 59.034401
1.155726 0.000313 14.740124 0.448586 4.723351 0.012875 78.919029
0.302653 0.000000 0.083066 0.000054 19.663619 0.000000 79.950607
0.022870 0.000001 17.087961 0.009731 81.883507 0.000262 0.995668
20.010481 0.000001 1.997993 0.000004 77.954557 0.000000 0.036962
6.646118 2.019015 5.920247 0.981799 2.182748 0.086461 82.163613
0.000374 0.000000 0.010467 0.000024 0.001194 99.969637 0.018303
87.958968 0.000143 0.937011 0.074238 8.233437 0.001084 2.795125
8.353074 0.000503 3.348808 0.000814 27.325058 0.929633 60.042107
0.166924 0.000352 0.829702 28.745699 1.500197 0.206164 68.550962
0.565371 0.000072 0.712468 1.735330 22.129695 0.003170 74.853888
0.000523 0.000000 0.014752 0.060238 0.171125 0.005307 99.748057
0.009289 0.000001 0.000079 99.534249 0.001990 0.024915 0.429475
0.102191 0.000001 0.365478 0.314856 0.438845 0.286695 98.491937
3.375239 0.000033 4.489066 0.000049 3.998850 0.006319 88.130444
9.418140 0.000012 5.189684 0.000033 58.906716 0.000218 26.485193
0.007021 0.000000 0.006071 0.036251 0.698634 0.082410 99.169618
6.036647 0.000000 1.297530 0.000334 0.089848 0.000034 92.575605
4.267040 0.001488 1.365661 0.250258 57.916893 0.004617 36.194043
0.000162 0.000000 97.301435 0.001146 2.513062 0.015918 0.168279
1.480260 0.000293 0.623091 0.093170 1.165184 0.011690 96.626318
0.007245 0.000000 0.000138 0.000188 0.721412 0.000001 99.271017
0.001005 0.000001 4.619919 0.000041 95.035106 0.000003 0.343924
0.000323 0.000000 0.000735 0.000029 0.013266 0.000079 99.985570
0.080735 0.000000 0.038188 0.000007 0.095886 0.000009 99.785179
48.664391 0.000017 1.930216 0.051797 41.097054 0.001001 8.255520
0.000820 0.000000 1.245409 0.409385 1.340509 0.000288 97.003591
0.322746 0.000001 0.024948 0.079109 0.213104 0.005571 99.354518
0.060272 0.000000 1.253806 0.244137 93.475759 0.000001 4.966028
0.000000 0.000000 65.629244 0.000029 0.000000 0.000000 34.370723
0.339300 0.000134 3.409693 2.201626 6.832328 0.034488 87.182432
0.000024 0.000000 10.301030 0.000038 89.448304 0.000001 0.250597
0.011188 0.000000 0.672428 0.000000 99.316066 0.000000 0.000318
0.163104 0.000175 0.001587 24.278267 1.321655 0.009793 74.225420
0.000000 0.000000 0.000000 99.999875 0.000000 0.000000 0.000125
0.003922 0.000000 0.155011 0.003237 0.422580 0.002343 99.412906
0.284038 0.000003 2.092081 0.003595 2.554317 0.064835 95.001137
1.834603 0.000006 2.059854 0.000041 9.989494 0.046297 86.069703
3.471841 0.000941 0.208844 24.008682 0.687039 0.005259 71.617395
5.842645 0.000789 29.865953 0.034170 41.560698 0.007863 22.687881
0.000011 0.000000 0.000027 0.000003 0.001427 0.001398 99.997139
0.005245 0.000003 0.401171 58.882260 0.003591 0.026602 40.681130
1.897678 0.000127 1.957521 2.995699 0.138309 38.803497 54.207170
1.231043 0.012872 2.120450 0.013917 96.263587 0.003640 0.354489
99.570698 0.000000 0.120254 0.000008 0.304200 0.000000 0.004846
1.721982 0.002103 18.407264 0.004171 14.422394 0.004161 65.437925
0.005591 0.000000 0.005529 0.000002 0.072034 0.000943 99.915904
0.000554 0.000000 97.968138 0.047593 0.151585 0.000035 1.832095
0.008466 0.000000 0.000000 0.002514 0.002563 0.000000 99.986458
2.701098 0.000011 97.137725 0.000005 0.160981 0.000140 0.000042
0.008219 0.000003 0.102406 0.000500 1.115500 0.000095 98.773277
1.817025 0.000202 2.460346 0.037344 14.752908 0.002849 80.929327
0.082473 0.000046 0.266961 0.498330 1.605752 0.830549 96.715886
1.003752 0.000000 81.782623 0.013320 5.099181 11.387058 0.714058
1.693261 0.052039 6.912406 28.918945 45.108662 0.249568 17.065107
7.051203 0.000004 36.579785 0.093314 21.626599 0.000972 34.648126
0.099938 0.000153 0.835601 51.805887 3.587652 0.054265 43.616506
3.224561 0.001638 8.134735 32.147509 9.470053 0.100567 46.920937
0.405288 0.000005 0.098138 8.351879 1.537455 0.000009 89.607226
1.745529 0.036697 53.282372 0.214633 25.776811 0.157782 18.786185
0.000001 0.000000 0.000000 0.000001 0.005985 0.000000 99.994016
19.891161 0.015402 28.116861 0.122223 42.126551 0.009676 9.718123
44.243830 0.000000 0.122636 0.000004 21.709498 0.000003 33.924038
0.000001 0.000000 0.020361 0.016142 0.445682 0.000038 99.517775
0.067643 0.000005 65.029343 0.516057 6.939956 1.215315 26.231685
0.015132 0.000001 0.085237 0.180524 0.429921 0.010932 99.278259
0.124162 0.000008 33.161290 1.334796 49.248576 0.572977 15.558192
2.275176 0.000156 35.276163 0.016055 45.840171 0.000101 16.592175
0.657696 0.000290 37.128913 0.004263 61.253897 0.064746 0.890197
0.561527 0.000123 68.298155 30.859932 0.062653 0.014244 0.203370
14.304104 0.000007 7.224879 0.002440 7.365821 0.000016 71.102732
0.009023 0.000000 13.255095 0.000099 0.745987 0.000058 85.989733
0.420106 0.001920 0.667672 98.889798 0.003730 0.000048 0.016723
8.271059 0.035168 13.323660 0.295285 55.602723 0.007156 22.464949
3.330681 0.000001 1.942402 0.074981 11.773954 0.001844 82.876134
0.000484 0.000000 0.000613 0.000000 0.034278 0.000001 99.964625
2.968832 0.000521 0.658335 3.074147 13.095873 0.313158 79.889135
0.004807 0.000000 0.540309 0.000000 0.869418 0.000169 98.585296
0.003262 0.000000 0.002708 0.001057 0.074196 0.002677 99.916101
1.806741 0.001300 1.716852 0.455295 7.564469 0.058480 88.396865
0.833000 0.578893 1.544471 1.015435 93.237722 0.000442 2.790039
4.036038 0.000570 3.190436 1.287965 11.047036 0.183535 80.254418
6.334062 0.015569 84.731894 0.016750 5.327315 0.000177 3.574235
0.550643 0.000064 0.263972 0.128426 21.222020 0.014963 77.819912
24.945171 0.000002 30.486992 0.000089 12.379301 0.059511 32.128939
1.136042 0.058589 18.452734 0.016654 20.475262 0.020907 59.839815
1.344964 0.008074 5.647776 0.121013 7.383230 0.111702 85.383242
2.431679 0.000000 0.069483 0.008201 21.369985 0.001412 76.119238
1.746630 0.000003 3.203487 32.235893 11.676107 0.020265 51.117611
1.126195 0.000000 0.168713 0.001276 5.650811 0.023993 93.029016
0.005739 0.000013 0.074195 0.004019 0.306546 0.000119 99.609369
1.372647 0.034681 69.062078 0.001164 29.460460 0.038372 0.030599
1.495200 0.000001 30.880773 0.070558 0.164759 49.145713 18.242995
0.137292 0.000000 0.000033 0.135258 0.814301 0.000139 98.912978
0.001930 0.000000 0.000907 0.000002 0.006338 0.000058 99.990761
0.836762 0.000000 0.122839 98.925835 0.022262 0.000413 0.091890
0.512650 0.000129 0.440254 54.768986 21.179374 0.024383 23.074225
11.576375 0.000771 1.833232 0.290845 13.954304 0.029445 72.315025
6.905260 0.003709 14.412760 0.584924 18.802496 0.146349 59.144500
1.633592 0.000000 0.086287 0.000310 16.356017 0.000018 81.923777
12.359554 0.000035 8.391739 0.053139 48.519453 0.136866 30.539218
98.264033 0.026382 0.981872 0.002807 0.591571 0.042382 0.090946
6.371826 0.000003 0.098921 0.006918 3.154438 0.028270 90.339624
0.027658 0.000022 0.207620 26.844373 0.846017 0.003616 72.070694
0.030409 0.001575 96.613866 0.063477 3.287971 0.000000 0.002702
3.701933 0.000727 36.664698 0.000886 52.103341 0.009404 7.519007
0.000020 0.000000 0.000283 0.000000 0.016243 0.000000 99.983454
0.390027 0.000026 7.328136 1.005641 56.261939 0.006619 35.007611
0.000000 0.000000 0.000001 0.000000 0.006358 0.000000 99.993646
0.189165 0.000002 1.680365 0.000213 8.899964 0.314257 88.916034
3.145177 0.000004 2.067671 0.053813 30.156344 0.004377 64.572614
0.178885 0.000002 1.348191 0.033316 1.298049 0.043485 97.098071
0.026089 0.000000 0.011637 0.000324 0.473497 0.000165 99.488282
0.016770 0.000000 0.000004 0.023179 0.022077 0.000005 99.937963
59.027020 0.004534 2.624750 0.000021 38.235211 0.000157 0.108306
0.084030 0.000014 0.284549 0.000138 4.073538 0.000003 95.557731
4.674071 0.055882 2.588748 4.393672 17.503709 0.113667 70.670256
0.029349 0.000002 0.358178 3.855895 0.320203 0.007934 95.428437
0.000174 0.000000 0.000081 0.005544 0.007558 0.000007 99.986637
1.445785 0.000000 0.137784 0.006821 2.922201 0.327564 95.159847
0.025503 0.000000 2.893255 3.644951 0.000301 93.429358 0.006630
1.152214 0.473742 24.010742 8.601155 4.867120 0.155303 60.739726
2.017899 0.000014 8.108082 0.000031 55.318522 0.103530 34.451917
0.101536 0.000116 91.425007 0.180051 5.403634 0.136101 2.753562
95.342105 0.000000 0.000066 2.402962 0.038503 0.000018 2.216343
4.625926 0.498243 4.119129 0.257475 24.309792 0.090391 66.099048
0.247027 0.000000 3.082382 0.000138 31.143092 0.019683 65.507672
30.447062 0.031439 13.027110 0.148263 20.269742 0.323670 35.752710
0.000243 0.000000 0.000133 0.000000 0.001598 0.000183 99.997842
0.000121 0.000000 0.285121 0.036975 80.531293 0.000033 19.146460
1.588961 0.004402 93.789589 0.080540 3.657660 0.116337 0.762517
0.290232 0.000000 7.836996 0.389098 0.260285 0.003036 91.220355
0.070773 0.000000 0.000000 46.469381 0.082837 0.000000 53.377008
0.293504 0.000088 0.243175 0.127041 7.185148 0.002530 92.148513
2.464553 0.000003 12.091276 0.006067 13.190913 0.000248 72.246939
29.355857 0.003570 1.256325 0.006826 28.484502 0.000068 40.892854
0.100405 0.000000 0.031838 0.067764 0.298217 0.007545 99.494231
6.424721 0.020539 67.265934 0.000039 25.696677 0.038722 0.553369
0.000001 0.000000 0.000007 0.000004 0.094866 0.000222 99.904901
0.009746 0.000889 1.441454 96.981728 0.596762 0.002389 0.967037
72.699461 6.811018 2.494544 0.000046 5.190662 0.040077 12.764186
0.000000 0.000000 100.000000 0.000000 0.000000 0.000000 0.000000
39.172652 0.030995 4.036655 2.530667 0.364551 12.808204 41.056272
0.077050 0.000000 0.003415 0.000001 0.020794 0.000013 99.898726
0.121074 0.000180 0.133577 1.078148 0.221722 0.094234 98.351067
45.331898 0.001038 23.710528 0.001959 16.911210 0.003625 14.039740
3.370929 2.099906 12.479901 79.149416 2.679828 0.107995 0.112025
1.515927 0.000000 1.279940 0.000332 14.563595 0.000016 82.640189
6.524806 0.000008 6.499439 0.082182 21.088167 0.339925 65.465474
0.146795 4.020178 84.535544 9.716054 0.298187 0.774673 0.508569
42.309036 8.198151 22.985184 0.252261 18.566750 4.381658 3.306968
0.813470 0.013732 1.480645 0.421731 84.429264 0.000031 12.841128
5.058721 0.008539 37.609996 5.091350 8.140293 6.918319 37.172790
29.181214 0.066136 1.838993 2.626674 59.636328 0.001026 6.649632
0.000066 0.000000 0.002137 0.000098 0.172766 0.000000 99.824929
0.000001 0.000000 0.000051 32.281750 0.000035 0.058999 67.659163
3.766230 0.059958 43.372175 1.538540 11.936275 0.088860 39.237967
0.011820 0.000000 0.018119 0.195385 0.596257 0.001136 99.177283
2.490932 0.051203 4.475697 0.415351 52.023247 0.004439 40.539130
0.504377 0.000000 0.007887 0.002354 6.225699 0.000033 93.259645
2.954428 0.000127 55.428923 0.003029 29.788006 0.039551 11.785939
0.000104 0.000000 0.000001 0.000000 0.039908 0.000000 99.959987
1.748242 0.000162 59.412757 7.564017 5.498386 12.827969 12.948472
0.028651 0.000000 0.005125 0.006112 0.245788 0.000009 99.714315
31.109506 35.405591 18.030094 1.125884 12.319397 0.480015 1.529513
3.141411 0.001075 2.088606 0.148065 22.221340 0.000508 72.399002
31.590545 0.000627 1.240301 2.056760 39.706516 0.002245 25.403005
3.594583 0.000032 4.034290 0.221460 3.077735 0.234577 88.837321
0.604342 0.026608 19.010139 1.222132 5.966329 0.107474 73.062974
0.037700 0.000000 1.462281 0.064672 31.184097 0.000005 67.251245
0.101596 0.000071 3.424320 4.581854 4.541222 0.353174 86.997765
0.401806 0.000000 0.001234 40.197280 0.081585 0.000525 59.317571
0.581635 0.035220 8.658891 34.430933 2.548474 7.544158 46.200687
0.988306 0.000197 1.151012 89.431931 0.215816 2.851874 5.360862
0.013800 0.000000 0.002848 0.129757 0.106943 0.001811 99.744844
1.106582 0.000016 8.138046 0.014766 34.371808 0.006014 56.362772
12.761343 0.000639 1.349353 20.696747 5.885370 0.139101 59.167448
25.357744 0.000001 8.660570 0.000684 36.278388 0.000003 29.702607
0.018590 0.000000 0.000000 0.000002 0.004098 0.000000 99.977309
18.144036 0.000366 38.653798 0.087667 38.264759 0.044939 4.804429
0.000077 0.000000 0.036520 0.028592 0.397051 0.000019 99.537742
0.933349 0.000157 2.005826 0.062113 3.161582 0.444577 93.392396
30.411207 0.002133 9.202310 55.687337 3.707890 0.199241 0.789876
88.242532 0.000000 0.024977 0.055249 0.403993 0.000396 11.272848
87.560891 0.000003 4.372252 5.728747 0.010960 2.323670 0.003483
0.059209 0.000000 0.000001 1.156920 0.008543 0.000000 98.775327
0.059144 0.007545 1.319051 89.570338 0.980774 0.020314 8.042833
0.000120 0.000000 0.000066 0.000072 0.002274 0.000120 99.997348
0.028684 0.000000 0.004376 0.154551 0.045538 0.000027 99.766827
1.247595 0.000009 0.106522 0.051113 15.724367 0.002183 82.868212
0.041412 0.000000 0.003802 0.003454 0.141818 0.000011 99.809498
0.530347 0.000024 0.093437 0.003711 2.166571 0.030813 97.175092
31.422192 0.008418 0.070873 0.006693 65.799969 0.000067 2.691787
0.000855 0.000000 0.006535 0.000703 0.015887 0.002624 99.973398
0.005535 0.000005 43.614683 3.861010 1.555337 0.091567 50.871867
1.376281 0.000005 69.076107 0.013286 21.004501 0.000015 8.529809
1.583650 0.009666 5.726536 35.732343 2.455294 0.017094 54.475418
0.001715 0.000000 0.000201 0.048335 7.732024 0.000000 92.217731
0.286739 0.005608 64.617205 0.225229 25.445253 0.140677 9.279287
3.982675 0.005591 2.890919 0.102142 52.353626 0.139808 40.525240
23.352131 0.000023 4.146629 0.001630 19.971132 0.079300 52.449155
1.362840 0.000022 1.286684 0.047426 10.459224 0.000985 86.842817
21.931328 0.000288 59.658456 0.049782 17.622726 0.020195 0.717232
0.022382 0.000001 0.621648 6.678779 0.245359 0.000524 92.431307
0.000183 0.000000 4.006965 0.004241 95.988613 0.000002 0.000001
0.000078 0.000003 0.001141 72.702913 0.656915 0.002752 26.636197
0.750974 0.000000 0.222840 0.000027 6.528237 0.000036 92.497880
0.554458 0.000660 36.726972 0.017455 1.381006 0.171010 61.148441
80.687385 0.000087 0.955661 0.010881 15.094977 0.000095 3.250916
99.211460 0.031134 0.455086 0.001651 0.263116 0.001590 0.035968
0.923156 0.000352 33.978078 3.014583 18.351032 0.000123 43.732676
0.000001 0.000000 0.000000 99.565953 0.000008 0.000126 0.433914
25.957578 0.000000 0.020019 1.081181 0.203104 0.000000 72.738117
0.043910 0.000000 0.046010 0.013320 0.486946 0.215976 99.193841
5.039730 0.318895 1.432236 0.741788 40.629174 0.016083 51.822096
2.906029 0.000013 38.264024 0.021265 0.068336 23.805253 34.935084
2.222162 0.000073 17.610204 0.019729 38.092545 0.000151 42.055139
38.616431 0.052146 5.096297 0.004132 33.907288 0.006131 22.317575
0.021447 0.000000 0.000000 0.000000 0.053220 0.000000 99.925333
2.026198 0.000000 0.001083 0.012873 0.357665 0.017851 97.584325
0.685607 0.003563 28.134620 0.192800 38.883889 0.738126 31.361398
6.016697 0.000034 6.604099 0.006871 18.979351 2.702788 65.690166
0.060327 0.000000 0.000011 0.411231 0.004017 0.001266 99.523145
1.822589 0.000994 95.834976 0.001397 2.223765 0.008514 0.107768
0.214238 0.000002 3.471082 0.011848 1.675385 0.008671 94.618773
0.391711 0.000000 0.007612 0.000159 17.588350 0.000000 82.012171
0.061645 0.000119 1.313727 2.742300 1.137118 0.015519 94.729572
1.769428 0.000268 49.078780 0.076198 37.193769 0.048572 11.832987
0.255213 0.017485 0.436622 24.100521 4.864241 0.005784 70.320129
0.841000 0.000000 0.041744 5.462356 0.199651 0.000274 93.454981
0.120243 0.000000 1.389690 3.734139 0.206724 0.422933 94.126272
0.629170 0.003936 9.847901 0.088133 86.976158 0.010023 2.444681
0.001602 0.000000 0.013297 0.000034 2.872769 0.000046 97.112256
0.596205 0.181366 4.946308 76.670086 3.488093 0.043702 14.074241
0.000438 0.000000 0.012331 0.023245 3.163941 0.000024 96.800023
0.000125 0.000000 0.259606 0.006429 0.006093 75.974241 23.753512
0.004475 0.000000 13.536222 0.000003 70.207926 0.000000 16.251377
0.360575 0.000000 0.221533 0.506147 0.756850 0.546306 97.608590
3.268194 0.087319 0.751697 13.795266 9.886932 0.019989 72.190607
3.310824 3.121151 21.323520 70.973212 0.578779 0.028799 0.663717
6.931737 0.000180 1.097427 0.122430 47.867810 0.003561 43.976858
0.000074 0.000000 0.000000 0.011781 0.000012 0.000000 99.988133
0.133038 0.076348 4.231153 15.105972 5.681015 0.079862 74.692613
20.710464 0.000046 0.637960 0.000566 21.916100 0.000008 56.734860
6.041561 0.008147 13.508822 0.000812 74.932075 0.000163 5.508422
0.121933 0.000004 1.243719 0.008683 98.621726 0.000000 0.003939
14.497596 0.434754 3.494589 0.906123 36.075266 0.096599 44.495068
0.004416 0.000000 0.027583 0.021116 37.805591 0.000009 62.141280
8.645197 0.000003 0.049433 0.182968 3.424025 0.007040 87.691336
1.400304 0.000000 0.591223 0.003333 15.148763 0.006496 82.849884
14.356715 0.016902 68.550019 0.077211 15.717671 0.031240 1.250241
0.000183 0.000000 0.246550 0.000000 0.052452 0.000247 99.700570
8.613365 0.000000 0.123505 0.000840 70.168219 0.000000 21.094075
0.149664 0.000018 0.665004 0.121860 6.171294 0.000031 92.892128
0.993552 0.000284 11.814866 0.414058 4.244049 1.247978 81.285214
0.407430 0.207626 96.882689 1.029702 1.435584 0.003994 0.032980
1.030924 0.000015 0.579968 98.067158 0.042896 0.122029 0.157013
0.818700 0.000000 0.113251 0.000026 0.583955 0.170290 98.313779
0.000604 0.000000 0.176751 0.000000 99.822408 0.000000 0.000235
0.365552 0.000757 25.256392 3.276613 60.032523 0.013921 11.054242
6.756234 0.000267 10.269907 0.161241 28.769514 0.190430 53.852403
22.179821 15.900953 3.715181 1.826855 36.687890 0.082922 19.606382
90.320062 0.091605 0.410034 0.083948 1.128008 0.019387 7.946956
0.005140 0.000000 0.052387 0.640013 0.077335 0.006456 99.218667
4.824615 0.000009 0.337998 0.097168 11.798172 0.000772 82.941269
0.000000 0.000000 0.002788 0.008605 99.981087 0.000000 0.007525
0.385611 0.002300 22.218554 2.396337 4.727136 0.164348 70.105714
0.000000 0.000000 0.000004 1.319877 0.000052 0.000260 98.679805
0.917874 0.000019 79.369824 0.082029 0.801778 17.573332 1.255145
0.339688 0.053688 1.223274 48.139510 29.438779 0.072911 20.732155
2.880685 0.000141 2.477841 0.078912 13.377351 0.007714 81.177354
2.844852 0.000668 0.006992 13.130306 2.317632 0.005032 81.694520
2.775983 0.000392 8.960981 1.929761 21.784164 0.489358 64.059366
0.102949 0.000000 0.000000 0.000994 0.023330 0.000000 99.872726
0.004572 0.000001 0.034718 0.147506 0.395143 0.021913 99.396145
22.815040 0.062014 48.108700 0.023391 7.058645 0.107324 21.824890
0.000032 0.000000 0.027923 0.000000 0.252230 0.000000 99.719816
14.996545 2.558907 17.523135 10.386331 4.070780 3.669742 46.794561
0.130498 0.000002 0.042193 0.000167 4.132396 0.000047 95.694691
0.024348 0.000000 0.216802 49.533388 46.533689 0.000856 3.690912
0.116688 0.000188 0.112430 78.888124 0.941007 0.065757 19.875807
2.898483 0.000702 35.439732 0.003082 19.160075 0.051852 42.446079
0.000150 0.000001 0.060950 99.879450 0.054173 0.000055 0.005224
4.558749 0.000057 27.300665 0.010404 27.581838 0.004300 40.543993
13.616961 0.000002 0.089568 0.008458 9.170101 0.000030 77.114886
