0.000000 0.000000 34.530059 0.000000 0.000000 65.469944 0.000000
0.000000 0.000000 0.000002 0.000000 0.000000 100.000000 0.000000
0.000000 0.000000 0.000001 0.000002 0.000000 100.000000 0.000000
2.064257 0.002074 3.846169 0.000005 0.938522 93.109405 0.039575
0.000000 0.000000 2.305595 0.020676 0.000096 97.673631 0.000000
0.000124 0.000001 1.969858 0.007372 0.000008 98.022640 0.000000
0.000000 0.000000 0.000830 0.000000 0.000000 99.999171 0.000000
0.000037 0.000000 1.117777 0.014096 0.000000 98.868090 0.000000
0.341713 0.000000 2.597102 1.503647 0.008163 0.102206 95.447165
0.003924 0.000000 1.134237 0.025402 0.000212 98.836225 0.000003
0.000000 0.000000 0.000001 0.000000 0.000000 100.000000 0.000000
0.000002 0.000000 0.007910 0.000021 0.000000 99.992067 0.000000
99.999535 0.000000 0.000436 0.000028 0.000000 0.000000 0.000000
2.332325 0.000002 69.581306 0.590590 14.133912 10.547125 2.814738
0.001308 0.000000 0.076501 0.000369 0.000005 99.921823 0.000000
0.059143 0.000000 3.294967 12.001879 0.025244 84.616584 0.002182
0.000444 0.000000 0.426327 0.000021 0.000000 99.573213 0.000000
1.434270 0.000005 0.413296 8.299212 0.078183 89.306253 0.468787
0.000000 0.000000 12.813608 0.000246 0.000000 87.186146 0.000000
0.001466 0.000000 0.001991 0.000005 0.000031 99.996507 0.000001
0.000035 0.000000 0.147451 0.000162 0.000000 99.852353 0.000005
0.004639 0.000000 0.014160 0.003617 0.005313 99.971706 0.000564
0.000002 0.000000 0.044468 0.000000 0.000000 99.955529 0.000002
0.000009 0.000000 0.300833 0.000022 0.000000 99.699140 0.000000
0.044267 0.000170 1.301877 0.001409 0.000107 98.652101 0.000075
0.000008 0.000000 0.016790 0.000006 0.000000 99.983197 0.000000
0.000000 0.000000 0.165145 0.002400 0.000000 99.832457 0.000000
0.000101 0.000000 37.962502 0.000000 0.000060 62.037337 0.000005
0.000552 0.000000 0.045526 0.000000 0.000073 99.953854 0.000000
0.000040 0.000000 28.826350 0.000734 0.000000 71.172875 0.000000
0.587357 0.002438 0.970310 0.000000 0.153852 98.286027 0.000016
0.003298 0.000000 99.164057 0.000442 0.000005 0.832201 0.000000
0.000272 0.000000 0.000198 0.002289 0.000000 99.997246 0.000000
0.000637 0.000000 23.419468 0.030879 0.085899 76.462120 0.000994
15.312164 0.000000 4.067499 0.000001 0.144607 80.475711 0.000016
8.121943 0.009468 1.485110 0.029501 0.344692 89.650267 0.359019
0.003089 0.000000 2.919613 0.000028 0.000381 97.074002 0.002886
0.000000 0.000000 53.110558 0.000000 0.000002 46.889439 0.000000
0.000021 0.000000 6.079944 0.002099 0.000000 93.917936 0.000000
0.327869 0.000011 3.864156 0.004754 26.768836 0.032375 69.002002
0.047033 0.000027 0.207674 78.732923 0.054969 20.956031 0.001349
0.000001 0.000000 0.077448 0.000926 0.000000 99.921626 0.000000
0.282454 0.003141 9.334049 2.812252 1.052659 84.572053 1.943397
0.692959 0.228225 20.899373 73.461449 1.468069 3.069344 0.180578
0.003270 0.000000 6.381262 0.013264 0.000188 93.600350 0.001670
0.000000 0.000000 0.001121 0.000000 0.000005 99.998879 0.000000
0.639310 0.000002 28.006658 1.025677 0.578270 69.733804 0.016277
1.253632 0.001621 81.852871 0.093707 0.000134 16.797757 0.000278
0.000139 0.000000 0.107363 0.147624 0.000000 99.744749 0.000123
0.000606 0.000000 2.779500 0.042457 0.000176 97.177100 0.000163
0.000001 0.000000 0.000369 0.000000 0.000000 99.999630 0.000000
0.000000 0.000000 0.000286 0.000000 0.000000 99.999714 0.000000
0.007931 0.000000 3.548466 0.002168 0.000051 96.441388 0.000000
0.007488 0.000366 19.309733 0.044418 0.064864 80.573033 0.000102
0.002243 0.000000 0.961439 0.001242 0.000006 99.035066 0.000000
1.712803 0.000001 0.008734 0.037231 0.000003 98.241204 0.000022
0.000053 0.000000 0.151247 0.001751 0.000055 99.821907 0.024986
0.000056 0.000000 3.525969 0.000161 0.000001 96.473813 0.000000
2.711251 0.002241 89.012261 0.077633 0.786293 7.362273 0.048043
2.828738 0.036310 28.753936 2.702069 23.326042 0.530320 41.822585
0.000005 0.000000 0.352349 0.000066 0.000003 99.647576 0.000002
0.000000 0.000000 0.000195 0.000000 0.000000 99.999809 0.000000
0.002215 0.000000 4.235590 0.184785 0.003840 95.573574 0.000000
0.006476 0.000019 1.187156 0.052539 0.000001 98.753810 0.000000
2.192060 0.000002 2.033500 0.066475 0.000752 95.707124 0.000081
0.000666 0.000000 0.448918 0.000330 0.000468 99.549615 0.000008
0.015642 0.000000 14.153363 0.000134 0.014644 85.781020 0.035199
0.000323 0.000000 34.140393 0.131726 20.897901 0.023737 44.805923
0.000000 0.000000 0.697134 0.000113 0.000000 99.302751 0.000000
0.697841 0.006394 2.130550 88.252919 0.004375 6.598360 2.309560
0.000016 0.000000 0.190658 0.000029 0.000000 99.809295 0.000000
0.443786 0.000009 77.965318 0.401774 0.233277 20.953889 0.001948
0.018501 0.000001 0.444385 0.000007 0.033649 99.503297 0.000161
0.011955 0.000000 95.882154 0.000000 4.105883 0.000000 0.000004
0.000000 0.000000 0.000001 0.000002 0.000000 100.000000 0.000000
0.000000 0.000000 0.000001 0.000000 0.000000 100.000000 0.000000
0.000063 0.000000 4.466678 0.000628 0.000002 95.532626 0.000000
2.020693 0.000084 0.482568 0.195665 93.270606 0.113535 3.916851
59.257960 16.569182 18.080658 0.003857 3.900824 0.257494 1.930027
0.000144 0.000000 0.276292 0.000009 0.000000 99.722481 0.001071
0.006672 0.000000 6.918996 0.000007 0.000256 93.073952 0.000122
0.000000 0.000000 0.000044 0.000000 0.000000 99.999958 0.000000
0.000588 0.000001 2.377021 0.073277 0.002391 97.546500 0.000218
0.698553 0.000000 0.066712 0.004018 0.003889 99.226683 0.000142
0.000633 0.000000 0.383753 0.000000 99.603194 0.000000 0.012426
0.598131 0.000000 1.246486 0.000077 10.526925 2.140140 85.488242
0.000353 0.000000 0.255087 0.000000 0.003331 99.741131 0.000092
0.000248 0.000000 0.248724 0.000044 0.000000 99.750984 0.000000
0.002027 0.000000 0.095013 0.023699 0.000160 99.876803 0.002298
0.274812 0.000000 5.267122 0.158723 0.011829 94.093525 0.193989
0.001931 0.000000 0.806253 0.000075 0.003052 99.188691 0.000000
88.848137 0.039176 5.784122 0.000156 2.932337 2.005236 0.390833
1.089115 0.087215 0.911472 0.000008 0.000196 97.911858 0.000134
0.000001 0.000000 0.003918 0.000027 0.000000 99.996054 0.000000
40.891814 0.008084 5.975743 4.734080 0.190909 48.053440 0.145933
0.000430 0.000000 9.750496 0.000033 0.007352 90.234406 0.007287
0.000191 0.000000 0.001894 0.000001 0.000000 99.997914 0.000000
0.000000 0.000000 0.000000 74.378353 0.000000 25.621650 0.000000
1.712803 0.000001 0.008734 0.037231 0.000003 98.241204 0.000022
4.194359 0.004873 5.233317 0.305043 4.654275 0.002551 85.605580
0.012407 0.000000 1.932064 1.295102 0.037244 94.482332 2.240848
0.001190 0.000000 31.904209 0.001834 0.000472 68.092304 0.000000
0.000006 0.000000 0.068284 0.000322 0.000011 99.931359 0.000015
1.902054 0.000113 28.565174 3.725548 0.023224 65.783870 0.000015
7.432673 0.068935 2.141926 0.134503 88.575553 1.548730 0.097677
0.851160 0.007061 71.228266 0.181444 6.663679 17.853180 3.215209
0.000000 0.000000 0.000000 0.006780 0.000011 0.000000 99.993211
0.000000 0.000000 0.099150 0.027233 0.000000 99.873620 0.000000
0.000693 0.000000 1.017463 0.000722 0.000010 98.980772 0.000340
0.764845 0.000010 55.554181 0.001609 0.000001 43.679354 0.000000
0.541837 0.000014 1.373400 0.006227 0.022219 97.998410 0.057893
0.000000 0.000000 0.198475 0.000204 0.000000 99.801320 0.000000
0.000000 0.000000 0.000320 0.110305 0.000000 99.889380 0.000000
0.000000 0.000000 0.000579 0.000000 0.000000 99.999422 0.000000
0.000006 0.000000 0.001514 0.000004 0.000000 99.998474 0.000000
0.000013 0.000000 0.994611 0.002649 0.000000 99.002725 0.000005
0.000000 0.000000 2.366273 0.000912 0.000000 97.632813 0.000000
1.946385 0.000001 38.443267 0.145325 3.299930 56.165049 0.000044
0.135430 0.000012 0.276285 1.295576 0.534973 0.293421 97.464305
4.737556 0.000003 89.717561 0.045223 0.636961 0.002986 4.859713
2.239148 0.000000 0.000006 97.760844 0.000000 0.000000 0.000000
0.010235 0.000000 9.891827 90.027959 0.051498 0.018476 0.000000
0.000000 0.000000 0.000001 99.999696 0.000000 0.000276 0.000030
0.000000 0.000000 0.000024 0.000000 0.000000 99.999976 0.000000
0.010164 0.000002 1.028235 0.001665 0.030422 98.929274 0.000238
17.025338 0.033058 13.266838 69.387029 0.115074 0.062187 0.110480
0.000006 0.000000 0.650815 0.000082 0.000000 99.349099 0.000000
0.000027 0.000000 0.001468 0.000098 0.000000 99.998367 0.000041
0.016715 0.000000 0.021991 39.479309 0.008704 60.472214 0.001070
0.021990 0.000000 0.126891 0.000131 0.002000 99.848109 0.000875
0.000000 0.000000 0.000663 0.000000 0.000000 99.999338 0.000000
0.000000 0.000000 0.283052 0.005539 0.000000 99.711412 0.000000
0.258800 0.000069 27.138513 6.829734 4.730708 0.822069 60.220110
32.038140 0.001274 6.471144 0.041758 55.140901 0.016566 6.290216
1.789554 0.000178 9.452171 0.045484 0.255104 24.812004 63.645506
19.982412 0.014061 26.610129 0.013408 41.052812 0.014360 12.312820
2.455390 0.000784 46.222553 0.078162 0.244752 50.899267 0.099087
0.000054 0.000000 3.498263 0.000119 0.000000 96.501565 0.000000
0.022845 0.000000 47.210115 0.001428 0.000742 52.759966 0.004906
0.000052 0.000000 0.002870 0.000000 0.000000 99.997079 0.000000
0.000004 0.000000 0.011132 3.098704 0.000094 96.886784 0.003285
0.000393 0.000000 2.122942 2.469264 0.000003 95.407403 0.000000
0.022574 0.000007 13.095601 0.314759 0.048441 86.401290 0.117329
0.003585 0.000000 0.109622 0.000204 0.000924 99.885529 0.000138
25.136653 0.007299 49.477872 0.001756 18.945250 0.133717 6.297459
0.000196 0.000000 8.804556 0.002327 0.000698 91.146255 0.045969
0.018205 0.000310 60.296828 4.046412 3.521901 21.659869 10.456481
0.000000 0.000000 0.001585 0.000003 0.000000 99.998415 0.000000
0.018074 0.000000 63.433653 0.005968 0.003817 36.538357 0.000142
0.000000 0.000000 0.000000 0.000000 0.000000 100.000000 0.000000
0.000000 0.000000 0.002498 0.000001 0.000000 99.997503 0.000000
0.011328 0.000000 46.407247 0.398353 0.000011 53.183061 0.000000
0.000158 0.000000 0.000001 88.280535 0.000924 0.048828 11.669557
0.000000 0.000000 0.004928 0.000000 0.000000 99.995077 0.000000
0.000085 0.000000 0.174753 0.000198 0.000144 99.824429 0.000394
0.000000 0.000000 0.000054 0.000000 0.000000 99.999946 0.000000
0.316187 0.001683 0.444781 0.000012 0.001777 99.235159 0.000395
0.004415 0.000000 28.070396 0.022744 0.000020 71.902406 0.000017
0.041319 0.000002 0.082651 0.000590 0.000037 99.875402 0.000000
0.000394 0.000000 3.721770 0.000013 0.000154 96.277672 0.000000
0.000000 0.000000 0.066222 0.000000 0.000000 99.933779 0.000000
0.000146 0.000000 0.010458 0.000000 0.000003 99.989372 0.000021
1.110385 0.000001 3.502094 0.036068 22.912964 1.436836 71.001649
0.002117 0.000003 2.629909 0.002587 0.000011 97.365367 0.000007
2.601813 0.000958 0.572860 4.019666 31.245856 0.000703 61.558143
0.000012 0.000000 0.325524 0.000012 0.000000 99.674451 0.000000
0.000414 0.000000 0.010591 0.000358 0.000000 99.988639 0.000000
0.000001 0.000000 0.000022 0.000000 0.000000 99.999976 0.000000
0.004991 0.000000 15.179245 0.000881 0.000008 84.814875 0.000001
0.000001 0.000000 0.099254 0.000725 0.000001 99.900013 0.000000
0.015935 0.000000 13.826133 0.000013 1.348328 84.809339 0.000248
0.627950 0.000819 90.728998 0.006269 7.067443 0.026455 1.542070
15.377909 0.013625 0.944969 73.485777 0.011897 0.005945 10.159878
0.000000 0.000000 0.000579 0.000000 0.000000 99.999422 0.000000
0.000004 0.000000 12.029473 0.000000 0.000043 87.970483 0.000000
0.000038 0.000000 99.940336 0.000001 0.000015 0.059609 0.000000
0.005675 0.000000 28.213918 65.542001 0.005903 4.593156 1.639349
2.278633 0.001379 79.770110 0.003263 7.458738 10.451329 0.036558
0.442852 0.000216 34.483315 0.120269 0.026927 64.843426 0.082988
0.366794 0.000100 9.295674 0.001016 0.001510 90.334851 0.000051
0.000000 0.000000 0.020905 0.001771 0.000000 99.977326 0.000000
0.006597 0.000000 0.000139 99.983215 0.000000 0.010019 0.000034
0.041342 0.000000 0.059881 60.680138 0.004093 39.212413 0.002125
0.000117 0.000000 0.691053 0.288958 0.000087 99.019754 0.000025
2.536699 0.000000 0.010166 0.001114 0.261292 0.003081 97.187650
0.390555 0.008990 37.786826 0.035539 0.000060 61.778027 0.000001
0.001304 0.000363 0.521365 0.000113 0.000001 99.476838 0.000012
0.010904 0.001439 0.000615 0.000007 0.000069 99.986964 0.000000
22.243817 0.000998 43.018630 23.144853 0.678307 9.161319 1.752081
0.000008 0.000000 0.016790 0.000006 0.000000 99.983197 0.000000
0.002318 0.000000 99.314046 0.000036 0.633784 0.000313 0.049510
0.000006 0.000000 0.533198 0.000000 0.000012 99.466789 0.000000
1.408590 0.008051 31.336134 6.899527 3.638517 56.701950 0.007238
0.000000 0.000000 96.687705 0.000558 3.273498 0.037309 0.000927
0.000000 0.000000 0.062974 0.000002 0.000000 99.937028 0.000000
0.149998 0.000001 9.745883 0.028966 0.133395 79.166942 10.774815
0.000000 0.000000 0.000024 0.000000 0.000000 99.999976 0.000000
0.008706 0.000002 0.762555 0.000748 0.001213 99.226707 0.000074
0.000000 0.000000 0.000000 0.000000 0.000000 100.000000 0.000000
0.029898 0.000074 13.162383 0.114607 0.000009 86.693030 0.000000
0.545359 0.000000 94.989259 0.342349 2.324329 1.786314 0.012387
0.000000 0.000000 0.008101 0.019155 0.002167 0.002722 99.967849
0.000001 0.000000 0.023266 0.000000 0.000000 99.976736 0.000000
0.135300 0.000018 1.280541 1.910200 0.000039 96.673888 0.000009
0.000084 0.000000 0.002060 0.000014 0.000000 99.997842 0.000000
0.017626 0.000000 96.092027 0.000014 0.000009 3.890329 0.000000
2.000753 0.000633 41.866001 7.719436 0.013417 48.113969 0.285794
0.000000 0.000015 41.779366 0.000159 0.000001 58.220464 0.000000
0.034496 0.000000 0.892264 0.068043 0.000008 99.005186 0.000000
0.000563 0.000000 1.588667 0.000357 0.000000 98.410416 0.000000
0.000000 0.000000 2.786193 0.000000 0.000000 97.213811 0.000000
0.029868 0.000000 3.724385 0.005808 28.075004 0.144282 68.020654
0.000000 0.000000 0.000044 0.000000 0.000000 99.999958 0.000000
1.904142 0.000014 0.045904 0.000603 0.000286 98.049039 0.000015
0.000000 0.000000 0.000904 0.000000 0.000000 99.999094 0.000000
6.605671 0.000066 3.347714 0.009273 0.029902 89.997935 0.009439
0.069686 0.000004 0.044662 0.000008 0.000007 99.884337 0.001294
0.006761 0.000000 0.023756 0.000131 0.000000 99.969351 0.000000
0.067501 0.000001 0.184954 0.171538 0.001170 99.534368 0.040463
0.029898 0.000074 13.162383 0.114607 0.000009 86.693030 0.000000
0.000615 0.000000 13.517516 0.064676 0.006004 67.734257 18.676930
0.071903 0.000000 15.762264 84.156525 0.000001 0.009314 0.000000
0.000114 0.000000 0.041944 0.000007 0.000002 99.957937 0.000000
0.000000 0.000000 0.000030 0.000001 0.000000 99.999934 0.000038
0.000000 0.000000 0.103782 0.000007 0.000000 99.896216 0.000000
0.775453 0.000000 99.137586 0.005545 0.023381 0.057907 0.000129
0.170675 0.000039 0.478835 0.000577 0.002205 99.347657 0.000010
0.000006 0.000000 0.650815 0.000082 0.000000 99.349099 0.000000
0.000001 0.000000 0.306556 0.000093 0.000010 99.375349 0.317993
0.000000 0.000000 0.000000 0.000000 0.000000 100.000000 0.000000
0.000224 0.000000 12.829436 0.104964 0.000000 87.065375 0.000000
0.000000 0.000000 0.000053 0.000000 0.000000 99.999952 0.000000
0.017321 0.000000 1.066550 0.149245 0.003852 98.710304 0.052726
3.653450 0.013247 1.823161 1.369609 0.001481 93.137307 0.001746
0.000020 0.000000 0.017008 0.000001 0.000000 99.982971 0.000000
0.120564 0.000011 1.912977 0.025590 0.004762 97.935468 0.000628
0.349461 0.000015 32.963294 0.695826 1.581384 60.786039 3.623988
0.000000 0.000000 0.000011 0.000000 0.000000 99.999988 0.000002
0.000258 0.000000 0.245427 0.000002 0.001393 99.752921 0.000001
0.000000 0.000000 0.022526 0.000000 0.000000 99.977475 0.000000
1.311726 0.005507 92.102444 5.644072 0.162524 0.481654 0.292077
0.000157 0.000000 35.157773 0.000140 0.001080 64.839613 0.001235
0.000000 0.000000 0.000213 0.000000 0.000000 99.999785 0.000000
0.002090 0.000000 25.371245 0.031896 0.061940 74.531877 0.000960
0.000155 0.000000 0.003624 0.000000 0.000000 99.996221 0.000000
1.662580 0.000464 31.224319 0.203608 0.229044 59.148741 7.531237
0.003206 0.000000 0.000005 99.971503 0.000000 0.017306 0.007982
0.000214 0.000000 2.015457 12.156763 0.000063 85.827351 0.000154
0.000635 0.000000 9.476046 9.354375 0.117485 80.876753 0.174709
0.076089 0.000001 0.832380 0.010737 0.416131 98.461610 0.203047
0.000098 0.000000 6.371889 0.001791 0.000001 93.626219 0.000000
0.000006 0.000000 0.000022 0.257264 0.128373 0.000000 99.614340
0.000000 0.000000 0.003425 0.000000 0.000000 99.996579 0.000000
0.000000 0.000000 0.000107 0.000000 0.000000 99.999893 0.000000
0.000000 0.000000 0.000000 87.377411 0.000469 0.000000 12.622121
0.017701 0.000000 80.454558 0.001018 1.166512 18.346409 0.013803
30.592807 0.001082 4.095639 9.902317 55.343911 0.000007 0.064242
0.000125 0.000000 0.199553 0.012153 0.000000 99.788171 0.000002
0.000004 0.000000 0.309518 0.000356 0.000000 99.690127 0.000000
0.000000 0.000000 0.009586 0.000201 0.000000 99.990213 0.000000
0.001499 0.000001 17.894321 0.024438 0.000055 82.078240 0.001445
98.581112 0.000014 1.407167 0.000249 0.011336 0.000049 0.000066
0.000036 0.000000 0.054514 0.000012 0.090763 4.765256 95.089418
0.001863 0.001765 96.963769 0.061381 0.015557 2.954660 0.001006
0.000431 0.000000 3.934118 0.000430 0.000776 96.064240 0.000003
0.000000 0.000000 0.006654 0.000000 0.000000 99.993348 0.000000
33.501795 0.001360 56.572723 0.081537 0.006497 9.836064 0.000025
0.000000 0.000000 0.000146 0.000000 0.000000 99.999857 0.000003
0.276491 0.000001 38.259004 0.011809 0.015366 61.329330 0.108004
0.000023 0.000000 0.000011 76.274496 0.000001 23.721917 0.003555
0.000414 0.000000 21.464500 0.030679 0.000000 78.504407 0.000000
0.000000 0.000000 0.000002 0.000000 0.000000 100.000000 0.000000
0.000000 0.000000 0.029771 0.000001 0.000000 99.970227 0.000000
0.018342 0.000000 66.090079 0.094848 0.153507 33.638961 0.004270
0.182263 0.000000 97.032839 0.210298 0.985173 0.681777 0.907647
0.000000 0.000000 0.054367 0.002696 0.000000 99.942905 0.000031
0.013844 0.000000 3.195582 0.007656 96.576625 0.000316 0.205973
29.641676 0.000002 70.001888 0.042051 0.000164 0.313996 0.000226
1.652559 0.875363 1.608705 0.135723 0.142180 95.583426 0.002046
0.000000 0.000000 2.366273 0.000912 0.000000 97.632813 0.000000
0.272174 0.001802 93.239225 0.357458 0.003812 6.123975 0.001552
0.000002 0.000000 0.068317 0.000001 0.000001 99.931681 0.000001
0.662333 0.059433 1.142861 0.118247 4.283040 93.733084 0.001003
0.000923 0.000000 8.259064 0.033307 0.051360 57.775000 33.880349
0.007039 0.000056 0.612947 0.034764 0.002520 99.341941 0.000735
0.754839 0.000090 0.800763 0.001299 0.004353 98.438460 0.000195
0.000634 0.000000 0.230639 0.000001 0.000000 99.768728 0.000000
0.052595 0.000596 6.334165 2.543795 0.001390 91.067457 0.000002
0.023034 0.000000 0.342828 0.008554 0.000004 99.625528 0.000059
0.000031 0.000000 0.027663 0.000091 0.000002 99.972206 0.000000
0.001195 0.000000 0.192446 0.059961 0.000000 99.746400 0.000000
0.025531 0.000015 36.225106 0.003834 0.035147 63.697181 0.013189
17.627060 0.018652 52.892336 4.653432 5.943283 18.114009 0.751234
0.000000 0.000000 0.002303 0.000000 0.000000 99.997699 0.000000
10.536080 89.144850 0.136106 0.000028 0.085516 0.000041 0.097378
0.620452 0.029723 21.977804 0.044633 72.095166 0.063440 5.168782
0.000006 0.000000 0.023735 0.000000 0.000000 99.976259 0.000000
2.117678 0.000074 21.432879 0.224598 0.013738 76.169621 0.041410
10.782953 0.000276 1.270520 0.001102 83.342266 0.000102 4.602785
0.466016 0.000006 3.764165 0.089634 0.013966 95.665675 0.000539
0.000000 0.000000 0.155590 0.001062 0.000000 99.843347 0.000000
0.000014 0.000000 0.003863 0.000000 0.000000 99.996126 0.000000
0.004041 0.000006 8.979233 0.004829 0.000023 91.011870 0.000001
0.000000 0.000000 1.246474 0.000003 0.000002 98.753524 0.000000
0.116764 0.003801 0.662934 0.001733 0.000470 99.214292 0.000005
8.722276 0.003617 37.239668 0.012218 0.331157 51.998359 1.692705
0.000353 0.000000 0.255087 0.000000 0.003331 99.741131 0.000092
0.005468 0.000000 80.203307 0.000468 19.198824 0.037474 0.554465
0.000023 0.000000 0.014421 0.000555 0.000001 99.985003 0.000001
0.000001 0.000000 0.002513 0.000031 0.000000 99.997461 0.000002
0.000000 0.000000 0.000000 0.000000 0.000000 99.983907 0.016091
0.034833 0.000000 27.041926 0.107487 0.002635 72.804175 0.008944
0.000000 0.000000 0.200086 0.002560 0.000000 99.797356 0.000000
0.000005 0.000000 4.985242 0.034868 0.000000 94.979882 0.000000
0.001119 0.000000 5.022367 0.003024 0.000022 94.973468 0.000000
0.000000 0.000000 1.353638 0.000037 0.000000 98.646325 0.000000
0.403605 0.000000 1.672509 0.002516 0.005481 97.907513 0.008376
44.843146 0.000003 52.369606 0.000851 0.062411 2.723885 0.000095
0.000031 0.000000 0.392521 0.000000 0.000601 99.606848 0.000000
0.029754 0.000001 0.488872 0.007612 0.000002 99.473757 0.000000
0.007060 0.000000 0.214761 0.010288 0.001043 99.637067 0.129786
0.732075 0.000998 6.647495 0.023850 1.790332 84.230834 6.574420
0.046233 0.000075 99.825758 0.012271 0.104372 0.011089 0.000199
0.000000 0.000000 0.377350 0.000002 0.000000 99.622643 0.000000
0.000772 0.000000 4.161378 0.005251 0.001972 95.829469 0.001159
0.000485 0.000000 0.297580 0.000265 0.000000 99.701673 0.000000
0.000000 0.000000 0.000018 96.314203 0.000002 3.684740 0.001038
0.000010 0.000000 0.042531 0.000005 0.000000 99.957454 0.000000
0.000000 0.000000 0.451637 0.001124 0.000000 99.547237 0.000000
0.000014 0.000000 0.033024 0.020551 0.000000 99.946409 0.000003
0.015975 0.000000 0.000925 0.000016 0.000007 99.983078 0.000002
0.001394 0.000000 16.642477 0.005338 0.037739 83.313054 0.000001
0.004684 0.000000 64.698106 0.004044 0.161778 35.127997 0.003397
0.215633 0.000005 0.420706 0.000049 0.009348 99.353743 0.000520
0.499208 0.000755 86.875303 0.241568 0.015982 12.365123 0.002060
0.001109 0.000000 0.798435 64.571409 0.001224 34.614529 0.013292
0.000002 0.000000 1.382711 0.000000 0.001708 0.000022 98.615557
0.353860 0.000047 0.008443 0.000056 0.000000 99.637598 0.000000
5.189696 0.020874 86.819124 0.000884 0.008748 7.931970 0.028705
0.000036 0.000000 0.136841 0.000001 0.000000 99.863124 0.000000
0.523473 0.000426 81.203413 0.045528 0.325949 15.181763 2.719450
0.000002 0.000000 0.128721 0.000000 0.000000 99.871278 0.000000
0.000016 0.000000 1.075740 0.000001 0.000563 98.922265 0.001408
0.039170 0.000010 23.994380 0.131127 0.002315 75.832997 0.000000
0.000001 0.000000 2.166602 0.060584 0.000093 97.766102 0.006612
4.692692 0.002135 15.887447 0.513672 0.000478 78.903297 0.000282
0.000000 0.000000 0.951824 0.000016 0.000280 9.037554 90.010327
0.000069 0.000000 0.023347 0.000022 0.000000 99.976563 0.000000
1.050760 0.000001 3.522384 95.385343 0.011275 0.011015 0.019212
0.000153 0.000000 0.007524 0.007263 0.000155 71.714312 28.270593
0.000374 0.000000 0.229632 0.000043 0.000965 99.768984 0.000001
0.000000 0.000000 0.911928 0.000000 0.000002 99.087793 0.000281
0.046475 0.000000 0.128084 91.016775 0.000084 8.805359 0.003227
0.000000 0.000000 0.000344 0.000000 0.000000 99.999654 0.000000
0.068648 0.000061 1.903797 0.001981 0.000540 98.005140 0.019825
0.000000 0.000000 0.000125 0.000000 0.000000 99.999881 0.000000
0.000248 0.000000 0.248724 0.000044 0.000000 99.750984 0.000000
0.000000 0.000000 0.000663 0.000000 0.000000 99.999338 0.000000
0.006141 0.000000 0.363473 0.083250 0.000002 99.547124 0.000011
1.721209 0.000014 36.394432 0.005481 61.497062 0.227837 0.153969
43.689749 0.000000 38.617557 16.160683 0.751863 0.763479 0.016666
0.000036 0.000000 0.165239 99.785382 0.000039 0.048062 0.001244
0.000008 0.000000 0.000089 0.000000 0.000000 99.999905 0.000000
0.000000 0.000000 0.000491 0.000050 0.000000 99.999464 0.000000
0.000000 0.000000 0.000003 0.000000 0.000000 100.000000 0.000000
0.000016 0.000000 0.002218 0.000000 0.000000 99.997771 0.000000
0.011346 0.000005 0.056699 3.009260 0.660624 0.069472 96.192592
0.000000 0.000000 0.033728 99.966180 0.000000 0.000085 0.000000
5.676149 0.000001 1.027527 0.136358 0.132948 93.026853 0.000171
0.000000 0.000000 0.001799 0.000006 0.000000 99.998200 0.000000
0.000001 0.000000 0.140643 0.000011 0.000000 99.859345 0.000002
0.232607 0.000011 10.326986 0.001334 0.024737 89.413582 0.000747
0.000000 0.000000 0.000427 0.000000 0.000000 99.999571 0.000000
17.911132 0.016249 31.623101 0.023355 33.999541 0.027780 16.398844
35.483000 0.000005 0.085212 0.001909 2.807336 0.000541 61.621994
0.002313 0.000003 66.107527 29.997455 0.029706 3.334243 0.528752
0.000000 0.000000 0.029981 0.004188 0.000000 99.965835 0.000000
0.000000 0.000000 0.000001 0.000000 0.000000 100.000000 0.000000
0.000013 0.000000 5.608831 0.088158 0.000001 94.303000 0.000000
4.442303 0.000030 0.035523 0.010259 0.368641 45.559603 49.583641
15.844657 0.024536 2.854580 0.000738 0.022475 81.252980 0.000037
0.000000 0.000000 0.134753 0.000256 0.000000 99.864990 0.000000
7.420300 0.000035 6.042842 0.249498 32.801341 33.670678 19.815309
0.000000 0.000000 0.000001 0.000000 0.000000 100.000000 0.000000
0.000000 0.000000 99.999642 0.000007 0.000015 0.000330 0.000004
0.004528 0.000000 0.004540 53.162134 0.005460 45.587602 1.235734
18.965825 0.039074 79.195631 0.050115 1.558230 0.144866 0.046258
0.000206 0.000000 2.159154 0.006479 0.000000 97.834164 0.000000
0.016193 0.000000 8.673880 0.152250 0.335338 0.000529 90.821808
20.875971 0.000067 8.324540 0.018281 11.394187 0.181312 59.205639
0.003093 0.000000 6.681671 0.001175 0.000020 93.314039 0.000000
0.000000 0.000000 0.056542 0.000000 0.000000 99.943459 0.000000
0.000000 0.000000 31.268954 0.000000 0.000005 68.483394 0.247647
0.000000 0.000000 0.455229 0.001349 0.000000 99.543422 0.000000
0.000072 0.000000 0.052584 0.000002 0.000000 99.947345 0.000000
0.000151 0.000000 68.203515 0.006530 0.000000 31.789806 0.000000
0.000024 0.000000 2.021226 0.000121 0.000000 97.978628 0.000000
0.000000 0.000000 0.000001 0.000000 0.000000 100.000000 0.000000
0.007212 0.000004 3.694994 0.008626 0.000015 96.289111 0.000037
0.008450 0.000000 0.216277 0.000192 0.672533 0.003490 99.099064
0.173131 0.029274 90.191060 0.000084 7.976320 1.616453 0.013678
0.024851 0.000000 14.392536 0.182200 0.002251 84.223317 1.174850
0.000002 0.000000 0.040579 0.000065 0.000000 99.959356 0.000000
0.024725 0.000033 0.004286 0.000043 0.000015 99.970901 0.000000
0.061117 0.000002 10.418495 45.937362 0.000686 43.532062 0.050279
0.004350 0.000000 0.056957 1.572529 8.809361 0.000681 89.556117
0.000039 0.000000 0.001177 0.000004 0.000000 99.998784 0.000000
0.196611 0.000000 3.006943 0.140719 0.000000 96.655726 0.000000
16.244763 0.000524 2.768200 0.139284 0.074891 80.674403 0.097938
0.146327 0.000000 0.001926 99.012542 0.406699 0.003030 0.429470
0.076114 0.000000 2.636280 0.000350 0.005550 97.281653 0.000054
0.195000 0.000000 0.747969 0.000153 0.641023 0.004171 98.411685
0.001476 0.000008 91.687655 0.003406 0.000002 8.307458 0.000000
0.000000 0.000000 0.000495 0.000000 0.000000 99.999505 0.000000
0.391513 0.000113 0.580440 0.010094 0.000011 99.017817 0.000017
23.463398 0.000000 0.045375 0.205584 21.562216 0.408805 54.314625
0.000000 0.000000 0.000000 99.784207 0.000000 0.213390 0.002402
0.000006 0.000000 0.007206 0.000004 0.000000 99.992788 0.000000
0.000055 0.000000 1.048644 0.000061 0.000000 98.951238 0.000000
6.818867 0.048375 8.860203 3.798223 4.592835 35.760349 40.121147
0.000004 0.000000 0.001264 0.000011 0.000000 99.998724 0.000000
70.223466 7.486804 14.451527 0.775300 1.364144 5.592404 0.106354
0.002739 0.000000 0.001152 99.986303 0.000200 0.009613 0.000000
0.000067 0.000000 0.142633 0.000019 0.000001 99.857283 0.000000
0.010504 0.000000 1.269806 0.000432 0.022911 98.695892 0.000456
0.000000 0.000000 0.000081 0.000000 0.000000 99.999917 0.000000
0.000000 0.000000 0.075579 0.000001 0.000000 99.924421 0.000000
0.000548 0.000000 1.035437 0.140509 0.000089 98.822659 0.000759
0.000023 0.000000 0.108102 0.000053 0.000071 99.891746 0.000001
0.000242 0.000006 0.743594 0.000394 0.000146 99.255496 0.000116
0.000000 0.000000 0.063719 0.000001 0.000000 99.936283 0.000000
0.000023 0.000000 12.366784 0.044123 0.000000 87.589073 0.000000
0.039508 0.000000 0.050174 12.588214 0.001219 87.255888 0.064997
0.000065 0.000000 99.996102 0.000105 0.000516 0.003158 0.000048
0.000129 0.000000 0.070510 0.000762 0.000002 99.928600 0.000000
0.008918 0.000000 0.282032 0.009543 0.000002 99.697864 0.001644
0.000115 0.000001 0.167024 0.000078 0.000017 99.832755 0.000016
0.000000 0.000000 0.090440 0.000221 0.000000 99.909341 0.000000
0.000004 0.000000 0.004088 0.000052 0.000000 99.995828 0.000031
0.002929 0.000000 9.011583 0.074069 0.470234 5.354952 85.086238
0.776249 0.000000 8.024978 0.123360 91.012652 0.012523 0.050232
0.000111 0.000000 0.008439 0.000026 0.000092 99.991328 0.000008
0.006320 0.000000 0.005210 0.000230 0.000008 99.988228 0.000007
0.002866 0.000000 0.272901 0.185261 0.000526 92.093116 7.445332
0.000841 0.000000 84.301704 0.000504 0.044022 0.000000 15.652929
0.000341 0.000000 0.072854 0.001180 5.868607 0.000000 94.057024
0.000419 0.000000 0.363748 0.002450 0.000190 99.631971 0.001221
0.012915 0.000062 0.095334 96.803022 0.407484 0.000001 2.681183
2.404190 0.001696 45.642972 0.219551 6.432356 45.094707 0.204528
0.000005 0.000000 0.003489 0.000005 0.000005 99.996495 0.000000
0.000007 0.000000 0.191788 0.611368 0.000002 92.118233 7.078601
0.000100 0.000000 0.047883 0.000000 0.000000 99.952018 0.000000
4.015564 0.000106 4.090082 13.479626 0.092412 78.290898 0.031316
0.000192 0.000000 0.713771 0.001476 0.001071 99.283493 0.000003
0.000004 0.000000 0.000000 99.999702 0.000287 0.000001 0.000000
90.897053 0.578580 3.925095 0.035182 2.307916 0.799493 1.456681
0.154583 0.000108 92.513215 0.050035 0.119283 7.134311 0.028470
0.000001 0.000001 0.003774 0.000025 99.996197 0.000000 0.000005
0.199973 0.000001 76.478028 0.016090 10.398891 0.020022 12.886997
0.000016 0.000000 1.075740 0.000001 0.000563 98.922265 0.001408
0.023049 0.010968 1.131457 0.044556 0.006679 98.783213 0.000072
0.086834 0.000002 92.056608 0.000076 1.787542 6.054622 0.014309
0.231365 0.000014 34.747240 0.033652 27.804910 33.870432 3.312393
0.088511 0.000001 2.845590 0.005734 0.105509 96.926213 0.028441
0.001341 0.000000 0.413588 0.148963 0.000030 99.433482 0.002603
0.910151 0.000005 15.745128 0.000092 1.353960 81.967126 0.023536
0.000000 0.000000 0.000025 0.000000 0.000000 99.999976 0.000000
0.000000 0.000000 0.000002 0.000000 0.000000 100.000000 0.000000
0.000199 0.000000 13.275649 0.025077 0.000025 86.699057 0.000002
0.000262 0.000000 22.016509 0.001395 0.000004 77.981826 0.000000
0.005222 0.000001 0.661164 0.000107 0.004733 99.328750 0.000024
0.007531 0.000000 0.218405 0.000015 0.227209 3.149525 96.397316
0.043653 0.025179 0.637494 0.000028 0.016133 99.273831 0.003682
9.221461 0.005838 20.832258 0.001218 0.018910 69.919674 0.000639
0.000009 0.000000 0.006328 0.000000 0.006282 99.987382 0.000000
0.492525 0.000000 3.674550 0.000000 0.213773 95.615244 0.003911
0.107721 0.000000 0.991661 0.005888 1.217793 1.097697 96.579242
0.000000 0.000000 2.597585 0.000005 0.000000 97.402412 0.000000
0.000000 0.000000 0.000000 0.000000 0.000000 100.000000 0.000000
0.000001 0.000000 99.998152 0.001806 0.000000 0.000039 0.000000
0.002094 0.000000 0.000002 0.000000 0.000000 99.997902 0.000000
41.210338 0.011477 17.935422 0.000072 40.458509 0.277335 0.106849
20.030929 0.000003 22.706810 0.000011 54.454631 0.082775 2.724843
0.000000 0.000000 0.012385 0.000000 0.000000 99.987614 0.000000
0.000080 0.000000 0.065722 0.000000 0.000094 99.931890 0.002220
0.040214 0.000001 2.665579 0.000091 0.077495 97.214789 0.001824
0.016715 0.000000 0.021991 39.479309 0.008704 60.472214 0.001070
9.782542 0.175974 56.916821 18.188235 14.464140 0.207376 0.264909
20.604528 0.001045 6.952690 0.003534 30.715148 0.005953 41.717103
0.001103 0.000000 38.480935 0.000036 0.000295 61.517376 0.000254
0.004098 0.000000 0.271739 0.000030 0.002724 99.721414 0.000000
0.000616 0.000000 0.080959 0.000001 0.000704 99.917674 0.000049
0.000009 0.000000 1.530759 0.000338 0.000002 98.468876 0.000017
0.020341 0.000000 19.053581 0.000129 0.068556 80.840296 0.017093
0.009537 0.000000 20.547278 0.028297 0.000003 79.414886 0.000000
0.000008 0.000000 0.009202 0.008526 0.000000 99.329990 0.652273
0.000047 0.000000 0.801012 0.000272 0.000000 99.198669 0.000000
0.019090 0.000000 97.164697 0.008060 0.409070 2.077813 0.321265
0.004041 0.000006 8.979233 0.004829 0.000023 91.011870 0.000001
0.014273 0.000000 17.077070 0.766090 0.000138 82.142429 0.000000
0.000073 0.000000 0.042880 0.000045 0.000000 99.957007 0.000003
0.000060 0.000000 0.002385 0.000037 0.000000 99.997163 0.000358
0.412315 0.000001 0.104452 0.000000 0.000500 99.476492 0.006239
0.000000 0.000000 2.275551 0.000001 0.000000 97.724450 0.000000
0.298308 0.000000 3.591115 0.043315 0.000004 96.065397 0.001860
0.273721 0.000001 76.696962 22.609481 0.048389 0.371427 0.000021
0.132466 0.000005 1.545843 1.187849 0.011004 96.897572 0.225262
0.000002 0.000000 2.960224 0.000254 0.000000 97.039521 0.000000
0.000023 0.000000 0.581947 0.040727 0.000001 99.377304 0.000000
1.721209 0.000014 36.394432 0.005481 61.497062 0.227837 0.153969
0.190445 0.001099 38.642764 1.094673 2.141144 0.051977 57.877898
0.685555 0.212327 96.772832 0.011860 2.154570 0.140571 0.022280
0.593607 0.000000 11.954172 0.017670 0.150352 86.809182 0.475017
0.092505 0.000000 17.970139 0.001302 0.017667 81.905466 0.012927
0.000000 0.000000 0.000594 0.000000 0.000000 99.999404 0.000003
0.000001 0.000000 0.032138 0.000009 0.000048 99.967802 0.000000
0.000033 0.000000 1.376939 0.000009 0.000145 98.622871 0.000000
0.003687 0.000008 6.038178 1.827292 0.042328 92.049671 0.038837
0.062046 0.000000 84.078503 0.116986 0.049883 15.692462 0.000122
0.000007 0.000000 0.009102 0.000000 0.000000 99.990892 0.000000
1.273650 0.042153 43.655506 0.012658 0.003865 55.012143 0.000023
27.300459 0.000025 27.782026 0.024699 42.111605 0.034561 2.746622
0.000429 0.000000 3.053582 0.000270 0.000868 96.944851 0.000000
99.360847 0.000001 0.062878 0.049172 0.517366 0.000004 0.009730
0.534122 0.000002 0.476025 2.094785 0.489763 0.019406 96.385896
0.000248 0.000000 0.248724 0.000044 0.000000 99.750984 0.000000
0.000000 0.000000 0.000052 88.303840 0.000017 11.292461 0.403629
0.000022 0.000000 0.034766 0.000021 0.000001 99.965191 0.000000
0.000000 0.000000 0.000008 0.000060 0.000000 99.999934 0.000000
0.003888 0.000000 0.327180 0.000681 0.000407 99.665403 0.002442
0.010673 0.000000 3.784538 13.335688 0.020879 77.662593 5.185628
0.604895 1.899963 27.704793 0.000317 0.268258 12.630029 56.891745
0.003762 0.000000 0.660274 0.002884 0.001114 99.331957 0.000013
0.442852 0.000216 34.483315 0.120269 0.026927 64.843426 0.082988
0.000015 0.000000 6.948047 49.112722 0.000019 43.939191 0.000004
0.012129 0.000000 8.609033 0.003762 0.000294 91.374785 0.000001
0.013218 0.000001 31.385770 66.723929 0.004565 1.853282 0.019229
0.043556 0.000014 2.048990 0.000218 1.295851 96.611362 0.000008
0.001104 0.000000 1.442347 0.000009 0.000000 98.556542 0.000002
0.000003 0.006413 78.212194 0.000001 0.041083 20.655443 1.084865
0.000012 0.000000 23.223735 0.000022 0.000009 76.776224 0.000000
2.896154 0.000253 5.447664 0.018685 0.095265 91.175122 0.366852
0.049376 0.000003 99.849296 0.062566 0.000085 0.038674 0.000003
0.003128 0.000000 0.075998 0.017158 0.778126 1.417154 97.708434
0.000000 0.000000 0.001799 0.000006 0.000000 99.998200 0.000000
0.014559 0.000002 1.697144 0.002559 0.000000 98.285735 0.000000
0.000000 0.000000 0.007875 0.000000 0.000000 99.992126 0.000000
0.173131 0.029274 90.191060 0.000084 7.976320 1.616453 0.013678
15.444429 0.000056 0.216601 0.000573 0.002487 79.103063 5.232794
0.031269 0.000000 0.905477 0.000100 0.042680 99.000603 0.019873
1.572242 0.000000 1.359414 0.076844 0.000045 96.991455 0.000000
0.155654 0.000002 18.804236 29.383725 0.001422 51.654541 0.000420
0.014117 0.000005 80.195031 0.013521 0.000253 19.777057 0.000023
0.005010 0.000000 20.273118 0.007060 0.000446 79.714364 0.000001
0.667540 0.000277 21.677447 2.840619 0.007778 74.803630 0.002706
0.020044 0.000000 1.459706 0.005552 0.000004 98.514694 0.000000
0.368089 0.000028 3.399959 0.987292 0.042308 95.200563 0.001753
0.014291 0.000000 3.749823 24.782670 0.020876 71.403992 0.028345
0.013011 0.000000 81.545415 0.008646 0.000205 18.432709 0.000011
0.014327 0.000123 64.118872 0.262286 0.009468 35.594901 0.000030
3.203594 0.000186 1.539089 0.000105 0.000022 95.256919 0.000078
24.465238 0.000000 12.914437 0.012278 28.072023 34.534507 0.001510
0.001741 0.000001 99.496037 0.196126 0.006495 0.275591 0.024011
0.000471 0.000000 0.051458 0.000006 0.000000 99.948066 0.000000
0.000486 0.000000 0.000753 0.000013 0.000000 99.998748 0.000000
21.821545 0.011903 41.980549 0.036080 1.540122 34.072967 0.536837
0.000008 0.000000 0.016790 0.000006 0.000000 99.983197 0.000000
15.426751 0.000030 71.544353 1.459418 10.240637 1.328809 0.000000
7.747297 0.008206 61.113697 1.582766 3.203641 1.797489 24.546902
0.181148 0.000000 0.115337 0.003279 0.000006 99.692202 0.008030
0.059864 0.000112 61.925761 1.440687 0.000891 36.572682 0.000009
0.742867 0.000165 0.430617 0.010873 0.004724 98.773521 0.037229
0.000001 0.000000 0.013883 0.000020 0.000000 99.986094 0.000000
0.000000 0.000000 0.005137 0.000000 0.000000 99.994862 0.000000
0.000032 0.000000 0.043713 0.000186 0.000015 99.956053 0.000001
0.000002 0.000000 0.134795 0.000125 0.000000 99.865073 0.000000
0.003705 0.000001 1.040221 0.001095 0.000000 98.954833 0.000140
0.000000 0.000000 14.224030 0.034411 0.000402 85.735875 0.005281
0.000021 0.000000 0.097624 0.033144 0.000555 99.868655 0.000002
98.785430 0.013301 0.968741 0.000011 0.232377 0.000012 0.000131
0.000000 0.000000 2.846031 0.001006 0.000000 97.152960 0.000003
0.000324 0.000000 0.356754 0.000048 0.000000 99.642879 0.000000
0.000012 0.000000 7.802491 0.273866 0.000002 91.923625 0.000000
0.000000 0.000000 0.001290 0.000000 0.000000 99.998713 0.000000
0.015502 0.000000 19.908370 0.000006 0.000008 80.076098 0.000013
0.158171 0.000001 4.093393 0.932091 0.078508 36.620134 58.117700
0.000967 0.000000 0.003025 0.000161 0.075953 0.000032 99.919862
0.000001 0.000000 8.394441 0.001143 0.000000 91.604412 0.000000
0.006693 0.000006 1.804370 0.044088 0.000112 98.144716 0.000019
7.130241 0.000000 0.136488 0.000044 0.000008 92.733216 0.000000
0.000671 0.000000 0.784229 0.000001 0.000123 99.214923 0.000049
0.217405 0.000042 24.791124 8.377177 0.003976 66.606712 0.003567
0.000064 0.000000 88.775843 0.001045 0.000013 11.223034 0.000001
0.000003 0.000000 0.244838 0.000599 0.000000 99.754560 0.000000
0.000000 0.000000 0.000002 87.496372 0.000000 12.503579 0.000042
0.536069 0.000004 1.835100 0.096404 2.272777 88.272119 6.987526
0.044582 0.000007 84.791111 0.006173 0.320360 6.100632 8.737136
0.000024 0.000000 0.122901 0.000242 0.471356 0.000000 99.405479
0.002729 0.000000 0.009418 0.959551 0.016748 0.000315 99.011236
0.002765 0.000046 78.532195 21.462767 0.001025 0.001183 0.000019
0.033982 0.139428 4.134243 0.532627 0.026193 92.993790 2.139738
0.000556 0.000000 8.577455 0.000112 0.002094 91.419786 0.000000
0.000002 0.000000 0.022183 0.016093 0.054502 0.000000 99.907219
0.536069 0.000004 1.835100 0.096404 2.272777 88.272119 6.987526
56.398261 0.144715 41.491151 0.322023 1.352146 0.006430 0.285271
0.282307 0.000000 27.959767 0.070523 0.046907 4.649846 66.990650
0.000036 0.000000 3.040290 96.657878 0.036325 0.186814 0.078663
0.000000 0.000000 0.000024 0.000000 0.000000 99.999976 0.000000
0.000000 0.000000 0.000368 0.000310 0.000000 99.999321 0.000000
0.386018 0.006953 3.537233 0.004624 0.000000 96.065176 0.000000
0.000000 0.000000 0.000161 0.000000 0.000001 99.999797 0.000041
0.000037 0.000000 1.117777 0.014096 0.000000 98.868090 0.000000
0.000000 0.000000 0.015842 0.000030 0.000000 99.984127 0.000000
0.074474 0.000000 0.117107 90.037900 0.000225 9.770124 0.000166
0.000038 0.000000 38.534832 0.002872 0.000229 61.462027 0.000001
0.013196 0.000000 0.022674 99.391139 0.000311 0.317012 0.255669
0.000020 0.000000 4.293709 0.011996 0.000001 95.682508 0.011771
0.000027 0.000000 1.854948 0.000054 0.000000 98.144972 0.000000
8.598256 0.021807 9.676236 0.965102 2.300606 48.929897 29.508102
0.157354 0.000032 0.519725 0.001130 0.024982 99.043590 0.253187
0.344070 0.000001 4.715494 0.461193 0.281849 91.956181 2.241210
5.926799 0.000318 7.311812 0.003080 0.058886 86.697357 0.001746
1.857137 0.000000 0.318619 0.000190 0.000114 97.823942 0.000002
0.250291 0.000000 0.006189 0.069535 0.000000 99.673980 0.000006
0.000708 0.000000 9.563367 0.005103 0.003834 90.304905 0.122083
0.000072 0.000000 0.383469 0.009695 0.000000 99.606764 0.000000
18.521664 0.000315 57.767355 0.233770 8.042006 0.003145 15.431739
0.002201 0.000002 89.853579 0.009663 0.000000 10.134556 0.000000
0.910381 0.000000 0.667445 0.002323 0.000025 98.419827 0.000000
0.023241 0.000000 96.790892 0.003402 0.127357 0.205289 2.849816
0.344695 0.000000 0.849081 0.010243 0.000005 98.795974 0.000000
0.000041 0.000000 0.000002 99.911493 0.000001 0.000000 0.088466
0.000099 0.000000 0.513382 0.000658 0.000003 99.485838 0.000019
0.000037 0.000000 2.080742 0.000004 0.000000 97.919214 0.000000
0.001293 0.000000 93.043273 0.053207 0.859494 0.863598 5.179133
6.915057 0.000000 1.539190 0.101278 0.037126 82.559478 8.847871
4.584810 0.095720 1.754000 0.020359 0.000737 93.542428 0.001945
13.136686 0.000603 27.169041 0.009335 2.037083 55.601892 2.045362
0.000024 0.000000 5.758793 0.036275 0.000000 94.204909 0.000000
4.495363 0.014437 43.697348 6.373762 30.170065 3.412329 11.836701
0.011095 0.000000 0.166495 0.007849 0.000400 99.814159 0.000000
0.023777 0.000006 27.022102 0.005914 0.006147 72.942060 0.000001
5.248517 0.003033 91.763759 0.000053 2.968360 0.015080 0.001198
0.000003 0.000000 0.001389 0.000000 0.000000 99.998605 0.000000
0.001207 0.000000 76.488271 0.030010 0.000000 23.480508 0.000000
0.076009 0.005357 71.742926 1.643641 0.000844 26.458474 0.072750
0.000000 0.000000 0.000004 0.000000 0.000000 100.000000 0.000000
0.000024 0.000000 0.012784 0.000007 0.000000 99.987185 0.000000
0.195000 0.000000 0.747969 0.000153 0.641023 0.004171 98.411685
0.000005 0.000000 0.409195 0.002845 0.000004 99.587160 0.000798
0.000000 0.000000 0.105433 0.000000 0.000000 99.894565 0.000000
11.488465 0.011555 29.216135 1.578152 0.481110 0.499139 56.725442
0.064810 0.000000 0.021019 52.144843 0.000051 47.768342 0.000932
0.913583 0.000000 6.118863 0.175814 0.910261 91.834922 0.046554
0.000540 0.000000 32.501781 0.026050 0.000080 67.471546 0.000000
0.000062 0.000000 0.008078 58.984426 0.000305 40.957736 0.049394
0.002218 0.000000 0.261318 9.927069 0.000099 89.766401 0.042901
0.001257 0.000011 1.449068 0.002242 0.002678 98.540074 0.004673
0.586210 0.001234 15.905258 13.327615 0.081158 70.088816 0.009709
1.728665 0.000057 3.310953 3.223623 1.399868 80.872571 9.464262
0.000000 0.000000 0.017780 0.000000 0.000000 99.982220 0.000000
0.000641 0.000000 0.081694 99.709368 0.001405 0.190318 0.016575
0.000223 0.000000 91.350626 0.000946 0.000001 8.648207 0.000000
0.011913 0.000002 9.253049 0.082911 0.007065 90.263419 0.381646
0.107375 0.000001 95.897239 0.000011 3.386542 0.559942 0.048882
0.244293 0.001126 98.852754 0.026231 0.848826 0.023941 0.002825
1.125610 0.000002 6.572872 0.230082 0.033731 92.036480 0.001225
0.000161 0.000000 2.814950 0.090847 0.000247 97.089023 0.004769
0.000002 0.000000 0.003219 0.000000 0.000000 99.996781 0.000000
0.021976 0.000000 17.118205 0.000147 0.224295 82.633950 0.001420
0.003086 0.000000 0.058869 0.000053 0.000000 99.937993 0.000001
14.521502 0.000216 4.058342 0.039758 0.001761 81.377739 0.000682
4.781033 0.000894 1.882127 2.682196 0.006128 90.647280 0.000348
0.001074 0.000002 0.196587 0.000116 0.000082 99.802130 0.000007
0.018667 0.000038 30.318703 0.088555 0.000084 69.573955 0.000000
0.000000 0.000000 0.000044 0.000000 0.000000 99.999958 0.000000
0.000000 0.000000 0.000001 0.000000 0.000000 100.000000 0.000000
0.003275 0.000000 0.360088 0.453560 0.009748 10.671486 88.501841
0.001264 0.000000 0.108178 0.000309 0.000000 99.890250 0.000001
0.000903 0.000000 0.238198 0.000513 0.000000 99.760383 0.000000
6.052876 0.000154 22.498896 0.000562 46.921626 0.153695 24.372183
0.136632 0.000464 96.664905 1.391762 1.447568 0.345270 0.013396
0.000000 0.000000 0.012761 0.000003 0.000000 99.987239 0.000000
0.000003 0.000000 0.107446 99.892491 0.000006 0.000001 0.000057
0.000000 0.000000 97.808272 0.000000 0.000176 2.191558 0.000000
0.000098 0.000000 0.408614 0.000007 0.000143 99.591136 0.000000
30.592807 0.001082 4.095639 9.902317 55.343911 0.000007 0.064242
0.000002 0.000000 0.089209 0.000006 0.000000 99.910784 0.000000
0.000420 0.000000 21.285532 0.000021 0.001122 78.712624 0.000282
0.000007 0.000000 0.000015 0.000002 0.000000 99.999976 0.000000
0.000125 0.000000 0.199553 0.012153 0.000000 99.788171 0.000002
0.016452 0.000000 0.102845 0.000260 0.001116 99.645078 0.234252
0.006227 0.000000 0.267950 0.000073 0.007162 99.718249 0.000342
0.013850 0.000000 80.987030 0.000000 18.999112 0.000000 0.000004
38.925749 8.296263 28.620011 0.007603 23.481035 0.249893 0.419444
0.000070 0.000000 4.737655 0.001621 0.000121 95.260495 0.000036
0.000000 0.000000 0.000149 0.000218 0.000000 99.991649 0.007981
0.000186 0.000003 0.253129 0.000078 0.000253 99.746347 0.000000
0.008454 0.000001 59.936792 0.622153 11.027516 23.450589 4.954501
0.000002 0.000000 0.000044 0.000000 0.000000 99.999952 0.000000
0.000002 0.000000 0.142023 0.000002 0.000000 99.857974 0.000000
0.004419 0.000000 3.914253 0.021056 0.000001 96.060270 0.000000
0.068648 0.000061 1.903797 0.001981 0.000540 98.005140 0.019825
0.000135 0.000000 1.141134 0.090719 0.719921 9.737778 88.310313
77.470182 0.008100 0.028765 0.185850 3.127136 0.050102 19.129868
0.049381 0.000001 0.182409 0.000479 0.000234 99.767494 0.000002
0.000000 0.000000 0.017412 0.000000 0.000013 99.982578 0.000000
0.149693 0.000000 0.013286 0.000068 0.000000 99.836951 0.000000
0.000000 0.000000 0.000110 68.682806 0.000001 30.911948 0.405133
0.001484 0.000000 0.684455 0.233202 0.000000 99.080855 0.000000
0.627741 0.000035 38.106441 6.242868 0.087133 54.935384 0.000403
0.000000 0.000000 0.001672 0.000000 0.000000 99.998331 0.000000
0.000015 0.000000 0.677175 0.000005 0.000000 99.322802 0.000000
0.000583 0.000000 1.042639 1.504729 0.000208 97.428244 0.023600
0.000163 0.000000 4.331253 0.000069 0.001097 95.667422 0.000001
22.632852 0.193704 32.039096 0.609026 0.106547 44.386571 0.032207
0.000000 0.000000 0.000160 0.000000 0.000000 99.999845 0.000000
0.000005 0.000000 46.197104 0.000001 0.000000 53.802890 0.000001
0.000373 0.000001 0.377390 0.000607 0.000002 99.621630 0.000000
0.000000 0.000000 0.352893 0.000012 0.000000 99.647093 0.000000
1.279693 0.001240 21.893269 0.903769 0.782769 75.072128 0.067136
20.193912 0.178838 12.944147 0.322142 57.593906 0.000072 8.766984
0.000258 0.000000 0.000050 0.000000 0.000000 99.997234 0.002455
0.000013 0.000000 0.027857 0.000000 0.000000 99.972129 0.000000
0.000607 0.000000 1.571872 0.000726 0.000005 98.426789 0.000000
0.000000 0.000000 0.015959 0.000000 0.000000 99.984038 0.000000
0.000003 0.000000 0.191548 0.000007 0.000000 99.808443 0.000002
0.000001 0.000000 0.605246 0.000113 0.000000 99.394637 0.000000
0.000002 0.000000 0.000000 0.000000 0.000057 0.000000 99.999940
0.008549 0.000000 2.427696 0.047578 0.256443 40.555131 56.704605
0.000007 0.000000 0.034361 0.000000 0.000001 99.965608 0.000029
0.219077 0.000107 11.875610 0.014455 0.107647 87.779045 0.004064
0.014192 0.000000 0.239354 0.002865 1.322826 98.363185 0.057576
0.598202 0.005900 1.809775 3.789088 0.204050 71.380858 22.212133
0.136466 0.000051 1.702692 63.344151 0.003741 34.375948 0.436952
0.000157 0.000002 0.262831 0.004669 0.000002 99.732333 0.000000
9.906638 0.048416 13.594808 0.020865 72.528774 0.006691 3.893815
0.000005 0.000003 0.412478 0.000130 0.000000 99.587387 0.000000
94.060110 2.664609 0.438810 0.000949 0.057266 2.777761 0.000495
0.497159 0.000204 1.303224 0.002631 0.042468 98.153681 0.000634
0.018667 0.000038 30.318703 0.088555 0.000084 69.573955 0.000000
7.379112 0.000030 2.139998 0.030496 46.069637 0.021412 44.359317
0.598202 0.005900 1.809775 3.789088 0.204050 71.380858 22.212133
0.000000 0.000000 0.101388 0.000833 0.000000 99.897778 0.000005
0.005125 0.000080 9.928044 1.068064 0.001278 88.997149 0.000260
0.003357 0.000000 0.286250 0.069239 0.000000 99.641144 0.000014
0.000014 0.000000 0.073032 0.000874 0.000003 99.925989 0.000087
0.001262 0.000000 0.007680 0.000002 0.000009 99.991047 0.000000
0.000005 0.000000 2.175838 0.000000 97.824156 0.000000 0.000000
0.000000 0.000000 0.003565 0.000001 0.000001 99.996436 0.000003
0.000000 0.000000 0.001585 0.000003 0.000000 99.998415 0.000000
0.000071 0.000000 0.009942 0.344555 0.000212 99.645215 0.000006
0.000031 0.000000 0.027663 0.000091 0.000002 99.972206 0.000000
0.005487 0.000000 45.298591 0.133753 51.560831 0.152288 2.849052
0.003429 0.000000 4.166183 3.343159 0.003621 92.299622 0.183987
0.234029 0.000000 0.122531 0.000054 0.000143 99.641079 0.002161
0.000034 0.000000 1.473813 0.606577 0.000000 97.919571 0.000009
0.000000 0.000000 1.979272 0.000000 0.000420 98.016655 0.003655
0.000000 0.000000 0.001718 0.000000 0.000000 99.998283 0.000000
0.000132 0.000000 4.010757 0.980191 0.000025 95.008898 0.000003
50.321001 0.000001 1.275061 16.124479 0.025765 27.569109 4.684575
0.017792 0.000061 6.119857 0.000421 0.039561 93.821567 0.000738
0.000000 0.000000 0.009616 0.000004 0.000000 99.990380 0.000000
0.000016 0.000000 1.028229 0.000167 0.000002 98.971587 0.000000
0.000000 0.000000 0.000000 0.000000 0.000000 100.000000 0.000000
0.000021 0.000000 0.000129 0.000000 0.000001 99.999273 0.000576
0.000000 0.000000 0.008530 0.000000 0.000000 99.991471 0.000000
0.014606 0.000000 4.272437 0.069944 0.003741 94.635164 1.004107
0.246642 0.000000 76.095575 0.009212 0.061674 21.247959 2.338938
0.018074 0.000000 63.433653 0.005968 0.003817 36.538357 0.000142
0.000552 0.000000 0.045526 0.000000 0.000073 99.953854 0.000000
0.000006 0.000000 0.716696 0.000161 0.000000 99.283135 0.000000
0.000671 0.000000 0.784229 0.000001 0.000123 99.214923 0.000049
0.000063 0.000000 0.568420 1.825890 0.000122 97.604716 0.000788
0.343725 0.000444 2.370766 84.690058 0.282524 7.535508 4.776975
0.979291 0.135285 8.421842 87.987709 0.041663 2.093898 0.340310
0.016527 0.000000 0.020125 0.000048 0.147692 0.054475 99.761134
0.000169 0.000000 0.085053 2.847444 0.000003 97.067302 0.000031
0.265046 0.002356 65.351133 15.212239 0.227955 18.941095 0.000168
0.001665 0.000001 67.195958 2.001233 0.000000 30.801144 0.000000
0.000059 0.000000 0.375279 0.005289 0.000004 99.619365 0.000010
0.000001 0.000000 3.850576 0.000303 0.000001 96.149123 0.000000
0.000027 0.000000 0.841452 0.000029 0.000000 99.158490 0.000000
0.392060 0.000049 7.936281 0.000405 1.266944 90.401149 0.003116
0.244836 0.000094 20.512168 0.490665 21.735233 0.139562 56.877440
0.153908 0.000014 68.635914 0.002578 30.486672 0.072177 0.648726
0.000014 0.000000 0.000694 0.000000 0.000005 99.999285 0.000000
0.002621 0.000004 77.467752 0.628119 0.042070 21.852158 0.007280
0.000000 0.000000 0.001108 0.000000 0.000000 99.998891 0.000000
0.000000 0.000000 0.027447 0.000199 0.000000 99.972355 0.000000
0.187611 0.000007 99.724931 0.012765 0.000041 0.074642 0.000000
0.000061 0.000000 0.160783 0.001853 0.000058 99.810058 0.027186
0.006385 0.000000 8.690680 0.013575 0.000115 91.289245 0.000002
0.001094 0.000000 0.008864 0.000016 0.000000 99.990028 0.000000
0.000313 0.000000 0.008590 0.000332 0.000080 99.990487 0.000199
2.667513 0.000004 89.044422 0.011325 6.233526 1.589529 0.453686
0.004539 0.000000 5.721316 0.000139 0.213731 94.058847 0.001429
99.997878 0.000000 0.000136 0.000164 0.000967 0.000000 0.000856
0.066969 0.000019 1.557810 0.003955 0.004787 98.366272 0.000187
0.000144 0.000000 0.276292 0.000009 0.000000 99.722481 0.001071
0.000000 0.000000 0.000000 99.998516 0.000000 0.000002 0.001483
0.000000 0.000000 0.000117 0.000000 0.000000 99.999881 0.000000
0.002151 0.000000 0.846435 0.001723 0.024521 99.117178 0.007988
25.128092 0.000000 0.284045 0.000284 52.459243 0.001252 22.127086
0.000000 0.000000 0.000341 0.000000 0.000000 99.999535 0.000127
0.000031 0.000000 0.000000 91.869425 0.000000 8.130533 0.000009
0.000199 0.000000 2.903065 0.000001 0.021185 97.075426 0.000123
0.001377 0.000000 20.661907 0.097907 0.000006 79.238802 0.000000
0.002570 0.000000 8.099385 0.030964 58.530194 24.973030 8.363859
0.895553 0.000206 71.057109 0.257214 0.014274 27.608575 0.167072
0.000613 0.000000 51.405960 0.005560 0.000000 48.587868 0.000000
0.002952 0.000000 0.018279 0.000000 0.000070 99.978703 0.000000
0.000001 0.000000 1.450224 0.000003 0.000000 98.549771 0.000000
0.000000 0.000000 0.029030 0.000000 0.000000 99.970967 0.000000
0.000019 0.000000 0.457261 0.004301 0.000000 99.538422 0.000000
6.084606 0.365635 18.474462 0.142156 0.016133 74.906038 0.010970
0.667540 0.000277 21.677447 2.840619 0.007778 74.803630 0.002706
2.068088 0.003183 86.184023 0.003279 11.550889 0.005449 0.185093
0.001297 0.000005 5.944990 0.013793 92.005784 0.000048 2.034084
0.737834 0.000000 1.781025 0.000149 5.221752 2.064379 90.194862
0.000009 0.000000 0.008373 0.003867 99.957728 0.000007 0.030014
0.000116 0.000000 13.223207 0.012551 0.000000 86.764127 0.000000
2.189269 0.093259 10.834341 0.554323 9.630214 0.004884 76.693714
94.592672 0.000004 0.273206 0.004231 0.001514 5.121513 0.006861
0.000108 0.000000 0.260328 0.000203 0.000000 99.739361 0.000002
1.577708 0.002313 13.714200 4.948196 55.617181 2.348801 21.791601
0.000000 0.000000 0.891221 0.000274 0.000000 99.108505 0.000000
0.000052 0.000000 4.294866 0.001294 0.000000 95.703787 0.000000
0.206504 0.000000 0.032711 0.001230 0.212025 0.000020 99.547511
0.035313 21.456889 10.547900 0.099699 0.616746 64.965679 2.277774
0.000144 0.000000 0.000706 0.000000 0.001000 99.998152 0.000000
