90.304340 0.000176 0.869318 0.000000 8.680954 0.000001 0.145203
6.712246 1.588700 19.661948 0.000228 71.794963 0.000025 0.241896
0.035461 0.022258 91.010630 5.686136 2.627817 0.615906 0.001786
86.210721 2.170274 11.533723 0.000021 0.085022 0.000128 0.000115
0.077119 0.000004 87.345749 0.085436 4.745456 7.736572 0.009667
0.764698 0.000000 0.346723 0.002003 24.785163 0.000002 74.101409
47.793680 0.071887 0.509518 0.092824 45.239219 0.000224 6.292650
99.338430 0.000000 0.059984 0.000000 0.000026 0.045508 0.556052
0.527435 0.001375 84.674545 0.011246 14.727786 0.007195 0.050414
99.981672 0.001466 0.016736 0.000000 0.000109 0.000019 0.000000
18.299991 0.000000 0.004776 0.152656 1.605985 0.016814 79.919773
22.790211 0.005524 10.351892 0.036121 32.507422 0.386038 33.922794
0.282297 0.000017 0.171372 0.000591 99.544418 0.000001 0.001308
91.300362 0.000029 0.046764 0.000068 8.621857 0.000003 0.030908
10.678764 0.071945 22.212103 63.034064 0.136993 3.835182 0.030951
8.855593 0.014685 0.220636 90.424484 0.429913 0.000055 0.054637
98.654294 0.000000 0.016496 0.000000 1.329198 0.000000 0.000014
14.806245 0.000002 0.813056 0.003278 37.812948 0.000050 46.564421
57.535789 21.295424 5.385145 0.245786 3.580633 7.781166 4.176065
96.898604 0.000000 2.386336 0.000162 0.671257 0.008076 0.035565
0.000035 0.000035 35.715860 0.341812 63.633800 0.000000 0.308464
3.203693 0.000154 0.072333 1.402809 0.363471 0.012793 94.944751
99.966693 0.000000 0.001967 0.000755 0.030563 0.000000 0.000013
0.083828 0.000088 0.017193 0.145888 0.128325 0.000155 99.624521
1.023013 0.000000 3.237530 0.000049 95.400089 0.000000 0.339319
0.506498 0.000000 0.101226 98.067802 1.322894 0.001429 0.000148
62.814623 0.000053 0.719453 0.000000 23.676918 0.000000 12.788956
1.372680 0.033470 13.031571 0.391041 19.760856 0.002779 65.407598
0.391792 0.000005 31.380494 0.000009 65.679763 0.000006 2.547929
0.001443 0.000009 91.104149 0.000002 8.890853 0.000001 0.003547
99.974889 0.000000 0.000124 0.024227 0.000760 0.000000 0.000006
48.288479 0.152662 46.908861 0.098332 4.535852 0.006099 0.009716
0.001959 0.000001 0.013300 75.669640 24.312253 0.000003 0.002841
0.126500 0.000014 33.918261 0.249508 65.694616 0.000018 0.011087
0.002834 0.000000 0.017527 0.000111 99.619317 0.000000 0.360209
95.996445 0.000002 4.001701 0.000597 0.001258 0.000004 0.000000
14.625736 0.104034 6.265307 3.111448 21.209119 0.170894 54.513464
0.915278 0.000008 99.075502 0.006438 0.000446 0.002330 0.000000
97.507012 0.000371 2.402239 0.000050 0.089571 0.000591 0.000170
99.999976 0.000000 0.000026 0.000000 0.000002 0.000000 0.000000
6.278585 35.673183 41.700879 0.117107 15.438949 0.420499 0.370792
99.983764 0.000000 0.014919 0.000057 0.000000 0.001259 0.000000
89.446044 0.000000 0.003912 0.002856 1.578576 0.001571 8.967041
2.289792 0.000000 97.697746 0.010698 0.000131 0.001634 0.000000
0.034328 0.000986 2.302941 0.172154 97.004384 0.000050 0.485158
0.052512 0.000003 0.288721 6.189045 14.040326 0.095029 79.334360
32.600987 0.008458 6.983637 11.829431 7.186320 4.916292 36.474881
51.188040 0.000000 48.809487 0.000459 0.000000 0.002010 0.000000
0.045923 0.000000 0.000000 22.974087 0.058161 0.000000 76.921827
14.161459 0.000328 10.947543 0.019148 16.136010 4.855349 53.880167
0.142044 0.000001 96.781480 0.048977 0.387974 0.001524 2.638003
97.787345 0.000295 1.769027 0.000824 0.441778 0.000040 0.000692
10.399746 0.000000 0.010858 86.684167 2.904133 0.000002 0.001092
27.336636 0.000000 2.890283 0.000003 32.416572 0.000019 37.356482
70.663080 0.000000 1.961884 0.000000 27.366984 0.000000 0.008041
48.384658 0.010108 0.021142 0.000051 51.579815 0.000000 0.004225
94.745624 0.879397 2.253278 0.000001 2.120780 0.000001 0.000923
0.002840 0.000000 0.000152 1.138954 1.083784 0.000001 97.774267
3.612185 1.058624 21.801285 7.873503 2.167307 0.385044 63.102055
99.996507 0.000000 0.000146 0.000002 0.003213 0.000002 0.000135
97.788799 0.000025 0.036474 0.001892 0.437086 0.025786 1.709945
0.000009 0.000000 0.071088 99.928904 0.000000 0.000000 0.000000
25.364038 0.834823 15.759534 0.536940 54.836357 0.071701 2.596609
1.793796 0.000000 98.206043 0.000001 0.000161 0.000000 0.000000
36.366743 0.018399 1.046605 0.146557 11.863572 0.293264 50.264865
11.312505 9.687064 1.066559 0.003959 76.777713 0.001580 1.150621
32.949546 0.017553 7.899510 0.020115 50.125122 0.008374 8.979785
20.760690 2.631641 0.084264 0.004770 51.223224 0.006085 25.289330
31.979951 0.630065 11.981571 0.185328 41.658562 0.090304 13.474220
99.994874 0.000000 0.002086 0.000000 0.003043 0.000000 0.000000
0.839443 0.006601 53.095612 12.272374 0.019104 33.766510 0.000357
26.743916 0.000326 6.779911 0.002122 56.129319 0.000027 10.344384
21.501905 0.176110 29.364353 0.000710 43.855265 0.025070 5.076591
99.508172 0.000000 0.000671 0.000037 0.481336 0.000000 0.009781
0.001107 0.000000 0.079318 0.003603 0.020393 0.000140 99.895442
0.214469 0.000007 6.580149 0.103359 6.984533 0.007330 86.110151
99.977833 0.016881 0.000002 0.000000 0.005283 0.000000 0.000003
95.478219 0.004277 3.604883 0.204497 0.219498 0.000096 0.488528
4.466022 0.000000 95.525682 0.000001 0.008287 0.000004 0.000006
27.809849 0.007979 62.535638 0.000690 8.398975 1.112501 0.134366
22.986645 0.000003 0.669914 0.000001 72.636551 0.000000 3.706886
99.966693 0.000000 0.000439 0.028605 0.000002 0.004265 0.000001
2.048652 0.000003 85.424680 0.001472 12.523845 0.000001 0.001346
1.013329 0.000280 0.434706 1.537949 1.572667 0.234603 95.206463
31.192115 0.249266 16.386387 0.014293 16.520542 15.935829 19.701566
0.294279 0.000001 1.418034 0.004260 4.241453 0.001010 94.040960
5.151503 0.000231 0.968173 0.099419 11.144215 0.006923 82.629534
14.386004 0.000079 0.277253 0.804181 34.458959 0.000573 50.072956
0.016798 0.000001 0.005966 0.128909 0.580133 0.000171 99.268019
99.972194 0.000000 0.008612 0.000000 0.000008 0.000000 0.019189
98.365956 0.014714 1.579098 0.001674 0.037572 0.000001 0.000978
99.999505 0.000000 0.000497 0.000001 0.000000 0.000000 0.000000
69.234020 0.307481 19.458906 0.029247 10.792200 0.021218 0.156926
77.572614 22.065739 0.344245 0.000006 0.012328 0.004986 0.000077
46.499094 0.007018 6.398494 0.000795 46.791852 0.124781 0.177967
94.795692 0.000003 4.625320 0.056117 0.000009 0.522863 0.000000
3.014855 0.046014 6.582400 3.968778 17.212545 0.335879 68.839530
2.769460 0.000001 13.970202 29.689610 5.816364 16.303760 31.450602
6.688250 0.004907 17.827274 0.024908 73.990202 0.000885 1.463579
0.011237 0.000000 0.418884 0.000092 0.000072 95.983911 3.585798
39.623402 1.188371 29.326964 1.223241 6.725372 0.856093 21.056559
90.078847 0.100438 2.715118 0.419762 3.922684 2.002870 0.760281
95.911032 0.000001 0.026653 0.003417 3.367677 0.000221 0.691003
97.059625 0.000000 0.019708 0.000003 1.580361 0.000000 1.340308
3.683369 0.000006 0.026574 0.000075 1.559446 0.006274 94.724262
97.136211 0.003962 0.035232 0.104906 0.105120 0.051601 2.562968
29.408857 0.017496 15.862447 0.215871 3.246446 40.093827 11.155055
99.783748 0.000012 0.023324 0.000000 0.192846 0.000002 0.000073
93.433255 0.025238 5.556818 0.018229 0.916046 0.005738 0.044680
98.178745 0.000000 0.004444 0.000000 1.673899 0.000004 0.142898
82.681298 0.000003 0.327358 0.000017 0.075819 0.110239 16.805266
0.338843 0.000032 0.218555 0.246755 4.201787 0.101728 94.892299
0.123323 0.002652 0.980618 0.004393 0.000424 98.876965 0.011623
99.966049 0.000000 0.032576 0.000001 0.001376 0.000000 0.000000
98.135507 0.000000 0.003406 1.833772 0.027203 0.000000 0.000111
79.843210 0.000197 0.151803 0.052226 19.942656 0.000054 0.009856
99.000251 0.000053 0.998136 0.000000 0.001560 0.000000 0.000000
31.986158 0.000205 63.731698 0.306163 3.171475 0.803811 0.000489
99.995410 0.000000 0.004590 0.000000 0.000000 0.000000 0.000000
37.384363 0.096859 47.928917 0.000414 14.553354 0.000031 0.036071
99.988216 0.000014 0.008435 0.000000 0.003325 0.000000 0.000010
49.906969 0.028497 0.216546 7.226191 3.805575 0.001286 38.814930
99.690831 0.000000 0.307359 0.000000 0.001812 0.000000 0.000000
44.132698 0.186767 39.386314 3.576515 8.243192 3.874225 0.600293
95.327860 0.000242 0.182603 0.321569 3.287814 0.000841 0.879066
3.430921 0.000001 0.107544 0.000005 26.294434 0.000007 70.167089
14.918868 0.000000 0.200628 0.012525 84.611857 0.000002 0.256126
96.653080 0.002386 0.240629 0.500372 1.278579 0.026219 1.298735
10.231453 0.005085 2.087437 0.000041 0.160548 87.387533 0.127905
99.813128 0.000000 0.159485 0.027364 0.000022 0.000000 0.000000
0.122866 0.000004 6.601593 0.288605 6.945720 0.027411 86.013804
0.000001 0.000000 99.994934 0.000274 0.001153 0.000006 0.003634
2.702655 0.000280 2.004313 0.000207 94.909387 0.172826 0.210335
2.911019 0.407332 91.408390 3.136477 0.812409 1.324323 0.000054
0.006688 0.000001 46.857888 0.018651 53.062165 0.000001 0.054608
99.991953 0.000000 0.002914 0.003903 0.000850 0.000026 0.000350
5.054691 0.000855 5.035454 0.025127 82.596344 0.848555 6.438971
5.381521 0.000238 1.654997 0.001544 9.808768 0.000012 83.152920
0.150866 0.000001 99.407297 0.079567 0.035942 0.004538 0.321795
0.075266 0.000000 0.203100 0.000749 0.722548 0.001076 98.997259
68.943236 0.000547 29.967018 1.077347 0.011811 0.000019 0.000024
97.473747 0.000001 2.523269 0.002396 0.000585 0.000006 0.000002
86.991727 0.002168 5.379215 0.000091 7.263566 0.003478 0.359760
37.758228 0.170517 4.067906 0.505893 10.846823 1.913377 44.737259
97.589147 0.000005 0.598295 0.000798 1.531305 0.004503 0.275945
86.916275 0.221358 1.501544 1.355520 3.312862 0.024338 6.668099
1.434786 0.089978 4.188354 0.019743 94.112843 0.004133 0.150166
99.788010 0.000003 0.206675 0.000000 0.005090 0.000000 0.000230
2.337918 95.685184 1.850169 0.000001 0.118049 0.004076 0.004605
99.960589 0.000001 0.038736 0.000001 0.000628 0.000036 0.000014
99.782819 0.000000 0.217163 0.000006 0.000014 0.000000 0.000000
99.651563 0.005886 0.318751 0.000034 0.019636 0.003881 0.000254
90.078847 0.100438 2.715118 0.419762 3.922684 2.002870 0.760281
99.820131 0.000000 0.173450 0.000014 0.006410 0.000000 0.000000
44.501051 0.087537 49.864471 0.002881 3.675748 0.540926 1.327392
99.981934 0.000016 0.017442 0.000049 0.000486 0.000054 0.000021
0.001045 0.000001 99.910700 0.009856 0.048533 0.028577 0.001286
0.919819 0.000000 1.367679 0.000172 83.361955 0.000034 14.350337
99.999988 0.000000 0.000011 0.000000 0.000000 0.000000 0.000000
0.159196 0.000000 0.068859 57.975411 41.795921 0.000608 0.000004
56.677280 31.758707 5.661079 0.031646 2.745294 1.777448 1.348550
63.750086 0.000109 1.038644 1.234538 10.818221 0.072591 23.085818
98.528570 0.345373 0.758917 0.000054 0.307265 0.000724 0.059096
0.696107 0.000002 0.085798 95.393264 0.166549 0.004161 3.654128
99.999988 0.000000 0.000010 0.000000 0.000000 0.000000 0.000000
75.808299 0.343836 10.463563 0.078517 8.382535 3.307172 1.616081
99.246347 0.001082 0.099147 0.284420 0.269045 0.000152 0.099801
0.026538 0.000000 0.002799 0.047782 0.455612 0.000000 99.467272
2.069974 0.001157 7.613337 0.120843 0.329896 89.742594 0.122195
86.351979 0.000295 13.647263 0.000132 0.000105 0.000014 0.000214
21.847665 0.000055 34.822008 0.130269 42.153955 0.012280 1.033768
44.931439 0.121391 2.570700 5.044753 1.809143 42.325339 3.197234
14.565188 0.001318 37.388873 0.034122 0.237352 32.707560 15.065584
0.101165 0.000000 0.000000 12.678349 0.066885 0.000000 87.153602
83.598894 0.043515 0.732548 0.000413 15.253854 0.000319 0.370459
75.291608 0.000000 24.694043 0.010731 0.000050 0.003570 0.000000
91.894077 0.000002 1.125260 0.022899 6.952901 0.001067 0.003795
1.383560 0.000018 3.266425 0.615404 82.397305 0.001176 12.336114
81.553375 0.001864 0.064940 2.149196 3.151340 2.977826 10.101462
26.652001 0.000004 1.346491 0.350713 3.575414 2.674327 65.401051
12.890112 0.099320 14.418754 0.071539 61.701649 0.000046 10.818581
51.420498 0.024853 1.029619 2.686964 4.649967 0.281775 39.906326
99.756628 0.000498 0.241902 0.000000 0.000809 0.000163 0.000000
0.001141 0.000000 0.166889 0.000635 3.253843 0.016844 96.560651
5.542657 90.046608 4.346488 0.001410 0.061074 0.001760 0.000000
39.986625 0.000000 0.016153 0.581503 0.474692 0.001211 58.939815
18.322128 0.028241 4.508938 0.018746 73.498809 0.026589 3.596549
72.410987 0.000369 2.011271 22.599681 0.098217 0.000336 2.879141
45.540008 0.003352 0.994579 0.627506 20.804603 2.889162 29.140794
50.316161 12.762298 8.818557 18.380736 0.040984 4.201644 5.479623
99.998409 0.000579 0.000509 0.000018 0.000006 0.000461 0.000027
8.882616 0.276961 4.316914 0.010206 84.078074 0.002854 2.432376
99.992502 0.000022 0.005454 0.000781 0.000451 0.000519 0.000272
35.937655 0.000297 0.024590 37.727875 1.457936 0.152813 24.698836
97.498250 0.002940 0.156691 0.009333 1.843544 0.000000 0.489251
31.899661 0.001000 3.391308 0.246463 16.492623 0.121904 47.847044
7.678715 0.000218 4.568944 0.208530 25.756076 0.116937 61.670578
99.999946 0.000000 0.000056 0.000000 0.000000 0.000000 0.000000
0.762704 0.000002 0.142271 0.010898 21.416897 0.003697 77.663529
99.999642 0.000000 0.000337 0.000000 0.000026 0.000000 0.000000
70.486194 0.000000 1.384362 0.000029 10.329822 0.000000 17.799594
0.150866 0.000001 99.407297 0.079567 0.035942 0.004538 0.321795
99.998510 0.000000 0.000002 0.000000 0.000000 0.000000 0.001491
99.995053 0.000000 0.001758 0.000330 0.002705 0.000000 0.000154
44.319678 0.119827 52.356881 0.467918 1.518861 0.920684 0.296149
5.036009 0.000000 0.006127 0.000011 23.987888 0.000000 70.969963
99.974674 0.000000 0.023759 0.001431 0.000138 0.000000 0.000000
27.480489 0.000093 1.649911 0.003328 3.274070 0.012184 67.579923
26.156411 0.000000 0.415932 0.057655 41.880947 0.000389 31.488663
97.232461 0.152149 2.590918 0.000275 0.024195 0.000000 0.000000
0.084737 0.000004 0.047757 0.065409 99.656963 0.000527 0.144608
84.413832 2.567158 4.167402 2.989505 0.013307 5.848211 0.000583
6.128655 0.000000 0.004266 0.000029 0.426409 0.000000 93.440640
87.710220 0.000000 0.087875 0.000008 11.758441 0.000001 0.443460
14.834455 0.000000 84.309226 0.142901 0.713416 0.000000 0.000000
0.133723 0.000014 0.044182 99.779493 0.001141 0.000066 0.041383
99.998480 0.000000 0.000297 0.000000 0.001224 0.000000 0.000001
2.675088 0.000910 0.913195 0.001132 79.452034 0.000016 16.957616
1.031401 0.000631 98.357612 0.371001 0.209121 0.030091 0.000145
5.618021 94.374312 0.006655 0.000000 0.000969 0.000014 0.000019
59.335297 0.000000 5.735845 12.601440 0.003431 22.323984 0.000002
34.579004 0.000002 3.274180 0.752341 61.334057 0.002011 0.058409
5.605822 0.083784 2.747265 0.001513 87.313038 0.008654 4.239922
99.942446 0.000000 0.037511 0.005052 0.000203 0.003997 0.010788
0.090109 0.000000 11.971693 0.000020 2.139306 0.001926 85.796952
99.434572 0.000483 0.546285 0.000470 0.000164 0.018033 0.000000
1.168718 0.011210 75.198971 0.038165 7.236254 0.000836 16.345848
2.390923 0.000000 0.000008 0.000083 0.133483 0.000000 97.475499
90.936625 0.000892 8.482565 0.546898 0.028122 0.001464 0.003431
12.612413 0.000321 87.256140 0.000723 0.128221 0.000023 0.002162
0.210762 0.000751 31.332466 68.356752 0.093426 0.000006 0.005834
99.757385 0.000000 0.054324 0.000234 0.127179 0.001997 0.058881
99.999261 0.000000 0.000054 0.000000 0.000682 0.000000 0.000002
2.420539 0.001094 34.445485 0.000003 61.183530 0.000009 1.949339
30.170080 36.137491 9.415951 0.037274 2.549769 0.010477 21.678957
80.601162 0.000000 0.668084 0.000119 14.676921 0.000000 4.053712
28.543087 0.000000 9.467765 49.726814 12.206158 0.000142 0.056023
6.867921 88.612823 4.356174 0.000217 0.082907 0.079456 0.000507
0.000133 0.000000 0.000000 99.999869 0.000000 0.000000 0.000000
68.029497 0.000002 0.063683 0.000004 31.892918 0.000000 0.013895
0.074561 0.000051 2.247770 0.008658 2.772869 0.000337 94.895756
0.000318 0.000000 3.657127 0.003697 0.000000 96.338862 0.000000
7.010630 0.000001 6.979608 0.000153 1.201946 0.000003 84.807658
10.543438 0.039709 46.831009 0.002323 34.122592 0.014788 8.446140
16.105385 83.698585 0.193239 0.000000 0.002752 0.000027 0.000008
99.821174 0.000000 0.176281 0.000007 0.002541 0.000000 0.000001
0.809796 0.000000 0.000018 99.190122 0.000024 0.000000 0.000041
0.013325 0.000000 0.115035 0.005441 38.481832 0.000044 61.384326
6.357891 0.107659 91.018509 1.005366 0.197949 1.308309 0.004322
82.209539 6.118127 11.237858 0.000604 0.066268 0.266852 0.100756
10.467233 0.015377 34.706890 0.002425 50.179032 0.007992 4.621052
99.047828 0.022846 0.581794 0.000002 0.000019 0.347515 0.000000
79.297835 0.003074 11.309884 0.403173 0.086725 8.892061 0.007253
1.205369 0.000000 0.071578 0.000556 5.133954 0.001906 93.586636
0.036454 0.000000 0.056919 92.736202 0.000331 6.735394 0.434710
70.723993 0.062593 20.851043 4.282332 0.764224 0.014977 3.300844
0.000475 0.000000 0.028657 1.660740 0.032156 0.000170 98.277801
0.000000 0.000000 0.000089 99.966216 0.000000 0.033250 0.000438
0.029624 0.000006 99.781322 0.000046 0.169778 0.019225 0.000004
90.497446 0.000001 0.036429 9.457404 0.000029 0.007297 0.001393
0.311770 0.000000 54.336154 0.000001 41.272232 0.000008 4.079837
23.412080 5.106526 6.213112 34.160687 20.878621 7.964712 2.264254
12.716480 0.000004 58.496100 0.000038 28.783110 0.000000 0.004273
0.008887 0.000000 50.604925 0.000003 48.639414 0.000000 0.746769
2.381709 0.000101 2.242531 0.019342 94.529581 0.000226 0.826507
65.041852 2.559381 4.195909 0.026185 23.114243 0.036465 5.025963
0.000728 0.000000 10.247070 0.000011 89.746833 0.000000 0.005361
36.326733 0.000000 0.005749 2.729328 0.319723 0.052254 60.566217
16.007083 0.000373 1.667433 0.085367 30.056397 0.335077 51.848275
11.505352 0.000254 0.153522 0.028236 88.146777 0.000004 0.165849
99.998176 0.000000 0.000430 0.001253 0.000135 0.000000 0.000009
78.904711 0.050064 3.810865 0.040214 17.122720 0.027855 0.043574
21.624650 0.006192 6.668746 0.016144 71.684217 0.000001 0.000047
8.734114 0.000180 16.303908 0.000055 65.729807 0.000409 9.231520
0.000085 0.000000 0.000466 0.000095 2.071902 0.000000 97.927457
81.515050 0.011093 2.922456 0.250281 14.119022 0.021476 1.160621
17.332615 0.000004 0.001344 81.853157 0.020445 0.427519 0.364916
53.146225 0.273734 8.641626 6.320950 13.025337 0.111248 18.480878
92.239617 0.484608 3.952597 0.005713 0.187068 3.123668 0.006730
1.838543 0.000000 0.000107 98.159987 0.001359 0.000000 0.000005
20.205739 0.033784 79.268490 0.076562 0.405563 0.000222 0.009641
5.661716 0.019346 0.860460 68.645144 0.198688 22.808130 1.806523
0.027599 0.000000 0.117184 46.565378 0.053923 0.043350 53.192568
92.280221 0.000327 0.285667 2.475843 1.974775 0.001926 2.981244
0.196017 0.000008 96.936071 0.224839 2.600872 0.000065 0.042117
99.995446 0.000000 0.004101 0.000024 0.000010 0.000000 0.000418
96.532374 0.002346 2.995248 0.000078 0.446310 0.008692 0.014954
0.145896 0.000008 99.129540 0.066001 0.630771 0.001137 0.026645
100.000000 0.000000 0.000000 0.000000 0.000000 0.000000 0.000000
1.488308 0.008857 0.236918 74.773616 9.172258 0.028121 14.291920
0.000130 0.000000 99.797344 0.001187 0.000000 0.201336 0.000000
0.000675 0.000002 52.362967 0.000003 47.634122 0.000000 0.002228
0.000008 0.000000 0.204667 0.000008 98.677176 0.000000 1.118144
0.000004 0.000000 0.000036 0.009655 0.308428 0.000001 99.681878
91.346097 0.001082 0.052059 8.591888 0.000155 0.001688 0.007033
0.000000 0.000000 0.000000 29.208589 0.000000 0.000002 70.791411
37.329137 62.453502 0.028495 0.001605 0.094722 0.000310 0.092226
0.681181 0.025544 39.550995 0.028573 58.975000 0.000372 0.738343
92.842079 0.987175 0.902383 0.000019 4.674498 0.003775 0.590071
100.000000 0.000000 0.000000 0.000000 0.000000 0.000000 0.000000
10.238683 0.000001 1.665981 4.810039 3.308281 0.004991 79.972023
99.830049 0.055278 0.111912 0.000000 0.002726 0.000037 0.000001
99.805141 0.000000 0.179848 0.003448 0.011552 0.000000 0.000000
72.802895 0.041580 4.924976 0.001090 21.687524 0.000072 0.541859
90.499311 0.000308 7.413932 0.000004 2.085205 0.000000 0.001239
54.064595 0.000031 0.312713 0.000028 44.680659 0.000475 0.941488
99.933100 0.000001 0.062866 0.000001 0.004035 0.000000 0.000000
0.003002 0.000000 3.809736 0.000006 17.746906 0.000001 78.440356
97.247499 0.000001 0.001795 0.401575 0.045314 0.000008 2.303812
97.215647 0.000061 2.576024 0.000046 0.205802 0.000000 0.002423
0.000346 0.000000 0.073972 0.000000 0.374345 0.000000 99.551338
2.529086 0.000188 1.069070 0.000606 52.754008 0.000292 43.646745
0.111415 0.000001 0.000125 0.024180 4.737609 0.000000 95.126665
0.277190 0.000000 5.179847 0.006260 32.303244 0.008806 62.224656
0.067121 0.000000 8.256837 0.000010 25.584707 0.000401 66.090924
0.379557 0.003269 3.491959 0.595899 4.415809 0.001794 91.111714
99.463862 0.000000 0.357882 0.000000 0.102832 0.000000 0.075422
0.013174 0.000000 0.004814 0.000007 24.919873 0.000000 75.062132
36.055206 1.171467 44.145326 0.419019 15.162401 0.117395 2.929175
3.308128 0.013810 81.696117 2.363466 0.713991 11.861694 0.042791
74.695241 0.000023 0.447479 24.855827 0.000905 0.000000 0.000524
99.503988 0.000000 0.024420 0.000106 0.471017 0.000010 0.000447
0.266101 0.000023 93.837881 5.237704 0.000490 0.657802 0.000000
2.710794 0.000000 2.040773 3.714382 12.279113 0.000000 79.254943
3.521764 0.000042 26.566952 0.000290 25.992739 0.000052 43.918160
26.146770 0.021350 56.847978 0.015503 12.271275 0.458788 4.238340
0.008943 0.000000 43.135741 0.000002 56.202692 0.000000 0.652625
4.568170 2.000639 12.571348 0.314088 59.547704 0.011094 20.986959
89.733548 0.002900 0.894704 0.130748 8.407989 0.000887 0.829216
99.999940 0.000000 0.000064 0.000001 0.000000 0.000000 0.000000
1.550735 0.000000 0.015803 0.025936 97.854215 0.000002 0.553313
99.989039 0.000000 0.010318 0.000001 0.000644 0.000001 0.000000
48.732489 0.000001 47.710818 0.055078 3.366171 0.106670 0.028774
2.146615 0.364459 23.380357 3.171777 41.113794 0.027208 29.795787
0.016329 0.000001 0.215098 0.039986 3.121325 0.000059 96.607203
31.920111 0.225005 57.110488 0.099604 0.006375 10.638409 0.000006
93.033468 0.000002 0.440803 0.000372 6.336351 0.000400 0.188612
0.000002 0.000000 90.724857 0.000459 0.000000 9.274684 0.000000
52.315748 0.000000 47.669977 0.000001 0.014280 0.000000 0.000000
97.391855 0.000211 1.498558 0.000919 0.132909 0.952162 0.023392
54.760033 0.011535 9.628376 0.380139 23.713166 0.763410 10.743349
91.085004 0.011432 6.038028 2.281430 0.253581 0.115890 0.214639
50.423926 0.000021 0.055035 23.346795 2.983614 0.000748 23.189865
0.000016 0.000000 94.388033 0.000002 5.580367 0.000000 0.031583
99.999994 0.000000 0.000008 0.000000 0.000000 0.000000 0.000000
67.609712 4.395411 1.044610 0.000810 9.009293 0.039399 17.900770
94.773275 0.007675 0.802293 0.033305 0.881303 1.195693 2.306460
0.007175 0.000000 0.008819 0.000035 0.838257 0.000003 99.145716
3.694785 0.038820 91.765386 1.485735 2.981386 0.033372 0.000518
0.177080 0.000513 6.032181 5.414291 4.481614 2.807144 81.087172
95.879483 0.373323 3.350089 0.002610 0.350440 0.039505 0.004554
4.568170 2.000639 12.571348 0.314088 59.547704 0.011094 20.986959
0.074683 0.000000 0.098835 0.028224 0.034275 0.003662 99.760324
0.426930 0.000004 35.653873 0.009178 23.105420 0.034826 40.769772
74.555914 0.000277 0.116432 0.185651 22.760345 0.000000 2.381385
91.458697 0.000028 8.525675 0.000380 0.008061 0.007148 0.000011
0.006426 0.000000 98.342091 0.005958 1.622511 0.000001 0.023010
99.992645 0.003009 0.004303 0.000000 0.000037 0.000002 0.000005
1.383349 0.000000 1.468686 0.000135 18.480124 0.000444 78.667265
16.639555 0.002920 62.918836 0.026129 19.059886 0.951708 0.400965
0.058476 0.000000 0.009152 99.348772 0.583596 0.000008 0.000000
30.261716 0.000008 2.094265 0.002614 55.535072 0.000864 12.105460
6.194503 0.000056 86.019450 7.391252 0.149980 0.021856 0.222903
5.869431 0.000088 3.079907 0.081989 15.732116 0.004002 75.232470
59.533572 0.000001 5.387706 31.947812 0.018707 3.111300 0.000907
6.399207 0.000004 71.480237 5.238469 5.763775 1.475653 9.642663
86.725181 0.842854 7.603663 0.001928 0.735514 0.446877 3.643990
73.375958 0.000000 24.617890 0.270435 0.416553 0.000055 1.319113
5.837576 0.000000 90.573817 0.000270 0.000648 0.000068 3.587624
89.964944 0.000002 4.900116 3.715190 1.419755 0.000000 0.000000
0.111737 0.000000 0.020081 99.418581 0.000297 0.447022 0.002280
22.959098 47.702774 3.027955 0.061861 3.399308 21.994801 0.854208
0.064422 0.000000 0.000001 0.216423 0.132322 0.000045 99.586785
84.018224 0.000000 15.864645 0.116189 0.000017 0.000922 0.000000
88.536119 0.011022 9.132883 2.264234 0.047967 0.002167 0.005610
100.000000 0.000000 0.000000 0.000000 0.000000 0.000000 0.000000
1.974829 0.015379 23.143999 0.000075 71.366864 2.463872 1.034980
99.199444 0.000001 0.003275 0.031993 0.016130 0.001367 0.747797
98.282903 0.000027 0.443574 0.000228 1.191053 0.009886 0.072327
91.122551 0.000000 8.274823 0.181078 0.000011 0.421522 0.000007
99.976695 0.000003 0.011482 0.000639 0.010241 0.000003 0.000945
5.745070 0.000007 3.012520 1.553205 53.692615 0.237155 35.759425
10.217036 0.006748 68.743674 0.003165 18.934604 0.156376 1.938399
99.623019 0.002853 0.351940 0.000019 0.022152 0.000000 0.000013
99.999797 0.000000 0.000003 0.000000 0.000036 0.000001 0.000169
2.834459 0.000077 59.583032 0.003620 24.229982 0.226638 13.122195
86.780101 0.000201 5.844173 0.000000 7.375278 0.000000 0.000252
88.344920 0.000000 0.003345 0.347648 1.819930 0.000002 9.484152
21.131816 0.013914 2.839060 0.917629 70.967309 0.021933 4.108341
99.953413 0.000032 0.013313 0.000207 0.032846 0.000000 0.000180
0.000059 0.000000 0.753060 99.221343 0.007274 0.011800 0.006461
0.013025 0.000000 0.876863 0.267340 0.804216 0.032372 98.006183
3.718569 0.000002 7.147917 0.000000 88.838636 0.000001 0.294877
99.264354 0.000036 0.007785 0.129870 0.135765 0.000230 0.461963
4.183766 0.000001 91.534524 0.015653 4.266061 0.000000 0.000001
0.294761 0.102232 1.354113 98.216188 0.023176 0.000779 0.008748
99.987847 0.000000 0.011418 0.000734 0.000001 0.000000 0.000000
86.511415 0.000000 13.485470 0.000001 0.003113 0.000000 0.000000
0.231123 0.443628 2.386898 0.001005 96.540481 0.000005 0.396859
38.439381 57.625842 3.836240 0.000140 0.096035 0.002363 0.000006
80.225786 0.040508 2.984429 0.007777 16.249387 0.084181 0.407929
1.138475 0.012590 41.452995 9.775907 45.300144 0.569490 1.750400
99.980110 0.000000 0.000340 0.001035 0.016342 0.000000 0.002169
2.719146 0.000000 0.040807 0.000008 97.239077 0.000000 0.000960
79.378289 0.053116 7.117227 2.920036 9.928090 0.458686 0.144551
16.165783 0.000029 0.149473 0.633344 20.580460 0.054106 62.416804
21.019183 2.839124 14.223808 0.928776 51.955974 0.195685 8.837448
9.070153 0.006929 13.101717 0.001393 77.154420 0.039481 0.625902
73.191744 0.000030 0.971734 1.041379 24.614485 0.000285 0.180343
94.628317 0.182862 4.143529 0.619903 0.384499 0.017880 0.023015
98.665607 1.097964 0.001161 0.000000 0.195243 0.000000 0.040024
0.139535 0.001232 97.024328 0.422131 1.412951 0.000208 0.999612
17.122220 6.222627 4.286875 17.750475 32.633243 0.335661 21.648904
85.703673 0.000111 0.779692 0.000005 1.380859 11.713155 0.422497
69.314367 0.000000 0.669972 0.111566 11.020377 0.000004 18.883714
99.998963 0.000000 0.001038 0.000000 0.000000 0.000000 0.000000
7.214853 0.000000 0.223569 0.000014 92.479980 0.000000 0.081587
0.936671 0.000000 0.304096 0.273492 0.550133 0.065037 97.870570
98.543870 0.000000 0.103417 0.000000 1.349583 0.000000 0.003139
56.515229 0.000000 0.014486 0.001192 43.104178 0.000000 0.364917
0.003330 0.000002 73.735762 25.318953 0.356270 0.000790 0.584896
94.753676 0.000087 0.041103 0.000045 0.101985 0.000006 5.103102
98.230106 0.000000 0.000000 0.000001 0.002184 0.000000 1.767715
67.311805 0.014568 25.528830 0.410251 6.633008 0.000226 0.101308
1.732724 0.000026 96.481669 1.757694 0.027742 0.000137 0.000011
14.499547 54.555261 6.524941 0.000649 23.175795 0.017746 1.226063
2.506262 0.000000 1.031015 0.000997 2.890855 0.002757 93.568116
2.688283 0.000015 11.739185 0.068155 15.165352 0.034171 70.304839
73.876451 0.129910 19.880765 0.127146 4.260690 0.353875 1.371167
99.961579 0.000000 0.036943 0.001025 0.000456 0.000000 0.000000
54.561555 2.673754 11.087841 28.226033 3.056168 0.017355 0.377289
0.080590 0.000000 18.882680 81.030530 0.005886 0.000009 0.000306
0.322942 0.000000 1.269515 0.006745 13.364660 0.041036 84.995102
47.602749 0.218377 31.234312 0.002237 19.537804 0.441389 0.963135
1.909335 0.000002 9.032220 0.038118 65.741718 1.162849 22.115761
13.544523 0.000005 10.384112 0.002334 53.777656 0.016877 22.274495
99.997401 0.000002 0.000004 0.000000 0.002212 0.000000 0.000379
98.117364 0.025640 0.680602 0.006587 0.096594 0.133146 0.940064
99.949098 0.000019 0.038090 0.006482 0.005611 0.000017 0.000684
0.053493 0.000000 6.815564 0.019889 1.696333 0.537459 90.877259
0.101702 0.000478 99.712259 0.088316 0.097153 0.000000 0.000089
99.449927 0.000006 0.246675 0.000000 0.302035 0.000000 0.001356
99.607760 0.000016 0.333235 0.023245 0.010018 0.000265 0.025461
9.135664 0.000032 0.444633 0.000000 90.370352 0.000000 0.049313
0.776508 0.001034 0.866847 0.000001 88.756353 0.000002 9.599257
91.345393 0.000071 8.472869 0.061935 0.118880 0.000753 0.000102
2.075234 0.015508 94.648641 3.102299 0.043503 0.101052 0.013762
45.254004 0.000000 0.022740 4.327938 0.743369 0.013397 49.638554
0.428132 0.000001 0.203637 0.000002 99.020398 0.000000 0.347832
88.160700 0.089755 10.476199 0.000479 1.067142 0.007031 0.198697
96.183848 0.000000 0.000000 0.085713 0.000466 0.000000 3.729977
98.761564 0.000189 0.396559 0.069870 0.771330 0.000000 0.000483
50.827658 0.000831 0.102178 3.506819 3.608891 0.006505 41.947120
99.660909 0.111528 0.015993 0.201792 0.008270 0.000008 0.001508
0.079035 0.000002 0.011225 98.490154 1.416394 0.000019 0.003180
99.247009 0.000004 0.401979 0.045864 0.304597 0.000003 0.000544
0.065322 0.000000 4.563335 0.482640 3.899870 9.062533 81.926298
99.955976 0.000000 0.000798 0.035758 0.000157 0.000011 0.007302
94.191962 0.346858 0.034802 0.050980 0.816358 0.002655 4.556390
99.999964 0.000000 0.000033 0.000004 0.000000 0.000000 0.000000
0.663850 0.000066 0.082414 13.944857 64.259660 0.000065 21.049093
0.011242 0.000000 1.300428 0.000036 4.702728 0.000000 93.985569
32.016060 0.000000 0.481946 0.001886 21.778429 0.000001 45.721680
58.646635 0.008075 10.911017 0.261294 14.887680 0.192370 15.092930
25.290026 0.445010 40.101149 0.161113 32.541745 0.053930 1.407035
81.006354 18.316686 0.258891 0.000229 0.146448 0.040897 0.230496
72.657637 0.001935 0.162984 19.885717 6.776792 0.000071 0.514866
9.136272 0.002222 20.218371 0.538023 17.784704 0.270416 52.049989
63.734186 0.000001 0.428267 35.808897 0.027292 0.001315 0.000040
40.490920 0.012052 7.206539 50.929153 0.476746 0.792693 0.091890
0.545212 0.000000 0.169702 0.000383 99.157435 0.027178 0.100090
62.831140 0.001366 1.227462 0.029353 22.633086 0.003340 13.274257
0.097315 0.000897 21.908157 27.157807 0.271971 48.601464 1.962382
2.178236 0.091658 0.899750 0.004509 85.355796 0.000001 11.470045
97.575402 0.014080 1.969410 0.000146 0.153586 0.109821 0.177558
2.844524 0.000019 11.551250 0.000001 85.604155 0.000000 0.000049
1.364174 0.011441 2.328548 5.817479 21.278483 0.007509 69.192368
13.273396 0.000002 4.966054 46.075976 34.112819 0.000002 1.571747
8.677958 0.000004 2.236187 0.000202 89.081024 0.000000 0.004626
94.576752 0.018401 1.166020 0.000565 3.912733 0.000162 0.325365
0.047624 0.000000 0.175501 0.000003 99.775898 0.000000 0.000973
99.670297 0.000702 0.097264 0.002796 0.166338 0.008156 0.054454
2.761698 0.000000 97.231537 0.004578 0.000131 0.002057 0.000000
91.740250 0.047021 7.971888 0.006362 0.126245 0.035874 0.072362
0.034120 0.000000 4.516467 0.000000 74.476662 20.621752 0.351000
23.645064 0.015183 74.550270 0.123871 1.658794 0.000434 0.006385
7.450000 0.008540 5.833304 64.313559 2.555958 0.139956 19.698673
26.405883 0.000153 0.011077 1.484528 3.386533 0.005923 68.705910
17.179252 0.000018 41.711287 23.142062 0.000862 17.966499 0.000014
57.476996 0.000063 5.684761 0.000042 32.614892 0.000008 4.223228
93.348897 0.049929 0.664970 0.001439 4.545589 0.037802 1.351382
1.368838 0.000000 13.722049 0.001659 22.842233 0.000012 62.065208
0.125579 0.000000 2.142929 0.000069 97.456307 0.010596 0.264514
0.869050 0.000087 9.295816 0.017663 0.003520 89.813840 0.000025
99.978238 0.000001 0.012314 0.000034 0.009014 0.000015 0.000384
71.928951 0.002371 27.192074 0.028860 0.804647 0.036058 0.007045
0.003945 0.000000 63.065974 0.000008 36.349996 0.000000 0.580078
17.130984 0.000028 2.523642 0.001969 45.376876 0.000032 34.966472
0.498193 0.000000 6.765795 0.000451 88.976496 0.000073 3.758996
94.765687 0.000003 4.746571 0.004793 0.421040 0.000009 0.061899
1.303684 0.000003 3.396872 93.852967 0.618018 0.454324 0.374135
99.440825 0.000021 0.072869 0.000101 0.425370 0.005667 0.055151
25.614408 0.088819 39.173651 0.246016 25.490373 0.058048 9.328683
99.184930 0.000000 0.815059 0.000000 0.000015 0.000000 0.000000
0.001638 0.000000 0.000051 99.820989 0.001479 0.000061 0.175787
4.349104 0.000000 0.007549 2.695828 0.065673 0.000000 92.881846
24.198025 11.642197 64.141917 0.000048 0.017370 0.000339 0.000106
30.480986 0.004795 0.181613 0.002935 22.356270 0.201667 46.771738
98.164594 0.000001 0.009584 0.000000 1.823992 0.000000 0.001831
99.716467 0.000000 0.000255 0.000734 0.053006 0.000000 0.229540
94.630963 0.000000 0.597192 0.002923 4.659337 0.000000 0.109584
5.043225 0.000028 1.822103 1.391795 85.487719 0.021252 6.233877
44.361761 0.000156 55.580884 0.000169 0.057011 0.000006 0.000013
99.956065 0.000003 0.036420 0.000582 0.006931 0.000000 0.000000
100.000000 0.000000 0.000000 0.000000 0.000001 0.000000 0.000000
0.366438 0.004368 12.162035 19.203518 6.278891 9.371284 52.613467
0.019753 0.000010 0.726911 86.132111 10.991148 2.127335 0.002726
3.523751 0.009578 25.818917 7.312462 1.524348 22.593881 39.217061
5.288689 0.000164 43.973002 0.000059 48.428565 0.004051 2.305464
5.166124 0.000004 94.715446 0.045789 0.000000 0.072642 0.000000
49.847555 0.000011 0.933397 47.161561 0.758541 0.008034 1.290898
29.643515 0.000000 1.480995 0.040340 0.000000 68.835151 0.000000
1.411850 0.000000 48.676351 0.075226 33.559811 0.000006 16.276759
4.221969 0.004155 93.172848 0.388119 2.212266 0.000005 0.000639
100.000000 0.000000 0.000000 0.000000 0.000000 0.000000 0.000000
31.795779 0.000099 5.171094 0.044359 33.130720 0.007590 29.850361
0.000013 0.000001 2.179143 97.033739 0.037809 0.000039 0.749259
7.214853 0.000000 0.223569 0.000014 92.479980 0.000000 0.081587
0.344276 0.000001 3.271255 0.005276 70.069472 0.003298 26.306422
99.995661 0.000000 0.000014 0.003839 0.000487 0.000000 0.000000
0.027776 0.000000 0.001442 0.000004 0.055862 0.000000 99.914920
99.999976 0.000000 0.000000 0.000000 0.000000 0.000000 0.000026
0.273420 0.000000 0.009289 91.850972 7.859413 0.000128 0.006777
97.787535 0.000019 1.052107 1.107026 0.048548 0.000184 0.004583
0.266455 0.000000 5.528900 0.017812 94.183814 0.000001 0.003019
1.161176 0.000502 22.380762 0.626752 0.468281 75.362003 0.000523
0.000721 0.000000 8.319019 0.115283 0.006610 89.030296 2.528075
0.000000 0.000000 0.000000 0.000114 0.000043 0.000000 99.999845
97.449642 0.836395 1.534194 0.000369 0.015856 0.163380 0.000163
99.989307 0.000000 0.000002 0.010624 0.000010 0.000000 0.000058
48.140514 0.003749 0.384248 0.140369 4.153438 0.008058 47.169623
97.661656 0.000000 0.000075 2.329545 0.008684 0.000000 0.000034
0.121290 0.000249 0.095116 0.049591 99.733669 0.000000 0.000083
97.389585 0.009715 1.443951 0.001084 1.029987 0.005648 0.120032
99.900430 0.000197 0.036006 0.012513 0.002114 0.046534 0.002210
0.308176 0.000297 7.108846 0.003360 91.874343 0.002058 0.702922
99.997723 0.000000 0.002275 0.000000 0.000006 0.000000 0.000000
77.056634 0.099664 21.463941 0.474839 0.350932 0.549574 0.004415
99.826163 0.000000 0.001480 0.000025 0.163322 0.000000 0.009008
99.783224 0.003131 0.004015 0.011368 0.005477 0.007857 0.184930
95.516652 0.000051 4.442453 0.002087 0.036532 0.002220 0.000004
13.759276 0.000000 0.188315 1.203093 0.705470 0.012302 84.131545
89.687740 0.002229 5.256897 0.003231 4.938780 0.000657 0.110463
0.212067 0.000001 77.994792 0.001521 18.970298 0.000041 2.821281
15.408666 3.747036 21.938668 0.052244 20.238042 24.939357 13.675991
85.908884 0.001614 1.705013 0.002339 11.747321 0.000031 0.634795
0.000341 0.000000 0.000030 0.000000 99.898905 0.000000 0.100725
10.343869 0.000098 1.968466 87.057395 0.539259 0.057753 0.033158
0.434168 0.000804 3.826965 0.008744 89.655256 0.000076 6.073987
0.573849 0.001520 61.275959 0.271787 32.961217 0.047280 4.868392
0.000006 0.000000 0.021350 69.180157 20.820671 0.000027 9.977790
42.287595 0.000009 0.457044 0.002658 17.887870 0.027249 39.337568
89.681441 9.956928 0.145196 0.000608 0.096145 0.066900 0.052789
62.889842 0.022025 12.736052 1.111271 10.269703 0.034972 12.936138
98.394000 0.000887 0.335062 0.000280 1.259084 0.000001 0.010684
99.483675 0.000000 0.479800 0.019646 0.016655 0.000000 0.000228
99.888933 0.000000 0.016158 0.092101 0.002795 0.000000 0.000010
98.707199 0.065264 0.435409 0.000088 0.784218 0.000250 0.007575
15.368778 0.000024 0.146127 0.030925 26.613924 0.112528 57.727695
2.319830 0.042843 87.314385 0.464226 0.003938 9.854066 0.000715
0.594230 0.000000 0.101651 11.287829 50.167686 0.061306 37.787297
4.192553 0.000000 10.695261 0.000000 85.088545 0.000000 0.023643
8.296422 0.000152 4.346855 0.002906 43.493614 0.006972 43.853083
13.090396 0.000004 50.430095 0.003358 4.487749 0.831146 31.157262
98.535222 0.043463 0.186795 0.983790 0.144680 0.000519 0.105532
3.677152 0.000440 5.875573 0.016709 54.858708 0.069447 35.501972
59.569988 0.012478 32.937558 0.366773 0.111770 6.948597 0.052838
2.916467 0.000001 88.486379 3.669771 4.925320 0.000384 0.001681
99.371070 0.000213 0.217017 0.002636 0.404438 0.000020 0.004612
1.170664 0.000003 9.243154 0.043705 52.235228 0.000869 37.306377
11.017398 0.000698 0.041641 6.018031 0.282418 0.081407 82.558411
97.567373 0.000298 0.678014 0.760979 0.013338 0.963625 0.016375
0.417023 0.000029 98.849326 0.514804 0.000146 0.218188 0.000480
5.633831 0.001799 3.784851 2.959381 38.985741 0.208223 48.426181
21.798669 0.135656 7.031663 0.675457 13.130625 2.493388 54.734543
89.225947 0.089522 1.844431 0.009595 7.614066 0.034167 1.182276
0.947279 0.001757 64.033417 0.171655 0.025693 34.806549 0.013644
39.413169 1.591798 52.669519 2.059700 0.101463 4.101454 0.062899
0.674817 0.000004 4.892919 0.347937 3.580500 0.083609 90.420215
0.007519 0.000014 0.099455 3.032570 0.035459 0.007616 96.817368
0.000014 0.000000 99.999917 0.000030 0.000042 0.000003 0.000000
2.183869 0.000025 0.073815 5.504230 8.213796 8.866372 75.157899
0.021817 0.000000 0.000010 0.000000 80.859584 0.000000 19.118592
99.951291 0.000000 0.003238 0.034148 0.010787 0.000000 0.000534
2.746978 0.000394 96.376884 0.001053 0.869974 0.000020 0.004697
2.684503 0.003676 44.746399 0.044254 51.045829 0.000000 1.475340
99.413747 0.000003 0.029507 0.000770 0.555486 0.000000 0.000492
0.000005 0.000000 0.000000 0.212356 0.015563 0.000000 99.772078
0.005110 0.000003 0.003232 0.340387 11.132878 0.000213 88.518174
0.531508 0.000072 0.027889 98.905641 0.001542 0.411809 0.121538
0.149424 0.000493 99.797863 0.013932 0.001078 0.037099 0.000108
32.912248 0.000000 67.061949 0.025780 0.000026 0.000000 0.000000
99.995577 0.000000 0.000946 0.000000 0.003405 0.000066 0.000009
0.989450 0.000044 2.264196 0.100711 83.475804 0.000004 13.169791
3.811438 0.000116 38.447054 0.762014 55.920344 0.003874 1.055153
93.743646 0.066429 5.925283 0.000024 0.261227 0.002446 0.000945
1.110076 0.000000 21.248730 0.033949 0.000020 77.607226 0.000000
91.643214 0.075601 8.271824 0.000002 0.009187 0.000172 0.000000
10.794563 0.033261 26.317209 0.001173 40.235385 16.929774 5.688637
31.254330 0.000001 62.614936 5.219279 0.878907 0.000000 0.032547
0.182978 0.000029 0.076065 1.033444 0.785160 0.003602 97.918719
38.639307 0.002985 1.525460 47.693217 1.048663 0.664483 10.425887
5.831907 0.001081 17.318729 1.154365 15.827455 4.023663 55.842799
4.860508 0.000555 5.642879 0.132126 40.486717 0.025890 48.851326
9.166592 0.004479 42.881319 0.001589 37.726128 0.368137 9.851757
16.105385 83.698585 0.193239 0.000000 0.002752 0.000027 0.000008
0.000796 0.000000 60.779462 0.000017 38.796433 0.000028 0.423266
40.389679 0.000162 2.992333 0.003449 44.482554 0.003570 12.128250
0.000107 0.000000 0.000409 99.939704 0.000026 0.055411 0.004339
0.000058 0.000000 0.201241 0.000293 99.798393 0.000000 0.000017
97.997975 0.000075 0.715056 0.198181 1.050608 0.000004 0.038099
99.126166 0.000001 0.760193 0.008646 0.100483 0.000005 0.004507
14.430924 0.000010 0.065083 0.000082 13.996391 0.000000 71.507508
20.523751 0.000000 58.194268 21.220432 0.059920 0.000686 0.000944
83.968759 0.000000 0.542176 0.000001 15.436928 0.000004 0.052132
70.719200 0.030740 1.017668 0.928987 26.077735 0.000201 1.225475
99.808776 0.000000 0.000932 0.177008 0.012202 0.000001 0.001082
99.876320 0.000108 0.019990 0.000004 0.011420 0.000000 0.092153
0.001482 0.000028 0.000028 99.923491 0.002866 0.000000 0.072104
46.097118 0.000005 2.462754 0.019208 36.305299 0.001915 15.113707
99.500394 0.000000 0.445255 0.050240 0.003752 0.000102 0.000255
0.436712 0.000000 1.736626 0.000003 8.536102 0.002315 89.288241
9.478692 0.000000 0.002854 0.000001 81.813896 0.000000 8.704556
1.021842 0.000000 4.811984 0.009350 0.049985 2.031443 92.075396
53.270650 27.019867 15.771039 0.000536 3.648275 0.233923 0.055707
77.355319 0.000003 0.084931 0.005983 2.225247 0.006701 20.321822
90.300037 0.000639 8.705363 0.239596 0.395349 0.330315 0.028692
79.699171 0.000000 20.273924 0.003348 0.022396 0.000000 0.001164
7.310152 0.984097 2.090282 0.000024 89.613962 0.000169 0.001318
99.865776 0.000007 0.118814 0.005425 0.008547 0.001230 0.000205
94.418734 3.653835 1.761716 0.000018 0.075844 0.082160 0.007696
26.989400 0.001300 10.588032 0.128404 36.110586 1.178707 25.003576
41.363692 0.000000 12.912010 0.000000 45.648924 0.000000 0.075374
99.161231 0.000000 0.004681 0.834086 0.000000 0.000006 0.000000
96.236629 0.043768 3.528063 0.000381 0.110876 0.079931 0.000348
99.911529 0.016417 0.063793 0.001621 0.004123 0.001783 0.000737
0.000843 0.000000 0.000001 0.000390 0.000985 0.000000 99.997783
22.799231 0.001110 34.960535 0.528041 4.116965 0.835021 36.759096
11.251484 0.120112 54.782769 0.000092 33.367260 0.000000 0.478283
98.778194 0.000000 0.000313 0.000000 0.758942 0.000000 0.462555
2.704385 0.001978 23.884560 0.009804 65.175986 0.050652 8.172629
24.917968 0.449894 58.013645 0.818874 15.798370 0.000017 0.001240
25.810760 0.004183 2.493205 0.027737 35.263336 0.406870 35.993913
100.000000 0.000000 0.000001 0.000000 0.000000 0.000000 0.000000
2.200696 0.000000 97.484934 0.266305 0.000133 0.047930 0.000000
0.329769 0.000069 99.141365 0.120129 0.000120 0.408549 0.000000
0.954309 0.000024 98.865950 0.002337 0.177269 0.000089 0.000023
0.000000 0.000000 0.000662 99.999332 0.000003 0.000000 0.000000
0.916768 0.000027 15.487377 0.000010 78.052384 0.000014 5.543422
99.297547 0.000000 0.000000 0.000000 0.245145 0.000000 0.457304
4.515257 25.027098 57.697300 0.000566 12.667041 0.060906 0.031838
0.031639 0.000000 0.025058 0.101187 0.303315 0.000000 99.538803
98.106629 0.000000 0.054893 0.000000 1.826647 0.000000 0.011836
2.707019 0.068384 9.381914 0.293341 41.587678 0.002515 45.959148
82.247466 0.036105 2.605779 0.314272 12.088591 0.036979 2.670814
0.923277 0.000029 14.891866 54.592621 0.861147 28.553563 0.177501
0.026405 0.000001 0.003556 0.338055 13.232641 0.000001 86.399341
12.339973 0.000005 10.507020 0.000202 51.426858 0.001136 25.724801
30.169873 15.020987 51.084158 2.570322 0.784612 0.348467 0.021581
99.993384 0.000000 0.001623 0.000000 0.004981 0.000000 0.000013
9.224096 0.000048 0.440759 0.000000 88.317030 0.000002 2.018064
93.933743 0.000010 0.017095 4.981936 0.417784 0.008817 0.640614
1.129475 0.000004 0.331073 98.290664 0.000145 0.210873 0.037769
7.990757 0.000225 8.129116 27.550325 56.329429 0.000001 0.000153
14.605504 0.000488 59.357548 0.024125 26.012188 0.000054 0.000099
99.412966 0.000007 0.579607 0.001499 0.005919 0.000000 0.000003
0.041924 0.000000 0.001265 99.621034 0.000047 0.011807 0.323921
0.000009 0.000000 0.568172 99.409544 0.022066 0.000001 0.000207
21.755482 0.092753 8.101781 0.150031 64.422009 0.238062 5.239885
26.880182 0.002613 69.587807 2.773150 0.288718 0.004812 0.462725
97.701448 0.000077 0.772145 0.376813 1.110081 0.000003 0.039432
19.171354 0.000275 8.331540 0.006101 50.828874 0.090238 21.571617
0.053404 0.000100 0.187984 99.448252 0.010453 0.010276 0.289526
87.278444 10.890738 1.773729 0.055475 0.000540 0.000402 0.000671
52.445191 0.001679 4.208533 13.435654 15.297597 0.056137 14.555204
1.183765 0.000000 58.095235 0.000008 1.579258 0.000094 39.141643
2.175438 0.001420 0.001995 0.002431 0.603335 0.001558 97.213823
17.609728 0.002225 48.413697 0.029158 1.752561 8.290816 23.901816
99.987531 0.007706 0.004235 0.000000 0.000513 0.000006 0.000010
97.310030 0.058970 0.470931 0.010897 2.148972 0.000000 0.000196
82.200551 0.000427 4.409185 0.161117 0.819699 0.223767 12.185250
0.008722 0.000004 7.961676 0.001369 91.901439 0.000013 0.126779
2.799345 0.000737 93.057883 0.013202 4.126607 0.000042 0.002183
12.064493 0.000000 0.005043 0.002167 60.871273 0.000000 27.057028
0.594574 0.000236 0.009181 1.397152 65.136933 0.000010 32.861912
9.418117 1.833258 79.856044 1.656145 2.035459 3.982902 1.218081
0.005307 0.000000 0.030825 0.000044 2.564723 0.000455 97.398645
0.002767 0.000001 0.000132 99.469709 0.108438 0.000022 0.418925
94.740523 1.168466 0.041044 0.164405 3.521522 0.002747 0.361293
0.334161 0.012801 0.429882 0.001058 9.279202 0.013427 89.929473
0.000009 0.000000 0.002479 0.001282 99.996042 0.000000 0.000191
61.362469 0.001831 33.896536 0.000022 4.631495 0.001960 0.105688
97.196972 0.000091 0.040599 1.031472 1.192124 0.000949 0.537803
98.441309 0.000000 0.046305 0.722572 0.000033 0.789788 0.000001
99.999774 0.000000 0.000000 0.000000 0.000020 0.000000 0.000211
59.206752 0.214107 33.491479 0.044600 5.401409 0.318062 1.323595
99.999982 0.000000 0.000002 0.000000 0.000018 0.000000 0.000000
9.610138 0.000139 4.139983 0.508052 44.849485 0.103988 40.788221
25.547111 57.584310 11.339039 0.074399 2.003681 3.079078 0.372383
59.216869 0.022788 11.219303 29.025128 0.315300 0.133730 0.066880
96.394158 0.000014 3.377456 0.000003 0.228319 0.000001 0.000043
0.002664 0.000067 0.002011 82.694133 0.615975 0.001299 16.683842
99.255544 0.003187 0.685914 0.003209 0.038348 0.013068 0.000730
70.698589 0.000005 26.900634 0.036984 0.001036 2.362591 0.000160
99.972653 0.000000 0.027031 0.000001 0.000245 0.000000 0.000072
94.694352 0.000000 1.036384 0.003219 4.168998 0.000074 0.096981
21.231611 0.000000 0.464859 0.052143 17.778714 0.000544 60.472128
1.182902 0.006451 49.542931 2.526631 4.255022 17.788941 24.697123
96.188760 0.000000 0.000102 0.001144 1.933135 0.000008 1.876853
96.124477 0.000000 2.669579 0.007345 1.089906 0.000152 0.108540
1.200869 0.000026 91.758567 0.007705 4.347130 2.432252 0.253450
98.925507 0.060908 0.468227 0.523838 0.003488 0.000011 0.018028
5.192379 0.000910 82.527083 9.961976 0.113908 1.093175 1.110572
2.561646 19.679404 59.037213 0.003064 18.693344 0.002211 0.023110
8.443741 3.429358 36.915078 0.609869 50.364861 0.067491 0.169603
58.834326 0.003609 41.161364 0.000005 0.000699 0.000000 0.000000
65.891455 0.885555 23.992760 0.001355 7.774439 0.134130 1.320314
0.159755 0.000807 99.168056 0.000005 0.662240 0.008808 0.000327
5.330448 0.000365 50.977489 0.007295 30.939497 2.456112 10.288792
15.680608 0.743383 80.449069 0.628789 1.329646 0.809966 0.358540
99.054432 0.000000 0.000069 0.000000 0.593034 0.000015 0.352437
12.424082 0.002402 25.283119 0.916464 14.576498 5.048173 41.749260
90.348471 0.000922 3.886182 0.000424 4.880397 0.521117 0.362482
94.711405 0.000000 0.092133 0.000064 5.113407 0.000000 0.082995
37.785867 0.013630 5.064134 0.006821 0.424698 56.687415 0.017437
62.106204 0.044264 13.824567 20.332350 3.527777 0.000004 0.164832
1.392752 0.002862 25.620079 0.046682 65.888631 0.012198 7.036797
98.698294 0.000000 0.029437 0.997692 0.190740 0.014074 0.069764
0.000812 0.000000 98.996407 0.062828 0.000000 0.939951 0.000000
49.912030 0.088292 47.080046 0.213551 2.530961 0.045956 0.129169
1.445126 95.550395 0.584471 0.149207 1.046826 0.007678 1.216295
15.485883 24.740973 58.912510 0.000119 0.712334 0.000067 0.148109
0.014379 0.000000 0.001126 84.890026 0.016023 0.000109 15.078345
99.521959 0.000000 0.042895 0.336414 0.097605 0.000522 0.000605
0.483543 0.000000 0.000666 93.146056 0.001311 0.181189 6.187238
5.886819 0.000094 1.768486 0.001083 92.271882 0.000202 0.071438
99.536335 0.000140 0.245232 0.002062 0.177593 0.003460 0.035179
0.328700 0.082401 16.646745 0.001609 82.932178 0.000246 0.008123
79.911052 0.000073 4.769871 1.772410 12.167798 0.000532 1.378270
36.067109 13.446074 31.839718 0.563916 17.185308 0.695181 0.202699
20.479101 0.000000 40.531009 0.000000 38.989854 0.000000 0.000037
97.754902 0.000000 0.369736 0.000141 0.263768 0.682682 0.928777
99.724108 0.000001 0.002357 0.000001 0.261415 0.000001 0.012122
0.828842 0.000000 5.914425 0.000622 73.323640 0.000039 19.932430
11.356945 0.001981 26.747248 0.441184 36.067969 0.015806 25.368875
77.452588 0.000001 0.415908 0.001908 0.915158 0.005596 21.208839
4.805935 1.356145 84.233443 0.032915 9.517816 0.000240 0.053514
98.618972 0.000014 1.237686 0.006172 0.131066 0.000006 0.006089
41.417548 0.000089 58.548921 0.000081 0.000202 0.033157 0.000001
99.643862 0.000000 0.101165 0.253147 0.000787 0.001025 0.000013
99.872297 0.000000 0.059378 0.002553 0.065580 0.000174 0.000027
0.008243 0.000000 0.634973 90.858006 0.005509 8.321416 0.171855
0.007632 0.000295 40.186992 0.018382 59.749883 0.000025 0.036787
86.791533 0.000000 0.000375 0.000000 1.426117 0.000000 11.781975
99.999475 0.000000 0.000512 0.000003 0.000008 0.000000 0.000000
79.492182 0.000000 0.018018 0.000001 8.879837 0.000001 11.609966
82.122058 0.000000 3.374448 13.583070 0.000001 0.920433 0.000000
97.799098 0.001431 1.141032 0.000234 0.698244 0.212290 0.147675
0.038744 0.022527 0.700426 0.000362 98.311597 0.000000 0.926351
98.492044 0.000003 0.315360 0.001375 1.091350 0.000000 0.099861
99.999869 0.000000 0.000001 0.000134 0.000000 0.000000 0.000000
0.041464 0.000101 0.014572 0.000000 99.937987 0.000000 0.005880
99.960589 0.000001 0.038736 0.000001 0.000628 0.000036 0.000014
99.904388 0.000000 0.095612 0.000000 0.000000 0.000000 0.000000
99.989963 0.000000 0.002211 0.000060 0.006024 0.000016 0.001724
90.618598 0.000084 6.989072 0.459378 0.000581 1.932269 0.000016
99.997270 0.000000 0.002729 0.000000 0.000000 0.000000 0.000000
2.294502 0.000000 0.001193 97.704297 0.000000 0.000000 0.000006
7.094297 0.399913 16.561179 62.444520 0.050159 8.651178 4.798761
7.283444 0.000181 92.636125 0.000047 0.080206 0.000000 0.000001
27.620530 0.037248 10.448765 0.032278 47.794348 0.019908 14.046921
38.377699 1.761916 9.957039 30.524832 3.404425 3.336867 12.637222
0.083828 0.000088 0.017193 0.145888 0.128325 0.000155 99.624521
0.023289 0.000003 0.000658 0.005562 87.108320 0.000000 12.862173
3.279952 0.006201 28.939497 0.264685 39.475662 0.023254 28.010753
16.679272 0.146308 18.668041 0.074106 35.543834 0.018010 28.870421
0.000668 0.000000 0.000000 0.000000 0.008440 0.000000 99.990892
9.514623 0.037456 7.914208 0.002420 63.126258 0.069560 19.335480
0.001583 0.000000 99.554718 0.001525 0.417772 0.000006 0.024389
99.650782 0.000001 0.005197 0.000000 0.343743 0.000000 0.000273
4.138749 0.000006 21.960258 0.033945 59.740360 0.081169 14.045517
67.411759 0.000000 0.000154 2.823580 7.991675 0.000000 21.772837
0.001138 0.000000 0.000000 0.000000 0.001263 0.000000 99.997604
0.028872 0.000000 0.272331 3.009718 96.683436 0.000009 0.005635
0.015782 0.000000 0.097115 14.528893 84.067804 0.000000 1.290405
0.000121 0.000000 0.000000 0.002605 0.075782 0.000000 99.921489
43.285730 0.000000 8.304671 0.000157 47.737464 0.000019 0.671965
2.680288 0.025464 16.572937 0.000004 79.110786 0.000117 1.610398
0.338024 0.000007 2.257045 2.588901 0.006123 94.809854 0.000048
0.002999 0.000000 0.236930 0.002840 0.862128 0.000181 98.894918
3.684533 0.000061 25.940201 6.677897 9.465284 0.070306 54.161716
0.000335 0.000000 90.417582 0.000039 9.581244 0.000000 0.000798
19.384959 0.020006 79.513180 0.000729 1.038033 0.033670 0.009426
0.048961 0.000001 0.005259 99.797779 0.000372 0.021163 0.126461
0.000645 0.000000 3.864057 0.001334 0.000032 96.133929 0.000000
87.974256 0.000668 6.965704 0.124634 4.787771 0.032576 0.114394
27.433237 0.048327 3.688861 2.331873 51.456648 0.041379 14.999673
1.720327 0.000235 0.283849 12.793951 21.227022 0.496991 63.477623
0.469606 0.000002 33.306449 0.000135 64.993517 0.036764 1.193525
11.668516 0.000536 9.585059 0.267390 0.000020 78.478432 0.000046
0.050883 0.000000 0.016804 82.824371 0.073474 0.000071 17.034399
0.359355 0.000005 0.232738 0.030917 1.504491 0.009171 97.863323
99.900430 0.000197 0.036006 0.012513 0.002114 0.046534 0.002210
62.785391 0.000102 4.472814 0.016606 26.265228 0.021687 6.438169
5.333479 0.020390 8.733877 0.003055 0.508984 84.260379 1.139838
99.140298 0.000000 0.014051 0.000000 0.827879 0.000000 0.017775
99.989796 0.000000 0.001815 0.000211 0.008183 0.000000 0.000001
2.867363 0.000001 1.992268 0.000275 84.977865 0.002862 10.159368
0.571274 0.000000 0.293381 48.800626 50.334722 0.000001 0.000000
98.996067 0.170970 0.309748 0.038153 0.261335 0.194031 0.029693
18.452577 0.007215 72.217785 0.001468 9.105199 0.004182 0.211572
0.000000 0.000000 0.433035 0.000034 54.952955 0.000001 44.613975
99.900430 0.000197 0.036006 0.012513 0.002114 0.046534 0.002210
2.569105 0.000000 0.001975 0.000000 1.820164 0.000000 95.608753
7.580080 0.000003 0.097326 0.000601 89.673036 0.000002 2.648953
98.087340 0.000000 0.015938 0.000000 1.365884 0.000002 0.530842
99.120820 0.000017 0.733009 0.019357 0.126753 0.000000 0.000037
96.191472 2.443048 0.362723 0.000035 0.736218 0.071700 0.194811
0.000653 0.055601 50.910565 8.581054 40.175023 0.000000 0.277101
99.999803 0.000000 0.000198 0.000000 0.000000 0.000000 0.000000
0.132345 0.000000 3.505998 1.103052 1.650625 4.570778 89.037204
94.083256 1.278767 4.556953 0.000025 0.078045 0.001669 0.001282
1.352489 0.000014 1.150755 0.179727 42.258716 0.001368 55.056930
68.873261 0.000001 0.101559 0.000003 27.651848 0.000038 3.373290
99.998748 0.000016 0.001232 0.000000 0.000003 0.000001 0.000000
0.041650 0.000000 0.115837 98.812473 0.132442 0.871825 0.025771
99.974006 0.000000 0.000113 0.000099 0.025762 0.000000 0.000009
35.239833 0.000004 64.349375 0.001023 0.331123 0.000271 0.078367
0.000002 0.000000 0.000004 0.000026 0.001854 0.000005 99.998111
52.014989 17.123012 26.896214 0.011713 3.543525 0.407158 0.003390
94.694352 0.000007 1.792202 0.003646 0.953345 0.000378 2.556073
0.646469 0.000001 0.503482 0.002100 89.193279 0.000001 9.654671
99.486512 0.000000 0.005162 0.000000 0.507689 0.000000 0.000642
41.499913 45.403332 10.893807 0.027619 1.981383 0.192384 0.001565
6.507207 93.337149 0.014818 0.000305 0.014315 0.119577 0.006627
18.594257 0.000002 2.295756 0.000000 66.737648 0.000014 12.372329
1.452712 0.024221 93.914957 1.039840 1.567904 1.974080 0.026280
0.010957 0.000014 0.001982 86.990935 0.490886 0.011815 12.493411
99.935430 0.000000 0.000012 0.000000 0.064424 0.000000 0.000136
99.688905 0.098545 0.179396 0.000000 0.027552 0.000017 0.005588
99.957067 0.000000 0.000004 0.000000 0.041069 0.000000 0.001855
98.816502 0.000000 0.007254 0.000135 1.169321 0.000000 0.006781
0.269237 0.000000 0.000111 99.530870 0.001803 0.000053 0.197920
4.372757 0.000000 51.072592 0.000000 0.508902 0.000001 44.045752
0.545401 0.000446 18.756573 1.669230 29.363573 0.025855 49.638918
4.658456 0.000004 0.054329 70.533407 0.298955 18.624657 5.830196
2.082877 0.000000 55.627173 0.000153 42.285621 0.000072 0.004100
99.916172 0.015833 0.059733 0.000069 0.000894 0.005340 0.001951
4.523972 0.011165 19.767788 2.099092 69.143701 0.023280 4.430997
0.002541 0.000000 3.396574 0.000140 0.025275 94.643903 1.931565
99.999917 0.000000 0.000004 0.000000 0.000001 0.000063 0.000013
20.982726 0.095565 37.338188 0.010147 36.499709 0.043016 5.030650
23.584265 41.586843 32.626149 0.000138 2.149667 0.035893 0.017042
0.000490 0.000000 56.529146 43.437928 0.032430 0.000000 0.000006
86.953264 0.000000 7.363017 0.000003 2.699347 0.000001 2.984368
0.001629 0.000000 1.253369 0.000000 1.845516 0.000000 96.899486
0.000559 0.000000 82.554597 0.428324 15.080650 0.000177 1.935695
0.000289 0.000000 0.677495 0.000000 99.322206 0.000000 0.000011
93.450236 0.000000 2.064594 0.001835 4.420144 0.000089 0.063101
0.023322 0.002716 0.114989 84.043765 15.757917 0.000727 0.056565
75.374264 0.005850 9.561830 0.004571 13.069117 0.039786 1.944582
8.449675 0.132040 16.842718 9.386551 13.825232 0.003938 51.359850
99.070227 0.000000 0.896306 0.000002 0.033464 0.000000 0.000000
0.136509 0.000049 1.637741 97.486490 0.470571 0.212172 0.056460
3.427901 0.000001 2.635880 1.398148 23.512538 0.004149 69.021386
98.431182 0.000000 0.980419 0.000182 0.588072 0.000000 0.000143
0.008748 0.000000 0.000035 14.592020 0.310155 0.000026 85.089015
85.755247 0.000069 5.324186 7.153551 1.670040 0.000305 0.096601
0.038569 0.000000 56.401794 0.025752 39.606826 0.129222 3.797828
77.349150 0.004139 4.218761 0.120133 6.326809 0.027624 11.953384
77.847850 0.000045 1.511602 0.000598 18.376061 0.092496 2.171350
99.738508 0.000001 0.006792 0.249833 0.004284 0.000019 0.000564
3.048456 0.000050 81.063288 0.231931 0.000005 15.656275 0.000000
16.174459 0.034764 6.547734 0.000405 23.372998 0.004309 53.865331
3.967620 0.005429 67.822031 1.105663 4.781468 22.314167 0.003620
85.968351 0.000000 0.005464 0.046866 4.362143 0.000008 9.617170
15.119787 0.002280 1.823626 0.540410 49.356651 0.010883 33.146363
99.646193 0.001606 0.184734 0.000000 0.122989 0.000002 0.044481
93.673843 0.000000 6.238097 0.087693 0.000213 0.000156 0.000000
0.118740 0.000095 51.683152 0.001614 48.107573 0.000223 0.088602
3.987493 0.000002 3.105704 0.000199 79.869246 0.000335 13.037023
2.699397 0.002377 12.189597 67.813532 17.135578 0.001158 0.158364
0.274817 0.000076 20.705064 0.176750 68.551981 0.000004 10.291309
0.036895 0.000033 7.011387 0.074043 92.840552 0.000000 0.037090
99.956065 0.000003 0.036420 0.000582 0.006931 0.000000 0.000000
99.999988 0.000000 0.000000 0.000000 0.000003 0.000000 0.000006
99.999988 0.000000 0.000013 0.000000 0.000000 0.000000 0.000000
15.663783 0.000032 3.162296 0.042644 0.497390 78.102517 2.531338
62.785951 0.000000 0.435201 0.470342 0.000018 36.308458 0.000031
72.415042 0.000009 1.253936 0.201836 19.809066 0.000396 6.319713
5.091416 0.001499 38.662425 0.357278 5.330277 2.333387 48.223722
4.649964 0.006748 47.913086 14.189808 30.958724 0.018795 2.262871
2.785557 0.000004 0.816619 0.052721 8.510876 0.004771 87.829453
99.937147 0.000000 0.001509 0.000006 0.028991 0.000000 0.032349
90.078847 0.100438 2.715118 0.419762 3.922684 2.002870 0.760281
0.013378 0.000000 59.954140 0.000002 34.532776 0.002219 5.497489
79.689342 0.000000 0.006738 18.764114 1.537903 0.000000 0.001906
0.000359 0.000000 0.068453 5.596160 0.000000 94.335026 0.000001
3.385370 0.000000 8.249751 0.000000 86.714572 0.000001 1.650309
96.236629 0.043768 3.528063 0.000381 0.110876 0.079931 0.000348
0.011277 0.000000 99.988461 0.000108 0.000152 0.000000 0.000000
99.928600 0.000117 0.044462 0.000382 0.026369 0.000048 0.000019
92.900883 0.166866 1.868345 0.000279 4.197107 0.060509 0.806011
99.920285 0.000000 0.000090 0.000000 0.079397 0.000000 0.000228
61.555630 0.038313 12.659551 0.088547 20.138253 0.048529 5.471173
92.177629 0.000058 0.568381 0.037432 1.174791 0.011381 6.030333
23.818105 0.025658 17.163394 0.154739 30.972186 0.028020 27.837896
14.006767 0.375745 5.365519 2.231976 77.806544 0.194735 0.018717
0.077095 0.000004 97.390532 0.000126 2.532091 0.000000 0.000154
0.231795 0.000000 0.217395 0.000018 80.087572 0.000000 19.463219
96.398526 0.000000 3.583824 0.016978 0.000664 0.000000 0.000012
0.526106 0.001149 1.402834 0.002760 28.799915 0.000202 69.267035
99.932480 0.000020 0.065331 0.000032 0.001866 0.000058 0.000212
60.757975 0.000000 1.137111 34.940474 0.653999 0.000272 2.510156
99.998230 0.000149 0.001580 0.000000 0.000044 0.000000 0.000000
0.151422 0.000043 3.000486 0.021693 94.016332 0.017715 2.792305
55.631224 0.000000 0.064858 20.996791 0.206113 0.000370 23.100646
14.399189 0.044239 17.788827 0.799051 40.313968 0.391483 26.263246
0.048955 0.000001 1.881701 0.000003 98.069286 0.000000 0.000056
2.891380 0.000001 87.154335 0.000002 0.839190 2.009680 7.105418
89.590983 0.009276 8.074256 0.000000 1.829883 0.000031 0.495575
0.021907 0.000000 99.950451 0.000000 0.001658 0.025896 0.000088
0.960110 0.000003 56.766919 0.000178 40.858891 0.148677 1.265221
11.575527 0.000045 88.159525 0.081259 0.001700 0.181938 0.000004
0.333469 0.000000 99.666178 0.000062 0.000000 0.000293 0.000000
0.398331 0.000250 90.824902 1.295748 0.385713 5.426930 1.668124
99.998510 0.000000 0.001491 0.000000 0.000000 0.000000 0.000000
8.399477 0.160943 25.610825 0.006753 60.568476 0.143605 5.109919
74.650532 0.000000 0.001743 25.163046 0.184195 0.000081 0.000405
100.000000 0.000000 0.000002 0.000001 0.000004 0.000000 0.000000
14.520614 0.909242 41.013321 0.424478 41.577393 0.140394 1.414554
3.620161 0.907493 75.103383 1.575856 1.681415 16.922585 0.189106
96.944684 0.000271 1.572065 0.002603 1.394877 0.007951 0.077542
17.928406 60.019318 0.588575 0.002139 21.408359 0.000005 0.053206
29.149261 0.252788 28.726166 0.025200 33.274272 0.049209 8.523104
0.113538 0.000028 6.446617 0.003055 93.418235 0.000797 0.017724
100.000000 0.000000 0.000000 0.000000 0.000000 0.000000 0.000000
82.456877 0.000000 0.013884 0.211705 1.598370 0.000147 15.719017
0.003348 0.000000 0.001049 0.000003 0.289974 0.000002 99.705625
0.002942 0.000001 0.022660 0.000000 99.974388 0.000000 0.000010
10.022508 0.354385 8.300717 2.654858 30.924079 0.005028 47.738427
99.051660 0.000339 0.362252 0.577665 0.004453 0.000000 0.003631
0.942459 0.000248 16.652296 0.932114 0.023254 81.440115 0.009514
99.976492 0.000000 0.000020 0.000000 0.000097 0.000000 0.023392
99.829942 0.000000 0.000001 0.170058 0.000000 0.000001 0.000000
71.868551 0.000000 0.028534 0.000194 1.294806 0.001186 26.806730
0.004347 0.000000 0.000002 0.000000 99.995404 0.000000 0.000247
0.000000 0.000000 0.000000 99.790072 0.000000 0.000002 0.209930
