0.576463 0.001125 99.393928 0.004735 0.017173 0.005141 0.001441
0.003847 0.000000 1.528969 0.012744 3.089871 0.021218 95.343346
0.004448 0.000000 0.889470 0.003996 0.000006 99.102080 0.000000
0.358555 0.000480 39.435965 0.065022 9.534939 41.502607 9.102432
0.062569 0.000000 0.008448 0.000000 1.097649 0.000024 98.831314
7.537373 0.003160 4.393337 0.430921 14.193282 0.923726 72.518206
0.024986 0.000018 10.529381 0.017297 0.000416 89.427900 0.000000
6.551102 0.001134 69.064969 0.039850 15.011954 1.029378 8.301613
0.002407 0.000000 0.000014 0.000000 0.138496 0.000000 99.859077
0.026754 0.000000 0.439130 0.001902 99.128824 0.119997 0.283393
6.895597 0.000023 47.567308 0.000273 27.541309 0.000599 17.994883
1.031401 0.000631 98.357612 0.371001 0.209121 0.030091 0.000145
34.147423 0.000866 0.897067 0.006122 50.135550 0.003127 14.809846
4.543232 0.000772 86.646645 0.039470 0.000257 8.769627 0.000001
1.049328 2.676104 8.571872 0.003223 70.023910 0.001528 17.674034
0.116474 0.000001 98.889649 0.003612 0.985293 0.002149 0.002826
0.109397 0.000001 99.688590 0.048703 0.003311 0.149973 0.000026
0.047433 0.000000 96.479911 0.000000 3.458019 0.005647 0.008996
0.085737 0.000000 0.077102 0.997453 0.004289 98.834503 0.000922
0.000071 0.000000 99.843109 0.000017 0.156338 0.000003 0.000465
0.044900 0.000000 0.102059 0.000058 0.040501 0.019610 99.792874
0.017793 0.000000 98.316538 0.000309 0.941760 0.723246 0.000353
44.415388 1.953147 0.613526 5.410552 38.728887 0.092436 8.786067
0.000146 0.000000 0.002221 99.669516 0.000009 0.326533 0.001579
5.910521 0.000351 30.765986 9.039405 0.000020 54.277807 0.005906
0.023111 0.000000 66.499406 0.028273 33.422554 0.000000 0.026657
1.052952 0.002675 0.347472 98.346764 0.012806 0.014217 0.223109
0.654530 0.000522 48.185632 0.069031 0.065625 51.018149 0.006511
2.251271 0.000000 0.083883 0.985321 0.298828 0.000002 96.380699
1.672993 0.042359 34.909022 0.715933 18.976139 4.195188 39.488363
0.246598 0.000001 68.252222 0.000143 29.738935 0.017255 1.744849
0.035672 0.000000 64.815414 0.000820 34.812257 0.002614 0.333219
0.000027 0.000000 0.000559 0.011792 0.008165 0.000136 99.979317
9.454128 0.010047 55.228806 0.182367 30.589491 0.530641 4.004521
0.001448 0.000000 0.105920 86.178004 0.007149 0.498033 13.209450
0.075870 0.000003 99.778604 0.003501 0.141957 0.000061 0.000014
0.003921 0.000020 92.019803 3.742014 0.000059 4.233714 0.000466
0.258489 0.000323 0.774068 1.056209 1.853620 0.000193 96.057099
0.000967 0.000000 99.987608 0.004632 0.000002 0.006794 0.000000
0.000001 0.000000 99.999946 0.000000 0.000053 0.000002 0.000000
0.013089 0.000393 1.821014 0.002599 0.236497 97.925192 0.001215
20.690878 0.000159 46.798647 6.658367 0.002668 25.849271 0.000000
14.348851 0.000081 6.606783 0.037558 38.926938 0.000128 40.079668
0.039529 0.000000 81.652602 0.000167 17.274905 0.000244 1.032544
98.529774 0.000000 0.881328 0.588901 0.000000 0.000000 0.000000
0.150986 0.000001 72.766986 0.029395 11.003124 0.000009 16.049500
0.130719 0.000011 0.665214 5.698136 18.286362 2.671809 72.547750
0.060595 0.000033 98.852903 0.003838 0.678685 0.000425 0.403524
47.755548 0.022599 8.242008 0.001619 40.959874 0.337235 2.681119
0.032728 0.005593 3.277062 4.756662 79.840871 0.007627 12.079449
0.000003 0.000000 99.128109 0.000000 0.848784 0.000000 0.023113
0.900670 0.000046 74.257669 5.803140 3.322020 15.169462 0.546984
0.310894 0.000000 0.120776 0.000441 57.865635 0.000000 41.702255
3.123015 0.051141 54.983726 2.642974 0.483508 38.611173 0.104470
1.745413 0.000132 23.413104 0.030649 49.082807 0.357594 25.370300
0.013559 0.000000 91.698390 0.000001 5.659498 2.622243 0.006317
0.013827 0.000000 99.960154 0.000082 0.025710 0.000000 0.000225
0.002035 0.000000 5.287223 0.000009 94.704742 0.000000 0.005989
6.577570 2.283444 88.293075 0.658442 0.004072 2.159252 0.024153
1.149146 0.005895 37.764022 6.972903 36.897716 0.177723 17.032596
0.000024 0.000000 0.000194 0.000043 99.999738 0.000000 0.000001
0.000492 0.000000 99.517518 0.003382 0.429298 0.000001 0.049314
0.513981 0.000254 29.282305 3.221964 20.910834 0.482869 45.587793
0.000000 0.000000 0.004998 98.506200 0.000000 1.488797 0.000000
0.000151 0.000000 0.027510 0.000000 99.898410 0.000000 0.073928
0.452459 0.002128 7.476348 0.019637 0.000034 92.047995 0.001401
41.318434 0.012398 53.413835 0.001928 5.172268 0.024298 0.056844
7.355662 0.000016 3.408003 0.001220 86.831850 0.003490 2.399763
0.013368 0.000000 0.231099 0.000025 0.002799 0.155451 99.597257
49.097508 0.000114 0.003956 3.316810 2.550287 0.058342 44.972988
0.085426 0.000135 84.468337 0.945727 13.474359 0.078854 0.947150
57.166541 0.000186 2.534021 0.726346 8.482108 0.000921 31.089881
0.029175 0.000000 0.057620 0.269300 8.451514 0.000087 91.192305
0.000000 0.000000 0.020174 0.001090 0.010820 0.000000 99.967921
1.264047 0.000000 37.004196 0.011820 55.506769 0.149682 6.063485
2.014319 0.049353 87.271398 3.418934 6.517805 0.295458 0.432735
0.623126 0.000005 0.751159 0.003769 12.000744 0.001980 86.619215
0.042608 0.000000 6.751967 1.904929 91.300285 0.000213 0.000001
7.576938 0.072880 0.097117 0.071572 91.662687 0.000087 0.518717
0.002684 0.000000 1.032673 76.797205 0.042743 0.206607 21.918085
0.000299 0.000000 3.527855 0.018255 1.866045 0.000009 94.587535
0.114743 0.052273 96.752823 3.069905 0.010245 0.000000 0.000014
0.015219 0.025016 89.004213 7.592757 2.945862 0.000131 0.416800
96.904505 0.005074 1.023391 0.000036 1.014963 0.081729 0.970295
0.000000 0.000000 0.000001 0.000000 99.999976 0.000000 0.000023
39.114290 38.560435 6.511805 0.087935 15.611586 0.052928 0.061025
0.011645 0.000007 0.141763 0.003889 92.636597 0.000000 7.206106
0.000480 0.000000 0.611049 0.000002 0.005206 0.000000 99.383259
0.375375 0.000002 99.355668 0.193023 0.075886 0.000004 0.000037
0.000001 0.000000 21.536191 0.015911 0.000000 78.447896 0.000000
0.007215 0.000011 3.252196 0.000091 95.884240 0.000001 0.856245
4.255825 0.000020 14.184384 3.041712 61.702073 0.215775 16.600209
4.526270 0.000000 0.013205 1.174820 91.142727 0.000002 3.142973
0.233590 0.000002 67.028175 0.000082 28.762415 0.001976 3.973755
0.039640 0.000009 67.539583 2.659958 6.254122 11.008138 12.498551
85.733972 0.001537 0.460983 0.040721 12.491078 0.000007 1.271704
5.602111 0.000000 12.796268 0.000139 21.702182 0.000277 59.899026
0.081305 0.000000 81.215285 18.417891 0.000724 0.284697 0.000101
97.187388 0.000000 2.040984 0.024233 0.747361 0.000000 0.000036
2.229339 0.010767 77.204907 1.221310 19.319388 0.011251 0.003037
0.900670 0.000046 74.257669 5.803140 3.322020 15.169462 0.546984
14.773956 0.000001 0.050519 0.000358 77.625734 0.000000 7.549435
0.004433 0.000317 75.317591 0.377989 0.023856 24.275804 0.000009
6.795047 0.000085 72.967458 14.957947 4.360874 0.236752 0.681844
0.000009 0.000000 99.999106 0.000001 0.000314 0.000562 0.000000
0.007526 0.000000 97.948968 0.000009 2.031849 0.000014 0.011633
4.877940 0.011424 13.942377 0.000470 79.954481 0.000892 1.212416
0.006476 0.000011 8.121755 0.002340 0.006721 91.862631 0.000066
0.102924 0.000147 97.978896 0.045674 0.366582 0.739185 0.766599
0.000015 0.000000 0.027765 53.923351 0.000050 18.351357 27.697462
0.000002 0.000000 18.589004 0.000000 78.423678 0.000001 2.987315
0.000232 0.000000 74.058944 13.673320 0.009741 0.001895 12.255869
0.025548 0.000000 0.026901 95.533758 0.000505 2.164740 2.248550
1.383514 0.032607 68.225167 0.200183 16.580663 0.322390 13.255473
0.001233 0.000000 0.003976 66.500036 0.024295 0.024719 33.445742
7.864102 0.000003 83.559793 0.000009 8.411086 0.000021 0.164990
1.789217 0.226933 56.533402 0.002468 35.301474 0.003671 6.142833
0.005878 0.000000 0.066758 0.002411 0.539446 0.000098 99.385405
3.449607 0.230715 21.829464 0.004977 62.546271 0.936258 11.002713
36.099489 0.000001 0.482857 0.193606 63.193528 0.000003 0.030513
0.000004 0.000000 0.007707 89.214104 10.648894 0.000000 0.129292
0.014215 0.000000 1.060920 97.947913 0.001800 0.972998 0.002153
3.347444 0.014675 86.845302 0.507135 0.027637 9.253406 0.004400
0.000000 0.000000 0.004288 0.000000 0.000000 99.995714 0.000000
53.626031 0.000000 46.201953 0.000009 0.172011 0.000000 0.000000
0.000441 0.000000 86.379600 0.000000 0.002562 0.001142 13.616252
0.000015 0.000000 91.429758 0.004203 0.000000 8.566024 0.000000
4.764798 0.000415 87.206793 0.750724 0.067087 6.761365 0.448822
24.928761 17.055404 57.401580 0.004726 0.524182 0.037495 0.047852
0.000001 0.000000 99.550927 0.449032 0.000031 0.000016 0.000000
1.000866 0.000067 15.985139 0.000155 77.838099 0.000147 5.175528
87.010109 0.192001 11.301655 0.002637 1.482803 0.001949 0.008848
0.287427 0.000005 41.781929 0.154976 1.558654 55.006593 1.210413
3.758080 1.704045 19.314787 0.676366 73.718384 0.020409 0.807926
0.122067 0.000099 5.276832 23.189953 2.724353 0.077185 68.609512
0.006889 0.000001 4.548340 0.000569 28.549302 0.000112 66.894788
17.873903 0.013119 1.069844 0.683594 80.120724 0.000404 0.238413
0.001528 0.000003 0.801825 0.000444 0.039773 99.153894 0.002532
42.915067 0.021133 9.400798 0.008237 38.886604 2.201343 6.566822
0.000009 0.000000 99.999106 0.000001 0.000314 0.000562 0.000000
99.141032 0.000000 0.013086 0.378427 0.346556 0.002973 0.117918
94.131619 0.060214 0.868034 0.104665 0.000093 4.822564 0.012813
3.142348 0.000000 96.857655 0.000000 0.000002 0.000000 0.000000
1.822754 0.045433 21.466583 26.211611 3.422390 0.004100 47.027129
0.039596 0.000003 0.282861 0.275871 0.554517 0.425798 98.421353
0.027012 0.000011 12.662581 84.898186 1.989396 0.007135 0.415683
15.142546 0.012941 54.822681 13.255184 16.062034 0.113603 0.591008
1.743696 0.001432 60.394473 0.006498 26.272291 0.001078 11.580537
0.000046 0.000000 99.993587 0.000077 0.006290 0.000000 0.000001
0.000207 0.000000 94.472582 0.002086 0.000115 5.524628 0.000376
0.000067 0.000000 16.393745 0.000000 83.588403 0.000000 0.017787
1.053156 0.021490 96.337873 0.216975 1.073333 0.016243 1.280930
8.745833 0.000000 0.048543 2.376100 79.005128 0.000150 9.824248
69.850651 22.194413 4.779547 0.002114 3.011945 0.160707 0.000615
1.113106 0.002091 0.241235 38.052031 9.096343 0.791111 50.704080
0.014220 0.000015 0.459450 0.000069 99.303782 0.000014 0.222453
97.864085 0.000077 0.798754 0.237323 1.065330 0.000004 0.034422
89.317836 0.008987 8.878859 0.000000 1.302311 0.000587 0.491414
0.112815 0.000022 0.635974 95.113558 2.521899 0.000307 1.615412
0.000095 0.000000 62.109149 0.000000 26.224035 0.000000 11.666725
0.320920 0.000613 13.445728 0.001725 85.272687 0.000007 0.958325
7.892774 0.002827 9.695821 0.470540 19.210164 0.381144 62.346733
0.000588 0.000001 0.000100 99.893337 0.048631 0.000017 0.057322
0.131728 0.000002 74.387759 0.556205 20.416160 0.000532 4.507610
0.065880 0.000284 94.220536 0.000151 4.194104 0.001481 1.517572
0.624132 0.489320 25.572550 26.155177 22.308299 0.309596 24.540918
10.402389 0.000002 2.424956 0.000073 67.071825 0.000147 20.100608
0.000267 0.000043 0.033290 86.065763 13.900501 0.000000 0.000140
0.000000 0.000000 100.000000 0.000000 0.000000 0.000000 0.000000
0.021102 0.000224 0.090201 8.821171 0.208992 0.001261 90.857053
27.514203 0.000134 0.837233 0.003076 5.647646 0.008929 65.988777
3.752185 0.000023 28.282164 0.000034 50.083777 0.130362 17.751456
13.839988 0.004811 6.652193 0.196591 40.508786 0.001129 38.796505
0.628853 0.004707 55.273330 0.694369 42.580572 0.058587 0.759582
0.061577 0.000000 0.000019 0.000304 0.357892 0.000000 99.580210
0.152278 0.000001 0.031957 0.001338 99.642783 0.000005 0.171632
17.602871 0.025388 12.774915 0.333940 56.706321 0.385101 12.171464
0.002833 0.000000 99.934840 0.004627 0.051256 0.000000 0.006452
0.214794 0.011769 93.328374 0.100672 5.532572 0.782587 0.029238
60.432894 0.007513 38.975807 0.579979 0.003235 0.000561 0.000020
1.510849 0.000113 95.286441 0.138719 0.988536 0.080592 1.994753
19.363786 0.016348 4.853126 0.000070 58.255249 0.000378 17.511044
0.617567 0.000270 14.405095 0.000003 84.865059 0.000128 0.111874
0.099820 0.000004 93.152576 0.002003 0.000804 6.741616 0.003178
26.750198 0.028582 71.277535 0.180640 1.762867 0.000000 0.000181
0.116958 0.000000 0.878545 0.000458 96.743739 0.206278 2.054024
50.385940 0.160168 2.965122 0.003807 0.671561 0.036645 45.776757
39.352084 3.927666 25.159428 0.019804 22.890640 0.835176 7.815197
5.749505 0.069222 19.436182 2.665510 0.008113 72.047774 0.023692
5.964596 0.000079 0.348531 0.000381 66.432406 0.000647 27.253360
99.994290 0.000000 0.000089 0.000000 0.005516 0.000002 0.000111
0.051555 0.000000 3.206585 0.000002 95.423543 0.000000 1.318320
0.946571 0.001326 88.029009 0.004714 9.861840 1.122010 0.034533
0.000044 0.000000 0.000201 0.000002 0.070172 0.000000 99.929583
0.000108 0.000000 99.601585 0.004705 0.000594 0.392906 0.000101
80.813435 10.639330 8.071554 0.001605 0.464323 0.000126 0.009635
1.620823 0.000000 52.215618 0.000001 45.023862 0.060573 1.079130
0.190645 0.000160 84.623116 0.101089 0.247030 14.837654 0.000309
1.325170 0.000284 47.163686 3.649794 2.594362 35.898169 9.368534
0.003036 0.000007 0.176094 0.092742 99.250895 0.000001 0.477227
0.000104 0.000000 99.732125 0.000037 0.262369 0.000803 0.004566
1.594490 0.000000 96.961439 0.010404 1.431865 0.000001 0.001810
0.316976 0.000815 91.001725 2.443590 0.100258 6.051242 0.085403
0.000009 0.000000 0.000003 98.677999 0.000049 0.001961 1.319978
3.737843 0.005868 5.882041 0.411851 33.415618 0.901712 55.645070
12.406701 0.018218 10.723940 0.015162 62.299645 0.002244 14.534086
0.000001 0.000000 41.866797 0.000000 0.000032 58.133167 0.000000
15.028735 1.354483 51.103786 0.064102 29.263638 0.739007 2.446245
0.010006 0.000000 98.874706 0.006193 0.001016 1.107960 0.000125
2.760603 0.005953 13.594617 0.000154 80.714196 0.001165 2.923308
1.702056 0.000273 31.601480 0.100848 16.509141 0.002946 50.083256
3.658530 0.000247 0.310774 4.261144 91.110640 0.000052 0.658611
0.068290 0.000024 55.869848 1.924308 41.776857 0.003603 0.357072
8.049816 0.685549 19.297370 0.145102 69.217924 1.376169 1.228069
1.966805 0.000000 8.928510 0.022231 0.184115 0.589425 88.308918
0.127533 0.000116 15.243372 0.001877 6.967486 0.000111 77.659512
0.957999 0.001651 2.029696 0.267686 96.636068 0.000043 0.106860
0.008404 0.000001 99.352777 0.154766 0.482016 0.000485 0.001553
0.027084 0.000000 0.000000 99.972910 0.000000 0.000000 0.000006
1.297880 0.157361 29.186174 0.135228 66.242254 0.135792 2.845314
0.238593 0.000256 2.438688 16.498753 13.522401 0.003501 67.297804
11.778995 35.987936 8.446166 0.321446 30.289149 0.021884 13.154417
0.005013 0.000000 0.095001 0.000038 3.793432 0.000005 96.106511
0.000000 0.000000 100.000000 0.000000 0.000000 0.000000 0.000000
0.000081 0.000000 99.389142 0.000006 0.000000 0.610766 0.000000
0.010957 0.000000 91.983163 0.000346 0.008553 7.996345 0.000635
0.026829 0.000000 93.622303 0.000673 0.000000 6.350197 0.000001
0.000000 0.000000 60.912526 0.000000 0.000194 39.087284 0.000000
28.864561 0.024654 44.912576 0.006922 23.297061 0.024712 2.869513
0.068427 0.000003 10.717333 88.815416 0.359836 0.037312 0.001669
0.000381 0.000000 45.873899 0.174381 0.000182 53.951156 0.000000
4.324269 0.000007 30.440918 0.000003 9.062256 0.000007 56.172544
0.000000 0.000000 34.634458 0.018966 65.346346 0.000000 0.000226
0.010784 0.000001 1.322976 0.019548 95.195752 0.000000 3.450934
0.001411 0.000000 0.034842 0.146920 10.676619 0.000000 89.140206
3.064210 0.017299 49.312317 0.002283 46.066481 0.072929 1.464477
0.360494 0.000002 1.083864 0.039039 0.006585 93.817889 4.692128
12.714632 0.000005 1.232779 0.010056 28.967819 0.000096 57.074618
0.000005 0.000000 0.084554 0.000008 0.000000 99.915433 0.000001
0.083300 0.000000 99.693489 0.071082 0.000009 0.152110 0.000000
0.165616 0.000159 71.314383 0.000260 28.515449 0.003759 0.000379
0.000000 0.000000 0.000011 99.993193 0.000000 0.006793 0.000000
5.217357 0.001581 38.119697 0.018993 13.275804 42.535743 0.830824
0.520233 0.000011 5.682555 0.000325 73.305964 0.000208 20.490704
0.028438 0.000000 99.899381 0.000791 0.034188 0.000360 0.036843
0.042343 0.000000 94.059533 0.002260 5.371990 0.002496 0.521377
4.730532 0.000347 45.115528 0.009800 27.835748 0.016108 22.291939
0.192543 0.000040 3.476583 19.111596 3.068399 74.138395 0.012441
29.451328 0.000027 67.908839 0.213083 2.371863 0.053863 0.000992
0.011362 0.000000 16.320689 0.000001 80.090827 0.000000 3.577123
0.174557 0.000000 2.444415 5.134336 0.110793 23.745954 68.389946
0.000033 0.000000 3.541834 0.000000 96.458137 0.000000 0.000000
3.027717 0.004700 25.642511 0.080564 70.984522 0.001694 0.258288
48.949677 0.004203 36.959183 0.000887 11.102434 1.887303 1.096319
0.316841 0.002195 27.394153 0.000393 71.972404 0.006405 0.307607
0.753113 0.000080 30.524689 0.026404 11.264265 0.566497 56.864953
0.086804 0.000036 0.045615 0.822632 4.506536 0.000051 94.538325
0.000538 0.000000 98.641193 0.000271 1.310298 0.000006 0.047688
0.000044 0.000000 99.663347 0.334153 0.001067 0.001390 0.000000
1.823330 0.021094 96.733731 1.061679 0.281699 0.068956 0.009511
83.436890 0.044507 4.828885 0.000823 9.521556 0.000301 2.167037
24.613379 0.008465 16.446133 0.000012 27.446628 0.000303 31.485087
11.780202 0.001094 87.525941 0.048167 0.611732 0.008954 0.023902
0.452677 0.000002 0.007470 0.000089 2.097569 0.000225 97.441971
41.862209 9.172317 29.640242 0.013286 17.629258 0.686578 0.996105
0.020808 0.000022 97.231764 1.762478 0.984532 0.000000 0.000397
17.610969 0.051067 5.597726 0.018557 44.218525 0.143920 32.359233
0.002400 0.000000 0.962189 0.000019 99.005300 0.000000 0.030094
0.170704 0.000029 0.119818 93.284368 0.005216 0.656423 5.763447
58.705002 0.086080 8.173336 0.024817 16.666967 15.517329 0.826467
0.354246 0.000085 79.765817 0.006835 17.173230 2.474742 0.225039
0.000648 0.000000 97.244948 0.751743 0.102792 0.000004 1.899862
0.000758 0.000000 99.948663 0.000269 0.042095 0.000301 0.007914
0.000014 0.000000 99.980956 0.000251 0.001663 0.017107 0.000007
0.373096 0.024765 97.871357 0.000342 0.001550 1.728891 0.000003
15.743601 0.000000 52.856624 0.000000 28.019038 0.000018 3.380721
0.040595 0.000042 2.092616 0.000001 97.866631 0.000000 0.000115
0.023092 0.000000 0.613323 0.000000 3.805517 0.000000 95.558065
0.000007 0.000000 0.044571 0.000000 99.948394 0.000000 0.007028
0.048484 0.000000 62.173140 0.000120 26.649290 0.476025 10.652940
0.023502 0.000000 0.352994 6.758868 64.407092 0.000018 28.457525
0.027036 0.000768 92.035795 0.240266 7.576566 0.013572 0.105989
0.122017 0.005754 5.890564 0.028765 92.407209 0.000055 1.545640
0.083915 0.000000 0.006489 1.132672 0.607297 0.005218 98.164409
0.000000 0.000000 0.202027 0.000214 99.790996 0.000000 0.006768
0.421860 0.000000 0.148128 0.000406 2.335927 0.000242 97.093439
1.977296 0.000038 0.263384 93.747824 3.298206 0.015322 0.697933
44.819832 0.000273 17.590431 0.017014 0.573699 36.987590 0.011165
0.030068 0.000000 93.967170 4.030286 0.000234 1.972242 0.000000
0.000000 0.000000 99.999952 0.000000 0.000017 0.000029 0.000000
3.378756 0.000293 95.089764 0.527445 0.506498 0.000958 0.496282
1.261673 0.000160 90.913933 0.249973 3.188528 0.901946 3.483791
14.420404 0.001992 10.341243 0.000092 64.416760 0.003769 10.815740
8.143951 0.308271 45.380912 0.000009 45.287505 0.000314 0.879026
100.000000 0.000000 0.000000 0.000000 0.000000 0.000000 0.000000
1.494939 0.000612 6.721690 1.888481 72.866580 0.052542 16.975157
0.130335 0.000686 98.575693 0.100145 0.319519 0.871019 0.002602
0.910879 0.000001 91.135585 0.527804 0.021719 7.384242 0.019769
66.834311 0.004416 23.388457 4.320274 4.839341 0.070227 0.542963
0.001373 0.000000 26.407078 0.001220 73.372030 0.000011 0.218289
0.984304 0.022299 94.300490 1.374413 0.255658 2.750518 0.312322
20.783370 0.032432 77.589878 1.170276 0.404277 0.007473 0.012291
0.000270 0.000000 99.999696 0.000029 0.000000 0.000008 0.000000
0.000024 0.000000 0.001057 0.020590 0.174064 0.000175 99.804086
0.055548 0.000000 0.084986 0.044475 2.195568 0.001004 97.618413
3.349392 0.040847 37.181711 0.013050 27.238286 0.007451 32.169265
0.000000 0.000000 99.999946 0.000006 0.000047 0.000000 0.000000
5.361206 0.013285 47.676850 0.886104 0.227790 45.801095 0.033660
31.508164 0.021755 0.318370 3.409426 0.991142 0.017147 63.733993
0.007502 0.000000 0.000010 0.000043 60.394984 0.000000 39.597461
0.098636 0.006799 99.829477 0.004079 0.053972 0.006952 0.000090
19.870147 0.006531 28.423107 2.123128 32.339096 0.012128 17.225865
82.380944 0.000243 17.567427 0.023714 0.026644 0.001023 0.000007
88.545495 0.000000 2.322333 0.000000 9.076211 0.000001 0.055954
98.849350 0.000038 0.557489 0.013090 0.579812 0.000025 0.000203
0.000046 0.000000 99.572891 0.406240 0.016752 0.000601 0.003469
5.436233 0.001103 82.644360 0.312050 6.262561 0.001292 5.342407
1.042430 0.000028 98.088366 0.000668 0.057206 0.316141 0.495158
0.017807 0.000001 17.399277 0.155269 36.356702 0.022482 46.048468
0.003090 0.000000 0.995847 0.000008 0.000755 99.000150 0.000148
87.315612 0.000243 12.624016 0.000003 0.060126 0.000007 0.000002
14.272626 11.938901 70.179796 0.552559 1.647426 0.254469 1.154227
1.676036 0.000003 0.852204 0.004095 38.834392 0.000052 58.633221
0.202031 0.000000 35.813075 6.714848 0.000000 57.270050 0.000000
0.182620 0.000002 0.044689 0.363664 6.496323 0.004199 92.908501
0.009786 0.000000 77.448779 0.000136 22.459607 0.000034 0.081656
31.555109 0.018755 65.706388 0.209497 0.200608 0.292487 2.017157
5.589961 0.115893 2.733223 0.086516 84.757458 0.001847 6.715104
0.115841 0.066351 99.613953 0.015833 0.176558 0.000002 0.011464
18.401854 0.561392 6.364003 0.085197 68.439933 0.020434 6.127192
0.000801 0.000000 0.108280 0.000160 0.000011 99.890745 0.000001
0.000000 0.000000 99.999636 0.000000 0.000000 0.000365 0.000000
78.259349 0.091593 21.454543 0.000093 0.103311 0.087238 0.003873
0.055249 0.000000 0.033631 99.687910 0.000001 0.014024 0.209186
89.186668 0.000035 9.839412 0.000085 0.000977 0.954170 0.018655
0.005485 0.000000 0.039409 0.000973 0.000000 99.954128 0.000000
0.578607 0.006519 98.702258 0.069190 0.007584 0.632350 0.003492
0.001102 0.000000 62.143517 0.004339 0.015090 37.785926 0.050024
0.000028 0.000000 94.784808 5.197080 0.000132 0.007267 0.010692
0.923529 0.000006 93.951219 0.009033 0.011985 5.103698 0.000532
0.000408 0.000000 38.588765 6.461728 0.000035 54.949069 0.000000
20.757314 0.000000 79.176458 0.000000 0.054936 0.010935 0.000347
0.000000 0.000000 99.999887 0.000000 0.000067 0.000048 0.000000
0.018527 0.000001 98.782456 1.151209 0.000604 0.047190 0.000014
0.000002 0.000000 99.889022 0.000011 0.000031 0.110904 0.000029
6.394434 0.000000 56.296799 0.000055 37.034165 0.274336 0.000211
0.562351 0.000209 66.678522 0.077612 0.006759 32.663419 0.011128
33.327874 0.002013 26.837541 2.371167 1.974537 35.276969 0.209906
0.014365 0.000043 99.614847 0.107794 0.261885 0.000117 0.000945
0.111419 0.000096 0.591328 1.203419 0.869658 0.057762 97.166324
0.112809 0.000253 91.829164 0.336776 1.989868 0.094198 5.636918
0.003371 0.000000 0.000194 97.802162 0.000778 0.072293 2.121203
31.555109 0.018755 65.706388 0.209497 0.200608 0.292487 2.017157
99.890804 0.000000 0.107158 0.000001 0.000000 0.002037 0.000002
4.637746 0.483999 26.041362 0.009603 45.779780 0.030369 23.017137
1.537883 0.000000 76.787679 0.000005 21.498935 0.039270 0.136228
0.004547 0.000007 95.801466 0.000434 4.151605 0.002398 0.039539
42.284715 0.000002 1.904154 0.000018 45.762318 0.000000 10.048794
0.001672 0.000008 95.848340 0.000717 3.919119 0.000001 0.230143
0.002955 0.000000 10.737986 0.200342 0.892396 1.062852 87.103467
0.000001 0.000000 43.607509 0.000423 0.000000 56.392068 0.000000
1.154403 0.000001 32.455760 0.004843 35.028821 0.000006 31.356168
0.001664 0.000029 84.218477 0.006868 0.155732 0.001780 15.615451
4.808392 0.000090 6.809023 0.060333 7.203384 5.762227 75.356549
0.002056 0.000000 0.843373 0.000020 0.541159 0.000470 98.612922
0.414061 0.000000 33.170119 64.706898 1.229595 0.006360 0.472968
0.590203 0.018585 62.892663 0.003980 35.955307 0.002804 0.536458
16.283403 0.709046 17.237638 0.010211 57.489389 0.040134 8.230183
0.004909 0.000000 99.985683 0.000176 0.000000 0.009232 0.000000
0.030749 0.000000 0.339641 0.001005 0.693861 0.000023 98.934722
4.535329 0.538230 0.676285 31.639746 1.715264 1.424774 59.470373
8.556301 0.030995 47.446519 0.067224 1.206295 42.586952 0.105714
0.045979 0.000000 55.761284 0.000112 44.179282 0.000000 0.013339
0.219199 0.000000 14.317669 0.001791 6.832808 0.005416 78.623113
51.478666 0.000391 6.764430 7.658166 32.514571 0.000814 1.582957
0.129976 0.033154 93.947971 0.001972 5.658201 0.000004 0.228719
4.255825 0.000020 14.184384 3.041712 61.702073 0.215775 16.600209
0.000006 0.000000 0.000085 0.000000 99.987590 0.000000 0.012322
0.015217 0.000000 3.256097 0.000066 95.495660 0.000000 1.232958
84.354460 0.041006 15.155235 0.022462 0.426660 0.000000 0.000178
0.075939 0.000174 6.910609 0.082114 1.213802 90.605252 1.112112
16.498675 0.005133 60.823388 21.631048 0.362355 0.678850 0.000556
3.209325 0.000063 28.123111 0.397786 59.154099 0.013708 9.101904
5.033606 0.004671 94.845110 0.000557 0.083175 0.032109 0.000773
7.332583 0.003121 85.151108 0.115261 6.887905 0.000528 0.509487
0.005531 0.000000 99.018496 0.060838 0.524969 0.062224 0.327940
27.619043 0.020509 50.509560 0.031229 17.842081 2.751467 1.226101
2.955971 0.000007 94.996762 0.129977 1.912665 0.000000 0.004619
0.010957 0.000000 8.356247 0.000214 0.001352 91.630858 0.000372
0.013331 0.000033 10.537808 0.024847 0.048767 89.374989 0.000228
0.009845 0.000000 18.547128 7.093379 3.616027 0.009923 70.723701
2.443845 0.000000 8.351168 0.000002 75.943935 0.000010 13.261038
2.562679 0.047403 71.640049 0.001979 25.087382 0.010104 0.650408
17.616918 0.021638 79.848918 0.008243 2.453559 0.044060 0.006659
0.001234 0.000010 99.910891 0.000298 0.077982 0.009586 0.000000
0.058233 0.000004 83.995754 0.038592 0.000541 15.906863 0.000006
15.558204 0.177858 66.392666 0.000148 17.176907 0.011784 0.682430
0.102914 0.000013 99.037153 0.374372 0.000397 0.485157 0.000000
0.933460 0.000000 82.838692 0.000162 9.152489 0.000354 7.074843
0.018025 0.000000 99.981743 0.000233 0.000000 0.000000 0.000000
0.161418 0.000000 86.772561 0.000000 2.906188 10.106071 0.053764
84.509462 0.000001 0.054180 0.041740 1.682168 0.000019 13.712430
1.555697 0.000000 84.438044 13.713224 0.095253 0.196503 0.001276
7.644710 0.000898 8.439506 0.000501 82.384032 0.011713 1.518638
3.660201 0.000975 95.906478 0.002539 0.428676 0.000175 0.000960
0.000000 0.000000 1.152114 0.004167 0.000000 98.843724 0.000000
15.751784 0.000000 3.184904 3.808313 27.764651 0.003196 49.487153
0.000310 0.000000 0.090982 0.062787 0.000000 99.845922 0.000000
0.175366 0.000075 79.186237 0.000007 19.604048 0.000277 1.033998
0.000000 0.000000 1.305047 0.000208 0.000000 98.694748 0.000000
0.001431 0.000065 99.707770 0.000091 0.288034 0.002257 0.000352
36.576243 0.529033 7.552771 0.018928 39.050239 0.071632 16.201157
0.027771 0.000842 0.362349 86.406372 2.289540 0.091723 10.821406
36.401424 0.009068 17.989193 0.043633 28.890993 1.474663 15.191035
0.073791 0.000001 99.678886 0.080523 0.055727 0.110345 0.000729
0.283686 0.000041 67.802566 1.187067 28.590488 0.179090 1.957063
0.000000 0.000000 15.919259 3.217641 0.000000 80.863100 0.000000
2.527872 0.000002 65.138809 0.016827 30.843751 0.586801 0.885938
0.000143 0.000000 0.040329 0.000214 90.623295 0.000000 9.336019
0.000000 0.000000 0.000000 0.000000 0.021499 0.000000 99.978501
0.065793 0.000000 62.635803 0.053621 0.152056 36.980334 0.112391
0.474542 0.001226 98.094112 0.121294 0.903274 0.066851 0.338694
0.000007 0.000000 1.250994 0.000037 0.633140 0.002503 98.113316
0.000908 0.000000 97.134507 0.000033 0.000059 2.859543 0.004951
99.999666 0.000000 0.000261 0.000001 0.000043 0.000000 0.000033
0.136310 0.000046 99.862075 0.001415 0.000018 0.000135 0.000000
0.037397 0.000000 0.893970 0.000902 97.094268 0.000004 1.973458
99.537212 0.000010 0.196217 0.237762 0.006437 0.022244 0.000117
0.018008 0.000005 95.919389 0.000001 4.029811 0.000005 0.032780
0.000006 0.000000 99.999964 0.000031 0.000000 0.000000 0.000000
1.592719 0.000015 2.292464 0.046644 0.000001 96.068156 0.000000
0.003990 0.000001 99.424380 0.025392 0.516229 0.000011 0.029999
0.022046 0.000000 0.298847 0.014597 3.181874 0.000225 96.482408
0.001175 0.000000 16.864916 77.224486 0.211595 5.662948 0.034882
0.000444 0.000000 0.611675 0.000207 0.000000 99.387676 0.000000
1.283281 0.000010 98.397649 0.309610 0.003763 0.005684 0.000000
0.006292 0.000588 99.978167 0.000639 0.010771 0.000803 0.002742
0.940657 0.000000 2.658668 0.000367 27.215353 0.000014 69.184941
0.000000 0.000000 99.734735 0.001415 0.000000 0.263849 0.000005
0.005177 0.000123 0.439320 0.004344 99.549460 0.000000 0.001568
0.003346 0.000000 97.160012 0.000003 0.000214 2.836210 0.000218
0.000010 0.000000 99.998248 0.000004 0.000000 0.001736 0.000000
0.059332 0.000000 49.395499 0.286102 0.501009 49.735361 0.022704
0.220232 0.000041 4.450360 0.001837 52.964112 0.000002 42.363420
0.057485 0.000688 99.650830 0.001466 0.279157 0.002079 0.008293
1.276251 0.000125 5.627180 0.132732 17.220181 0.042602 75.700931
0.192334 99.799758 0.004522 0.000000 0.000715 0.002545 0.000127
0.000436 0.000000 0.009557 91.091175 0.012656 0.167715 8.718459
26.939559 0.442865 14.311537 2.199200 2.653717 16.541518 36.911604
0.001778 0.000000 0.000045 99.997401 0.000543 0.000000 0.000237
0.000238 0.000000 99.924290 0.000000 0.031764 0.043712 0.000001
0.000046 0.000000 99.572891 0.406240 0.016752 0.000601 0.003469
1.950532 0.000000 0.000075 0.000000 0.907903 0.000000 97.141492
0.000000 0.000000 0.000001 0.000010 0.024865 0.000000 99.975127
83.110767 12.333295 1.386721 0.033745 0.746914 2.229726 0.158833
0.268128 0.111950 96.602130 0.001966 2.737513 0.272294 0.006026
4.801005 0.000000 1.028134 0.003917 51.726693 0.004162 42.436096
76.052301 0.000094 1.684564 0.001164 0.116505 0.196537 21.948840
0.000001 0.000000 4.184971 0.000000 0.000003 95.814645 0.000383
1.824645 0.000000 0.066295 0.001446 9.408107 0.000001 88.699508
0.003032 0.000000 3.186297 0.013421 92.402005 0.000000 4.395244
0.134932 0.000000 0.598397 0.000538 1.086462 0.000431 98.179239
9.205283 0.035055 49.010542 0.267445 10.014616 1.367841 30.099210
1.771154 0.006321 1.831637 0.811928 8.293878 0.053435 87.231648
0.000010 0.000000 0.051855 0.000018 0.636310 0.000000 99.311805
0.371771 0.000000 0.015176 98.767382 0.070294 0.000052 0.775326
0.231643 0.000014 0.667133 0.736363 98.307985 0.000007 0.056857
0.000001 0.000000 99.999475 0.000010 0.000476 0.000021 0.000016
1.831697 0.108154 73.022372 4.728594 8.445222 0.028123 11.835842
0.320501 0.000011 0.219089 0.000199 99.460137 0.000000 0.000064
16.091044 36.889279 28.428268 0.003488 18.559240 0.001537 0.027146
3.744722 0.000195 1.038408 0.087039 54.727644 0.000037 40.401959
0.005034 0.000000 99.817324 0.048698 0.002312 0.112385 0.014248
0.050136 0.000000 99.861234 0.057253 0.031200 0.000069 0.000114
0.116639 0.000259 90.249866 0.007267 2.363017 0.022564 7.240388
0.664071 0.000000 80.056638 0.000000 17.918459 0.000000 1.360836
0.514188 0.003595 96.786022 2.668973 0.019679 0.004269 0.003275
0.001173 0.000002 5.945108 0.002709 0.000642 94.050157 0.000213
19.446489 1.420652 30.785084 0.025623 39.394459 0.807864 8.119827
0.831156 0.000003 78.211447 0.000180 13.662952 0.000413 7.293858
0.026745 0.000000 74.220055 4.917995 0.003489 20.828615 0.003104
0.162404 0.000000 0.165294 0.365668 0.423345 0.000117 98.883170
0.000000 0.000000 99.999654 0.000001 0.000345 0.000000 0.000000
0.000000 0.000000 0.000691 0.000000 99.999309 0.000000 0.000001
1.843005 0.004408 84.841221 0.251460 7.380544 0.016796 5.662565
0.116523 0.000000 42.342728 0.000388 55.769196 0.000017 1.771146
0.209394 0.014129 97.116333 0.000023 2.638683 0.001772 0.019666
0.047472 0.002402 99.369967 0.009351 0.266627 0.257494 0.046685
0.187488 0.000025 51.077449 0.581121 0.139411 47.998279 0.016229
92.459827 0.000019 7.537958 0.000031 0.002167 0.000000 0.000000
0.045591 0.000005 96.586525 0.236942 2.214063 0.001361 0.915516
0.383343 0.000000 0.085941 0.002186 0.000030 99.528498 0.000001
0.001179 0.000000 6.198686 0.000001 0.015616 93.776035 0.008482
7.702059 12.591548 74.968117 3.226529 0.600851 0.865655 0.045238
0.008652 0.000099 2.047846 3.104130 0.053091 94.776988 0.009197
60.182724 0.285396 15.603233 0.556760 4.300450 3.314216 15.757216
77.795866 0.000000 3.313090 0.000820 2.557627 0.755779 15.576815
8.816867 0.002656 83.843050 0.385593 3.412505 0.312218 3.227115
0.002558 0.000000 99.990004 0.000297 0.000274 0.006869 0.000000
0.004337 0.000000 5.220748 0.114214 3.085278 1.187260 90.388161
0.000210 0.000001 39.710208 57.804683 2.316105 0.000485 0.168312
14.480671 0.001113 3.531406 0.098548 37.954862 0.193763 43.739633
0.000052 0.000000 99.774170 0.000000 0.028813 0.000058 0.196905
90.533847 0.000006 9.411470 0.006813 0.047689 0.000012 0.000160
70.296888 0.636627 21.728898 0.408986 6.846863 0.062454 0.019290
0.020276 0.000000 0.000000 0.000000 3.754275 0.000000 96.225446
0.393238 0.012380 89.496646 0.455040 0.196257 9.446248 0.000195
0.065551 0.000000 97.609240 0.019490 0.000006 2.305710 0.000000
0.000012 0.000000 99.307573 0.000000 0.000001 0.146856 0.545563
0.419113 0.000004 91.109842 2.625351 5.782118 0.000020 0.063560
0.491437 0.000068 49.179816 0.278108 0.233049 0.462178 49.355337
9.614486 0.004631 8.738867 0.195747 49.046373 0.015628 32.384264
0.000004 0.000000 0.020572 0.000001 0.000000 99.979419 0.000001
0.274060 0.000240 20.756765 1.542788 4.601897 0.012657 72.811598
26.258814 0.003365 7.237005 0.000448 57.604611 0.020928 8.874826
76.376121 0.525949 21.183710 0.000161 1.222556 0.001441 0.690062
0.000467 0.000000 86.444312 0.189759 0.418014 0.001706 12.945744
16.890591 0.007431 21.064407 0.442503 32.120740 0.128693 29.345631
0.000654 0.000000 85.186650 0.108438 0.077517 14.626164 0.000567
0.000000 0.000000 99.999970 0.000000 0.000031 0.000000 0.000000
0.000962 0.000000 37.184823 0.744663 62.069547 0.000000 0.000005
99.914968 0.000000 0.085036 0.000003 0.000000 0.000000 0.000000
0.000000 0.000000 0.000537 0.000000 0.000000 99.999464 0.000000
0.119904 0.000009 5.898617 0.294464 83.627921 0.027563 10.031521
0.551856 0.000004 0.037959 97.249615 0.018289 0.039839 2.102441
0.006371 0.000002 7.610937 0.000002 92.208391 0.000000 0.174297
1.769772 0.003420 97.973716 0.094639 0.000354 0.158103 0.000003
0.000003 0.000000 93.866247 0.000000 6.133227 0.000000 0.000525
0.000824 0.000000 20.350017 0.000000 45.672700 0.001041 33.975412
0.161614 0.000000 0.011090 1.053517 0.000000 98.773777 0.000001
0.000385 0.000000 99.998522 0.000026 0.001069 0.000000 0.000000
0.001401 0.000000 99.823242 0.000000 0.030425 0.121474 0.023461
1.055488 0.000001 7.037172 0.014466 19.684142 0.000770 72.207963
0.001087 0.000000 99.634689 0.060129 0.005033 0.282002 0.017065
0.133269 0.000000 2.221752 0.001703 0.103014 1.992449 95.547813
0.005330 0.000000 29.947004 0.006774 41.109145 0.403252 28.528497
1.095738 0.000143 2.191782 0.970271 27.703258 0.324192 67.714614
75.164548 3.431407 17.637516 1.056997 2.616962 0.007165 0.085401
0.341701 0.000026 52.803433 0.001433 46.736556 0.000250 0.116606
0.000004 0.000000 2.576173 0.000004 0.007835 97.415978 0.000006
0.000728 0.000000 0.824787 0.000043 99.173599 0.000000 0.000839
0.000025 0.000000 99.871051 0.052229 0.015494 0.021017 0.040184
0.146332 0.000000 0.011821 0.106805 0.829157 0.000019 98.905867
0.543861 0.000209 30.268368 0.137124 23.435780 1.196907 44.417748
10.387773 0.000000 0.004017 0.000592 4.148313 0.000001 85.459303
0.009118 0.000001 68.611131 0.000810 3.784183 27.594702 0.000055
0.000003 0.000000 99.758363 0.000029 0.000195 0.241076 0.000325
0.047438 0.000006 0.005659 0.015569 64.338803 0.000000 35.592529
0.459401 0.000042 8.915990 0.128086 0.000249 90.496063 0.000173
0.001006 0.000071 89.762402 1.076559 7.746601 0.000375 1.412984
0.000000 0.000000 0.045796 0.000161 0.000041 0.003800 99.950206
1.576643 0.000139 55.309427 0.000011 43.065116 0.000000 0.048664
2.838386 0.006398 48.751438 0.109021 0.023637 48.266113 0.005005
0.000006 0.000000 62.683284 0.000000 31.612048 0.000149 5.704515
5.162228 0.036033 65.380738 0.000051 26.009017 0.000062 3.411861
0.113293 0.000000 8.407804 0.005453 18.952791 15.646711 56.873953
0.000000 0.000000 0.000142 0.000000 99.999857 0.000000 0.000000
0.676518 0.000000 99.323022 0.000028 0.000362 0.000060 0.000000
1.120828 0.001029 32.811052 34.276822 21.001601 8.472890 2.315776
0.187647 0.000073 0.194315 0.035993 99.549556 0.019095 0.013317
2.249726 0.000076 15.348331 0.154044 82.238617 0.000013 0.009188
0.342304 0.038084 97.119105 0.000109 0.000908 2.499497 0.000002
0.000009 0.000000 99.994844 0.000002 0.000486 0.004663 0.000000
3.636819 0.001560 87.629616 0.001691 8.185168 0.510296 0.034855
0.000031 0.000000 1.776127 0.000008 0.000000 98.223835 0.000000
0.082593 0.000000 99.836045 0.023429 0.053739 0.000024 0.004169
0.000000 0.000000 0.000000 0.000000 99.860364 0.000000 0.139631
0.000001 0.000000 0.008601 0.000002 0.000491 99.990302 0.000603
0.004977 0.000000 24.170183 0.000000 75.817362 0.000000 0.007483
1.647836 0.000044 76.892477 0.000004 21.274699 0.087065 0.097879
0.000915 0.000000 0.020840 0.013792 0.000758 99.639684 0.324012
2.443147 0.000199 3.652573 0.000153 87.460446 0.000000 6.443488
0.018925 0.000099 97.180700 0.000065 2.749978 0.000118 0.050109
45.499441 0.000000 0.002587 0.148768 1.155850 0.007651 53.185701
0.065125 0.000001 12.184090 0.020082 44.775531 0.002050 42.953128
66.116172 0.000219 18.813781 0.000001 7.800527 0.000028 7.269267
54.362527 0.000049 23.165968 2.324936 0.090699 19.374995 0.680833
0.000554 0.000000 99.771619 0.000005 0.016322 0.211496 0.000004
97.938681 0.000000 2.016446 0.010696 0.034124 0.000000 0.000058
4.031345 0.000378 22.596405 0.000307 71.437478 0.008080 1.926008
67.576659 0.040392 31.568521 0.022290 0.006702 0.785413 0.000026
0.000000 0.000000 100.000000 0.000000 0.000000 0.000000 0.000000
0.129534 0.000463 0.758392 0.166818 0.001955 98.942160 0.000681
9.249135 0.006129 0.129033 0.823982 10.918447 0.001157 78.872114
3.561814 0.500736 43.146649 0.007578 38.180125 0.311575 14.291517
0.001894 0.000000 2.788888 0.017044 55.475247 0.000012 41.716918
12.689972 0.383687 74.038601 12.538327 0.072942 0.024698 0.251775
0.106802 0.000023 99.688488 0.008195 0.042662 0.153682 0.000147
27.685359 0.003622 4.462088 0.072794 41.732293 0.228397 25.815445
8.504353 0.105785 21.365866 0.075703 60.383105 1.865143 7.700046
0.006756 0.000000 0.000005 99.672580 0.108277 0.000085 0.212297
5.898447 0.000040 93.100000 0.893551 0.107887 0.000010 0.000061
24.711280 0.000000 0.000734 0.109456 0.004060 0.000255 75.174224
0.000457 0.000000 68.896292 0.000000 30.896779 0.000000 0.206472
9.108438 0.013666 31.249270 30.334115 28.687569 0.000000 0.606939
80.760854 0.254709 18.799943 0.088887 0.085246 0.010356 0.000004
0.760238 0.001023 87.471896 0.121080 0.000135 11.645573 0.000058
0.213604 0.000001 56.189734 0.000148 42.260021 0.000097 1.336396
8.568987 0.004766 60.461932 0.441435 30.421251 0.000031 0.101597
11.721276 0.000309 0.475378 1.533400 11.557472 0.266117 74.446052
1.931305 0.000255 0.525779 0.002982 27.114105 0.000171 70.425403
51.908713 0.004626 19.579845 0.093978 0.098688 22.001291 6.312854
0.013932 0.000000 99.903619 0.079131 0.003173 0.000040 0.000106
0.022892 0.000008 0.070358 0.166913 0.000024 99.739432 0.000377
0.009925 0.000003 53.062510 0.329066 0.000020 46.598476 0.000003
0.000000 0.000000 100.000000 0.000000 0.000001 0.000000 0.000000
0.233864 0.000093 58.186573 0.364420 39.598522 0.000628 1.615901
0.015301 0.000000 5.065794 0.000159 78.851736 0.009783 16.057229
8.643700 0.000376 49.898538 0.000067 39.809506 0.150373 1.497444
36.870886 0.607578 27.731341 0.009813 33.883853 0.001965 0.894570
0.786924 0.000164 70.711607 27.959763 0.424816 0.011503 0.105228
22.711503 0.086556 49.665633 0.085567 0.106854 27.339077 0.004814
0.000002 0.000000 99.431628 0.000111 0.010307 0.554373 0.003584
0.083598 0.000000 98.477376 0.028289 1.408650 0.000000 0.002089
3.210689 0.016880 76.579514 0.132453 1.201486 8.392432 10.466547
0.000003 0.000000 0.000064 99.963766 0.002806 0.000064 0.033293
2.726184 0.000139 86.344706 0.803174 3.674596 1.796693 4.654507
0.118071 0.000000 34.823757 54.497069 10.371208 0.180711 0.009184
0.089691 0.000000 98.078722 0.010824 0.037321 1.783254 0.000190
52.168423 0.000766 8.428976 3.050741 0.045193 36.304702 0.001193
0.000003 0.000000 99.813074 0.000000 0.161088 0.001039 0.024792
14.426145 52.013284 0.540614 0.121057 32.890583 0.000000 0.008324
0.000000 0.000000 0.076886 0.000084 0.000000 99.923033 0.000000
0.142952 0.000026 86.310852 1.612448 0.033478 11.900201 0.000038
0.000243 0.000000 98.130941 0.661257 0.307369 0.003195 0.896997
0.467065 0.000000 17.367466 78.428614 3.628721 0.000004 0.108129
0.486122 0.000187 98.326957 0.000013 1.184977 0.000676 0.001075
0.016833 0.000007 10.442200 0.067869 0.005262 87.436413 2.031415
5.549408 0.900245 13.832417 23.650385 27.848914 27.037987 1.180639
0.000013 0.000000 7.520279 92.479491 0.000210 0.000007 0.000000
0.000000 0.000000 99.999869 0.000000 0.000000 0.000120 0.000010
0.859076 0.010237 19.406883 0.627431 72.854093 0.006413 6.235863
0.000020 0.000000 1.430156 0.000006 0.000000 98.569816 0.000000
2.289194 0.000476 0.780134 0.007916 15.405960 0.004033 81.512290
20.182301 7.849429 32.151826 0.133676 34.681611 0.043615 4.957547
3.186936 0.001956 0.292126 27.009970 0.457310 0.003915 69.047785
2.020651 0.003768 15.937971 9.444424 1.036838 0.502878 71.053469
0.000000 0.000000 100.000000 0.000000 0.000000 0.000000 0.000000
99.838626 0.003637 0.154355 0.000165 0.000817 0.002394 0.000002
0.000287 0.000000 99.132401 0.035509 0.829222 0.000000 0.002588
0.000000 0.000000 0.993405 0.000002 99.006593 0.000000 0.000000
0.007488 0.000000 0.002101 0.009404 0.194408 0.000004 99.786597
0.944211 0.000610 94.794673 0.074685 0.004415 4.181209 0.000203
0.007058 0.000000 0.092120 1.649975 0.680419 0.001113 97.569317
0.559067 0.000008 74.554205 0.004683 4.166151 0.030431 20.685455
0.000598 0.000001 99.913102 0.001095 0.005127 0.078181 0.001893
5.165902 0.000320 94.832045 0.000530 0.000234 0.000971 0.000000
0.000453 0.000000 96.097230 0.000009 0.104695 3.797610 0.000002
0.977405 0.032126 41.226709 0.183134 0.011451 57.568461 0.000717
96.738767 0.008969 3.191522 0.000358 0.060381 0.000000 0.000003
0.000000 0.000000 0.000003 0.000000 0.000000 100.000000 0.000000
72.928631 0.000068 0.032396 0.981371 26.047492 0.000003 0.010040
92.620730 2.374881 4.872957 0.000001 0.126471 0.004501 0.000463
0.005517 0.000000 99.414331 0.003733 0.045211 0.530822 0.000384
100.000000 0.000000 0.000001 0.000000 0.000000 0.000000 0.000000
4.600608 0.027319 94.592953 0.197123 0.083845 0.495736 0.002417
77.028525 0.003593 0.097548 0.000020 21.670528 0.000185 1.199603
0.001037 0.000000 95.818847 0.000000 0.001906 4.178208 0.000000
98.707771 0.000000 1.290981 0.000327 0.000924 0.000000 0.000000
0.000000 0.000000 0.000000 0.000000 2.496425 0.000000 97.503573
0.079901 0.000270 96.058559 0.014670 1.410559 0.071484 2.364560
0.260717 0.000000 88.124472 0.968767 0.085553 3.541945 7.018545
0.852004 0.000001 35.702474 0.027829 11.710090 51.393211 0.314393
0.000015 0.000000 0.000000 99.990225 0.001096 0.000044 0.008619
2.321562 0.013685 69.126881 0.003668 27.246361 0.004043 1.283806
0.002730 0.000000 81.804826 0.019528 0.000000 18.172913 0.000000
2.100763 0.000009 24.329025 0.000737 29.322913 0.001481 44.245070
5.877853 0.009269 87.734187 0.016781 5.859736 0.480015 0.022161
4.398824 0.001845 31.226307 0.765689 9.315427 0.029683 54.262227
0.039579 0.330643 1.539492 95.321668 1.070946 0.001786 1.695878
10.172141 0.115674 39.125526 0.000683 50.157547 0.185225 0.243203
52.889812 0.160221 3.149367 0.054701 43.480843 0.033592 0.231466
0.000000 0.000000 0.000741 0.003847 0.984346 0.000000 99.011064
2.737494 0.754123 77.681655 0.000159 17.437980 0.002961 1.385622
97.401381 0.000000 1.904130 0.030190 0.662454 0.000392 0.001456
0.062353 0.000000 4.016383 14.392720 0.346920 19.074914 62.106711
0.000051 0.000000 95.680141 4.238402 0.081055 0.000345 0.000001
0.000000 0.000000 4.752106 0.000000 95.247001 0.000000 0.000889
0.000000 0.000000 71.992397 0.000001 27.973577 0.000000 0.034023
25.292027 0.000050 0.454284 0.004517 8.592085 0.000067 65.656966
0.000010 0.000000 1.443116 0.000380 0.000002 98.556495 0.000000
0.012129 0.000000 8.609033 0.003762 0.000294 91.374785 0.000001
1.648441 0.000858 87.262301 5.845965 4.201873 1.028761 0.011805
0.002469 0.000000 28.628054 0.044333 0.000000 71.325147 0.000000
97.889817 0.016472 1.998574 0.077988 0.002660 0.014412 0.000082
0.002872 0.000000 94.306844 1.248110 4.441426 0.000001 0.000747
0.000019 0.000000 69.848541 0.000015 30.150550 0.000000 0.000865
11.158630 0.000086 0.947514 0.186599 14.118016 0.070736 73.518419
0.032946 0.000000 88.187825 0.000008 7.966027 0.000003 3.813197
0.000024 0.000000 98.918819 0.218159 0.385807 0.008397 0.468793
0.000003 0.000000 0.000277 65.339249 0.000281 0.000122 34.660071
0.001423 0.000000 99.575281 0.001675 0.421176 0.000000 0.000441
2.677866 0.105420 17.131674 0.000018 80.039682 0.000385 0.044955
60.742174 3.694378 22.433257 0.426712 1.874744 10.520407 0.308322
30.493170 0.173467 50.296754 0.043410 0.954629 16.721548 1.317023
7.269928 0.000002 22.880414 0.000009 55.683062 0.000000 14.166587
0.014647 0.000000 7.921999 0.001720 12.781905 0.130736 79.148990
0.000031 0.000002 0.467256 99.240613 0.008490 0.000019 0.283594
2.924373 0.000300 20.685698 0.011572 37.981069 0.046006 38.350978
0.000169 0.000000 96.816695 0.021990 0.000576 3.160530 0.000043
0.010977 0.000000 0.195545 8.523783 91.258162 0.000002 0.011531
0.000000 0.000000 0.000797 99.045861 0.000000 0.309063 0.644279
2.617756 0.022630 4.607352 82.381934 0.369129 8.389832 1.611369
0.026401 0.000000 99.902099 0.012488 0.000000 0.059015 0.000000
0.908811 0.000139 1.395102 6.131342 5.485974 0.110015 85.968620
7.537704 0.000061 2.121450 3.617032 0.000350 86.709451 0.013955
0.046488 0.000180 77.063578 1.706683 0.689505 0.087029 20.406529
39.387965 0.090022 17.914013 0.000015 41.544324 0.000234 1.063430
0.006809 0.000000 64.169776 1.766369 0.794952 0.007439 33.254656
3.729845 0.000000 30.297273 0.000002 38.245767 0.000000 27.727112
11.039583 0.001717 65.730441 0.008447 16.031638 0.468254 6.719927
1.114468 0.000857 78.104072 18.815216 0.050847 1.893957 0.020587
13.482985 0.008736 40.119386 0.044607 16.525039 0.012583 29.806665
0.459846 0.000000 4.237883 0.000022 39.038482 0.009609 56.254158
10.575255 5.251565 72.548664 0.718472 8.170656 0.112768 2.622610
0.019827 0.000009 0.135634 0.108968 28.765765 0.004138 70.965660
0.220643 0.017816 98.964089 0.047764 0.737572 0.003130 0.008980
0.058264 0.000002 22.412752 3.546784 2.700482 5.803007 65.478706
0.000020 0.000000 47.150961 0.001658 0.000002 52.847356 0.000000
0.010538 0.000462 1.462950 0.377351 0.401865 0.000001 97.746837
7.670051 0.000022 66.514126 0.004605 25.806528 0.000002 0.004657
0.507100 0.012970 5.607412 0.001670 93.847805 0.000000 0.023042
0.124153 0.000000 0.000174 0.000053 85.048711 0.000000 14.826910
3.029376 0.006954 45.211997 0.179316 30.169855 0.114614 21.287890
0.011270 0.000000 0.327610 0.000000 99.044239 0.000000 0.616875
0.072172 0.000001 6.586198 0.117319 15.819409 0.031295 77.373612
0.087772 0.000000 99.906623 0.005594 0.000001 0.000006 0.000000
0.633608 0.000194 96.631914 0.071789 0.443201 2.122921 0.096378
0.000087 0.000000 6.873352 93.126160 0.000004 0.000393 0.000000
99.536705 0.000861 0.089898 0.005359 0.358370 0.000923 0.007894
3.347444 0.014675 86.845302 0.507135 0.027637 9.253406 0.004400
0.724050 0.000366 81.994312 0.016012 13.315190 0.122448 3.827625
0.000182 0.000000 6.774376 0.000738 90.391338 0.000008 2.833360
0.000058 0.000000 5.165955 0.001478 0.000002 94.832510 0.000000
1.536875 0.000015 61.551439 0.004460 25.635447 0.018643 11.253128
0.000088 0.000000 0.000035 0.000000 99.093646 0.000000 0.906232
11.014048 0.013408 3.394048 0.000283 83.115497 0.003394 2.459325
7.122576 0.000037 1.529710 42.502924 0.240411 1.709762 46.894589
5.078074 0.049469 87.903553 1.875016 1.061756 4.020683 0.011451
6.881294 0.000000 0.018227 0.002382 1.046321 0.000066 92.051708
18.993273 0.008659 18.028027 0.000019 60.680455 2.202480 0.087094
15.418345 0.059513 8.428602 0.011524 53.168136 0.006827 22.907051
0.001779 0.000000 0.000006 0.000886 0.190879 0.000000 99.806446
0.043106 0.000000 99.937820 0.019064 0.000002 0.000016 0.000000
0.031719 0.000149 98.272169 0.000107 1.693932 0.000443 0.001482
0.100702 0.000000 0.029381 0.000209 99.866748 0.000001 0.002957
2.526607 0.000377 20.916955 0.000000 76.504499 0.000000 0.051565
97.725707 0.000019 2.248333 0.010868 0.015076 0.000000 0.000000
59.862559 1.734320 30.848049 1.004552 4.844275 0.936071 0.770160
0.063861 0.000121 3.328469 0.017110 96.588636 0.000003 0.001801
0.422556 0.000000 0.000012 0.117493 0.022990 0.000000 99.436945
1.565489 0.000000 0.030662 0.000006 0.012789 98.387569 0.003486
0.336047 0.000000 58.760052 0.000163 37.514044 0.000025 3.389670
10.606474 54.555076 23.795959 0.967865 7.917159 0.003300 2.154158
1.460908 0.001945 87.692982 0.031186 0.030593 10.770734 0.011651
0.000413 0.000001 99.674487 0.001886 0.260345 0.061285 0.001586
0.007197 0.000001 97.926694 0.000036 0.122603 1.943452 0.000023
0.001530 0.000000 94.220936 0.155701 1.219186 0.002877 4.399768
11.432374 0.000110 0.261003 0.051562 0.626362 0.000997 87.627596
36.411874 6.247588 36.366980 1.474942 7.579771 0.903571 11.015278
0.014114 0.000002 9.967674 0.001957 0.125793 0.973649 88.916814
0.000641 0.000000 7.036320 0.000137 86.032634 0.000754 6.929519
0.056372 0.000024 88.559651 0.000078 11.348864 0.002526 0.032486
1.002283 0.000000 0.044221 93.675447 0.001595 4.777041 0.499417
0.002145 0.000000 98.246539 1.732238 0.000006 0.019077 0.000000
0.060240 0.000001 1.144467 0.000000 96.880329 0.000000 1.914969
0.000024 0.000000 1.163937 0.020637 0.000012 98.814130 0.001263
0.483900 0.038783 99.342024 0.000137 0.072820 0.062218 0.000120
1.929119 0.048941 73.841012 2.721314 1.027536 16.176598 4.255480
0.544215 0.000045 9.020885 0.087149 30.636635 0.104328 59.606743
14.297342 0.283908 39.981389 0.019881 45.283207 0.029164 0.105112
0.176434 0.000000 2.632865 0.000014 66.418302 0.000001 30.772388
0.000077 0.000000 99.904817 0.000155 0.092944 0.000000 0.002004
1.370562 0.000424 97.466249 0.100177 0.825552 0.018511 0.218517
2.984813 0.038331 33.984736 0.445873 27.449167 0.146565 34.950525
99.982053 0.000000 0.004842 0.000013 0.000000 0.013092 0.000000
72.559905 0.125560 10.507450 6.019156 10.651699 0.000929 0.135295
3.523161 0.000130 23.439492 0.034378 67.456412 0.310782 5.235647
10.380824 0.000009 88.022929 0.000121 1.581065 0.000000 0.015055
0.309504 0.000069 33.768003 0.013768 0.043167 65.864710 0.000782
0.035746 0.000000 0.203610 0.058305 0.000551 99.254465 0.447321
0.000840 0.000000 32.249578 1.034463 10.009515 17.163969 39.541634
1.706776 0.000835 13.691799 64.381063 4.135720 8.838223 7.245579
91.618371 0.000059 8.231040 0.021345 0.129182 0.000000 0.000006
0.000120 0.000000 99.077719 0.000024 0.203152 0.259884 0.459103
31.957110 0.028947 66.537658 0.001297 1.447554 0.000514 0.026917
53.771603 3.498633 28.568286 0.322605 9.545058 4.293716 0.000103
0.085410 0.000015 35.579646 9.190533 50.270510 0.000014 4.873874
0.036561 0.000121 94.147300 0.801806 1.635064 0.136590 3.242561
5.147889 0.010219 20.150749 0.168684 21.610776 0.013570 52.898115
3.579069 0.000255 21.521053 0.054883 74.557975 0.000359 0.286402
8.508963 0.000000 0.741037 0.000229 85.407489 0.000048 5.342231
0.000005 0.000000 99.725831 0.000097 0.000000 0.274065 0.000000
0.006903 0.000062 4.149256 0.071192 92.053740 0.000001 3.718850
11.679146 0.014981 23.913625 0.004651 40.110345 0.042447 24.234800
0.159944 0.000041 5.137271 0.903335 2.548830 0.008617 91.241962
0.089691 0.000000 98.078722 0.010824 0.037321 1.783254 0.000190
10.146652 0.001487 35.752772 0.219531 52.846521 0.020323 1.012707
0.014418 0.000000 91.825461 6.505407 0.204582 1.441975 0.008162
1.078681 0.020543 0.299205 0.007148 98.555088 0.000098 0.039234
99.973243 0.000000 0.026761 0.000001 0.000000 0.000000 0.000000
4.068192 0.000001 4.887282 91.043216 0.000057 0.001247 0.000006
9.162761 0.005770 35.732529 0.025699 46.711344 0.409650 7.952247
88.382979 0.356022 0.840932 0.993323 0.378358 2.098980 6.949395
0.279061 0.000228 2.919811 0.003280 94.284832 0.000974 2.511818
0.007233 0.000141 0.193325 0.001360 99.130017 0.000069 0.667854
0.002497 0.000000 35.361103 0.001291 64.631857 0.000000 0.003256
30.971051 15.198881 20.991191 11.045013 21.725295 0.001671 0.066905
1.057439 0.002706 87.387295 1.062058 0.087701 10.317989 0.084804
1.443982 0.003992 62.487042 0.002023 30.624551 0.000908 5.437503
0.000005 0.000000 35.329386 0.000269 64.670340 0.000000 0.000003
19.726174 0.005807 13.412404 64.631557 2.068202 0.024998 0.130854
7.936366 0.023292 83.145668 0.001184 8.822164 0.016032 0.055291
0.000083 0.000000 0.000005 99.992800 0.007108 0.000000 0.000000
77.517426 0.000000 0.215655 0.001118 21.311744 0.000001 0.954058
0.016826 0.000003 53.900519 0.000151 0.000003 46.082499 0.000000
0.699913 0.006982 94.373983 4.909346 0.002132 0.003837 0.003802
12.330733 0.002507 69.383166 0.151124 1.226013 16.838259 0.068194
1.590812 0.007147 98.272914 0.014452 0.003500 0.111173 0.000003
6.398419 0.000030 0.282249 5.445210 76.408142 0.000096 11.465851
0.037022 0.000265 4.335701 49.658325 45.965046 0.000324 0.003322
0.126672 0.000058 42.810875 0.198481 55.979532 0.000025 0.884358
0.009485 0.000091 95.391023 0.000341 0.401037 4.197997 0.000025
0.000002 0.000000 100.000000 0.000000 0.000000 0.000000 0.000000
0.279728 0.003934 98.070729 0.000543 1.597334 0.002837 0.044893
0.008417 0.000006 43.119586 0.000793 56.869292 0.000000 0.001906
1.398100 0.000000 97.446847 0.145959 1.009092 0.000000 0.000000
99.634808 0.000000 0.232854 0.005854 0.125310 0.000000 0.001177
0.611575 0.003230 67.493311 0.073361 0.028328 31.790083 0.000111
0.000000 0.000000 89.641201 0.000008 10.358614 0.000000 0.000178
0.162379 0.000011 1.880038 0.000119 97.955143 0.000085 0.002228
0.000020 0.000000 0.001202 97.508913 0.001250 0.000173 2.488446
0.000000 0.000000 3.390023 0.096238 15.744589 0.000026 80.769128
0.000297 0.000000 0.001563 0.017295 0.066808 0.000006 99.914032
0.106802 0.000023 99.688488 0.008195 0.042662 0.153682 0.000147
0.027178 0.000000 0.074652 0.013673 0.000420 99.864703 0.019373
73.580629 0.563221 23.312281 0.047281 2.483862 0.007902 0.004826
0.075201 0.000000 94.154936 5.689555 0.017464 0.039410 0.023435
0.221849 0.000000 98.835999 0.194984 0.727733 0.013300 0.006140
2.285767 0.737296 24.728444 0.172751 51.394129 0.064185 20.617423
8.821646 0.006481 67.148483 0.639221 20.119141 0.670880 2.594154
91.887730 0.008173 8.101624 0.000000 0.002472 0.000001 0.000000
0.447229 0.000000 0.082926 0.047305 0.966375 0.014522 98.441643
0.000002 0.000000 98.409229 0.000081 0.000383 0.001641 1.588666
0.159861 0.000225 99.078161 0.114884 0.223503 0.091247 0.332121
9.645938 3.224549 5.831495 2.658514 2.664671 75.672405 0.302429
0.005107 0.000000 58.547449 36.078405 0.284791 5.073961 0.010286
0.000054 0.000000 99.990827 0.008937 0.000002 0.000184 0.000000
8.661967 8.244415 56.731152 0.357657 25.700074 0.232176 0.072556
0.000023 0.000000 99.051785 0.002688 0.444991 0.000040 0.500473
6.039573 0.000000 6.275406 0.044143 17.493854 0.003316 70.143706
0.000018 0.000000 99.997187 0.000001 0.000620 0.002173 0.000000
0.000000 0.000000 0.000005 17.701276 0.000429 0.000000 82.298291
46.997097 0.267718 32.720995 0.030051 11.935820 1.677114 6.371204
86.953980 7.412142 4.144260 0.129522 0.189352 1.103214 0.067530
0.008976 0.000000 2.865605 0.731216 4.642039 0.000678 91.751486
5.520548 0.004328 18.942298 0.003358 63.748548 0.087339 11.693586
0.056814 0.000007 99.153560 0.581905 0.003405 0.204309 0.000005
7.541503 0.000003 0.818485 0.036791 37.104991 16.520727 37.977502
0.218585 0.000001 99.581856 0.007120 0.002252 0.190090 0.000086
41.536927 0.000045 53.782952 0.688485 0.381337 0.965662 2.644590
0.002790 0.000000 83.802884 1.970106 7.675853 0.000226 6.548145
0.003496 0.000000 5.185706 0.000037 0.000027 94.789529 0.021203
2.748993 0.006722 37.201831 0.000183 59.765756 0.000548 0.275967
0.060821 0.000000 0.093329 0.000021 4.811839 0.000006 95.033985
0.007362 0.000000 4.338574 0.002200 0.003377 95.644045 0.004442
0.200089 0.000000 1.928820 0.001608 96.538752 1.300829 0.029897
14.998293 0.000023 0.488336 0.000039 41.896924 0.000282 42.616102
1.806430 0.000000 2.536174 0.001492 7.610856 0.003670 88.041377
0.105086 0.000012 99.087197 0.011270 0.550935 0.210315 0.035183
25.506893 1.819563 66.091996 0.001636 5.869077 0.376088 0.334745
0.013165 0.000000 53.042603 0.026643 0.000017 46.917576 0.000000
0.004859 0.000000 0.079921 0.016273 0.216047 0.016842 99.666059
0.192610 0.000001 0.467143 0.000000 97.658700 0.000071 1.681467
2.859112 0.000000 0.078679 0.000000 92.258864 0.000050 4.803297
29.196428 0.072629 17.897111 0.019012 40.426638 0.593297 11.794890
0.107762 0.000008 1.856409 91.425174 0.538737 3.658271 2.413641
1.308429 0.005242 5.463074 0.015888 83.144128 0.000305 10.062934
30.544537 1.282770 30.946210 0.008297 30.362388 0.037373 6.818427
6.384982 0.000436 0.097892 62.511516 0.699687 0.216228 30.089256
0.000104 0.000000 0.000500 0.000150 0.000001 99.999249 0.000000
0.516431 0.000000 0.497832 0.000048 8.714113 0.034905 90.236669
80.192888 0.003341 18.690741 1.101686 0.011278 0.000020 0.000048
0.005323 0.000000 13.679279 0.002167 0.035319 86.277877 0.000038
0.004826 0.000000 0.131478 0.000079 0.036666 0.001760 99.825191
0.101503 0.000131 1.946107 50.878543 0.035319 46.823525 0.214870
6.222090 0.000590 12.121776 39.600766 22.071899 0.850296 19.132584
0.000279 0.000000 0.992091 0.000001 0.000000 99.007625 0.000000
0.812485 0.000000 98.323941 0.000002 0.253655 0.220848 0.389076
3.534354 0.000001 41.023201 51.556969 0.926462 2.959008 0.000006
0.348355 0.000000 2.547880 0.000012 90.635604 0.000000 6.468144
0.000002 0.000000 99.623001 0.000027 0.000000 0.376978 0.000000
1.457209 0.000253 98.395890 0.110210 0.036168 0.000114 0.000160
0.001592 0.000001 97.468638 2.206003 0.209000 0.005818 0.108949
65.725219 0.002705 6.262500 0.003563 0.237896 24.138954 3.629160
0.004993 0.000000 5.223202 0.010026 0.001538 94.709415 0.050821
0.315822 0.000721 19.015981 0.000010 80.667263 0.000000 0.000205
0.000000 0.000000 99.999988 0.000000 0.000005 0.000003 0.000003
0.000000 0.000000 0.956279 0.000182 0.000000 99.042505 0.001033
0.057760 0.000114 99.753177 0.000076 0.187219 0.000602 0.001045
0.078474 0.005034 99.644119 0.180238 0.092138 0.000005 0.000001
83.239144 0.056761 16.590767 0.045560 0.007665 0.008230 0.051873
0.002558 0.000000 10.652546 0.026535 0.001342 89.316159 0.000859
0.001027 0.009756 2.527242 0.000000 97.461981 0.000000 0.000001
15.433455 0.000000 0.211449 0.001674 6.475018 0.009237 77.869171
0.000433 0.000002 0.224091 3.795188 0.197006 0.000491 95.782786
8.923757 0.010271 69.652200 1.964292 14.678855 0.641691 4.128935
40.464225 0.000179 31.466386 0.023356 19.493496 0.002701 8.549663
0.427483 5.922130 5.158772 2.055263 86.339658 0.004457 0.092237
0.000303 0.000000 89.262666 0.000000 10.730086 0.000000 0.006943
1.090485 0.000007 72.570258 0.002018 0.311522 23.310544 2.715173
0.000022 0.000000 99.793386 0.166785 0.013134 0.020589 0.006082
0.232318 0.000006 2.145060 0.000018 97.569126 0.000736 0.052732
4.125312 0.705419 75.253473 0.015683 19.604091 0.022379 0.273651
66.866708 0.024801 31.128308 0.366887 0.660584 0.494255 0.458462
5.897338 0.021132 59.163049 0.144238 32.799946 0.035873 1.938424
0.166946 0.000000 99.829835 0.000002 0.003222 0.000000 0.000003
0.003266 0.000038 85.798413 0.081371 0.467973 13.606422 0.042521
0.179448 0.000001 27.450177 0.000332 0.144335 72.225710 0.000001
56.180930 0.018502 0.867844 0.010514 12.619892 0.126056 30.176264
4.600608 0.027319 94.592953 0.197123 0.083845 0.495736 0.002417
1.110785 0.000664 94.890965 2.129323 0.504868 1.326768 0.036627
0.171542 0.001987 2.162402 6.562971 91.073954 0.000165 0.026979
1.181926 0.000032 82.576426 0.000033 4.113613 12.127253 0.000707
0.184340 0.032555 23.230120 0.027591 76.481973 0.000078 0.043343
0.023281 0.000000 0.584155 0.000000 3.960787 0.000000 95.431775
0.000022 0.000000 0.691981 0.000000 97.920418 0.000000 1.387577
0.000641 0.000000 7.680989 3.219379 0.000000 89.098996 0.000000
1.285007 0.000500 6.585078 0.452024 7.696719 0.008753 83.971918
0.000017 0.000000 0.381626 0.000000 0.011158 99.607176 0.000026
0.816273 0.000080 99.162799 0.000085 0.020259 0.000506 0.000000
0.000002 0.000000 99.984175 0.001079 0.009778 0.000001 0.004962
12.832935 0.054380 9.740870 0.066381 52.815181 0.101576 24.388677
0.002808 0.000001 93.447399 3.332325 0.136176 0.000371 3.080923
1.813935 0.000000 1.991134 0.000001 1.132725 0.000000 95.062203
12.893805 3.897550 13.961884 10.876752 44.681641 0.024063 13.664310
34.944679 0.576866 13.741527 32.897909 9.357996 7.815894 0.665136
0.996179 0.000000 27.876627 0.004081 71.097851 0.000028 0.025228
73.429346 0.000000 0.015158 0.004334 25.416356 0.000000 1.134806
4.337597 0.092885 29.033747 2.565648 62.708765 0.021751 1.239603
49.655667 0.000028 20.078191 27.939850 2.274311 0.000125 0.051831
0.304507 0.000013 57.001982 0.003410 0.013140 42.676654 0.000297
2.708072 0.000021 96.851099 0.023092 0.165643 0.000419 0.251660
20.345426 0.000002 2.076724 0.008247 2.209566 55.897307 19.462731
0.000222 0.000000 0.241645 0.002743 68.292109 0.000262 31.463014
10.160112 0.000000 45.884570 1.281668 42.659730 0.000001 0.013924
0.016734 0.000000 99.868488 0.101575 0.002254 0.010252 0.000700
2.296161 0.000006 36.984211 0.037036 46.746051 6.492835 7.443702
0.011183 0.000000 37.215459 0.014659 60.585636 0.000022 2.173035
0.473272 0.000000 15.586370 0.002349 14.364818 0.000103 69.573087
7.535090 0.000020 69.406772 23.047361 0.000071 0.010686 0.000000
5.981446 0.007801 46.556357 0.041033 42.642000 0.003149 4.768220
0.962095 0.000002 7.556136 0.000002 57.671945 0.000106 33.809711
0.000001 0.000000 99.998784 0.000000 0.001218 0.000000 0.000000
0.526852 0.372410 66.981892 0.064810 31.621521 0.003647 0.428876
16.581558 0.005195 3.548583 0.128675 26.515427 0.411588 52.808976
0.000000 0.000000 99.999404 0.000033 0.000023 0.000534 0.000000
0.001075 0.000002 0.380733 0.015865 99.074942 0.000000 0.527381
2.885882 0.011347 6.420986 1.223963 55.688804 0.036632 33.732381
3.033088 0.000273 4.805260 3.533459 5.244447 14.481027 68.902451
0.597727 0.000004 91.922831 0.000804 1.093894 6.181444 0.203293
0.045842 0.000000 99.951613 0.002540 0.000002 0.000000 0.000000
0.006857 0.000000 16.596125 0.007038 4.672207 0.000004 78.717773
0.384576 0.000003 40.828171 0.004907 42.065927 0.000032 16.716389
0.137307 0.000009 73.346529 0.001610 24.070242 2.393827 0.050468
0.000001 0.000000 18.125954 0.000000 81.873977 0.000000 0.000071
0.000000 0.000000 6.738152 93.261850 0.000000 0.000000 0.000000
40.530486 0.005872 41.888196 0.761870 0.915767 1.748257 14.149548
0.000000 0.000000 0.640867 0.000000 99.086678 0.000000 0.272454
0.000081 0.000000 1.094826 0.211107 9.062050 0.002637 89.629294
0.312159 0.000007 0.395296 91.634619 2.890132 0.000000 4.767789
7.644710 0.000898 8.439506 0.000501 82.384032 0.011713 1.518638
1.792221 0.000270 88.943337 1.922524 6.750638 0.574821 0.016191
0.189868 0.000095 0.008128 91.962623 0.502042 0.000372 7.336876
6.493183 0.047190 29.694045 6.009023 8.644838 0.022142 49.089581
0.000000 0.000000 52.337438 47.501031 0.000216 0.024030 0.137279
0.000033 0.000000 0.874608 0.000447 99.105644 0.000000 0.019270
20.420182 15.320496 47.068292 1.007869 3.702537 12.480602 0.000013
53.245726 0.004828 45.941797 0.404775 0.402250 0.000017 0.000608
0.708438 0.000131 98.288363 0.170415 0.830474 0.001202 0.000979
41.391934 0.123379 14.442579 0.000095 43.644122 0.000012 0.397870
2.683226 0.003582 1.124108 8.483429 25.354302 0.318064 62.033290
0.000332 0.000000 60.561872 0.571445 11.486639 0.025461 27.354249
0.333341 0.000189 28.509250 0.014924 67.879200 0.010930 3.252165
40.873170 0.017177 6.419470 8.964816 15.433080 0.075562 28.216729
0.008239 0.000000 3.558092 0.537724 0.000019 95.859516 0.036412
0.077223 0.007178 99.631679 0.276564 0.007355 0.000000 0.000001
0.000000 0.000000 98.791367 0.625713 0.471489 0.000820 0.110614
37.632726 0.000334 58.015870 0.021333 4.274335 0.007569 0.047824
0.000002 0.000000 99.999845 0.000000 0.000151 0.000005 0.000000
0.033062 0.000000 99.652845 0.052949 0.229262 0.026926 0.004961
0.018904 0.000001 67.132336 0.000013 31.986874 0.000054 0.861819
26.688537 22.334233 11.794820 0.009818 38.948536 0.008511 0.215549
0.069053 0.001059 91.768557 0.721593 0.243490 7.174312 0.021939
11.582314 2.985998 85.176885 0.029453 0.024554 0.200513 0.000291
0.000012 0.000000 0.000014 98.749173 0.010547 0.004263 1.235996
34.972715 0.130424 23.922515 0.006129 33.268911 0.027801 7.671504
7.528058 0.000000 92.444766 0.000000 0.027115 0.000000 0.000058
1.898102 0.037714 58.862287 0.011323 31.656224 0.006136 7.528220
4.471231 0.001327 73.186386 0.054464 6.175302 0.063300 16.047989
8.100008 0.017178 2.962643 0.241177 66.433758 0.003967 22.241268
0.009611 0.000000 98.880547 0.009861 0.000039 1.099851 0.000098
0.002618 0.000000 99.997038 0.000018 0.000330 0.000001 0.000000
0.000079 0.000000 99.999869 0.000007 0.000048 0.000000 0.000000
0.017577 0.000000 2.571897 0.000685 2.972534 0.000219 94.437093
80.228832 0.000000 0.348106 0.059079 19.355322 0.000014 0.008644
0.399118 0.483977 94.275559 3.709657 0.255776 0.871008 0.004901
61.806688 2.419385 21.822029 0.016297 1.812772 2.303475 9.819355
0.000001 0.000000 0.000000 100.000000 0.000001 0.000001 0.000000
89.762669 9.847103 0.294369 0.000241 0.091746 0.001461 0.002413
6.199723 0.008872 11.489998 1.971991 74.303749 0.210480 5.815184
0.086712 0.000001 88.827837 0.000003 9.245189 0.054463 1.785795
0.001263 0.000000 81.399190 0.009202 0.000002 18.590349 0.000000
0.649329 0.000108 2.993002 0.019695 94.684721 0.000017 1.653132
0.005862 0.000592 99.842626 0.060310 0.071762 0.017953 0.000896
0.043292 0.000002 99.407697 0.463657 0.081412 0.003723 0.000219
4.454518 0.004291 22.135167 0.018866 0.032473 73.258671 0.096013
5.727768 0.000000 94.003254 0.028228 0.174867 0.063823 0.002057
12.734446 0.485670 78.316993 4.202454 0.513657 3.587562 0.159226
0.000085 0.000000 0.000038 99.994421 0.000096 0.000001 0.005361
68.294267 30.443542 0.821460 0.000470 0.064489 0.375673 0.000110
0.000004 0.000000 0.166240 0.000000 99.833709 0.000000 0.000048
0.092500 0.000001 89.105260 0.000413 0.005213 10.796535 0.000078
6.986517 0.000000 6.234235 0.000216 84.847099 0.000027 1.931903
