83.175778 0.072888 2.018259 0.037910 14.146060 0.221437 0.327669
47.086567 0.000705 52.359986 0.014805 0.537799 0.000076 0.000063
0.000001 0.000000 0.008361 0.000169 97.970814 0.000000 2.020660
0.233732 0.000097 4.310595 0.013025 82.154711 0.000003 13.287838
0.000599 0.000000 0.422583 99.175882 0.002789 0.395133 0.003019
0.000237 0.000000 4.424238 0.000000 95.209802 0.000003 0.365722
0.823486 0.000221 8.648162 0.000110 90.276296 0.007528 0.244196
0.915490 0.000000 0.000008 17.990300 0.074891 0.000012 81.019300
0.039183 0.000002 91.626954 0.440379 7.346386 0.085889 0.461209
1.832373 0.000101 1.460482 67.892144 27.414688 0.000003 1.400205
0.000117 0.000000 99.974757 0.000184 0.023976 0.000834 0.000136
0.119103 0.000086 18.544396 0.000253 80.932637 0.000053 0.403464
6.554981 0.087120 67.204100 1.433108 10.036101 0.103579 14.581011
0.000221 0.000000 18.605310 0.016116 77.525783 0.000000 3.852570
2.899975 0.000014 0.036153 0.000014 97.063565 0.000000 0.000279
0.008066 0.000002 2.125341 0.000108 97.859907 0.000001 0.006574
3.347400 0.000071 1.655089 0.000425 73.377740 0.002048 21.617228
0.000154 0.000000 0.016238 0.000000 99.911737 0.000000 0.071874
21.957023 0.000001 1.282921 4.880021 17.855598 0.002756 54.021674
0.017544 0.000000 32.715776 0.014366 65.246806 0.000680 2.004830
0.013093 0.000000 10.444113 0.000024 87.158775 0.000256 2.383738
67.796367 0.000203 0.348147 0.000479 30.159461 0.000036 1.695311
0.001928 0.135028 0.038754 58.496157 41.161218 0.000000 0.166918
0.025695 0.000086 99.856329 0.000819 0.106448 0.001161 0.009467
0.000035 0.000000 0.002438 0.000000 99.997425 0.000000 0.000096
0.004573 0.000045 0.012305 85.308993 0.756070 0.010497 13.907517
5.401043 0.352560 3.129850 0.277887 15.776955 0.395441 74.666262
0.035216 0.001111 2.348311 60.742788 36.848812 0.000000 0.023758
0.000002 0.000000 0.011143 0.000000 99.988300 0.000000 0.000556
27.996166 0.029529 58.925751 0.158926 12.534202 0.000169 0.355264
3.231582 0.000063 2.430954 0.000267 88.403725 0.000567 5.932845
0.008958 0.000000 65.304816 0.305873 0.234817 0.009408 34.136128
0.053276 0.000129 1.793128 0.004655 90.546894 0.000000 7.601918
0.037373 0.000000 38.711965 0.000001 61.250609 0.000000 0.000054
100.000000 0.000000 0.000000 0.000000 0.000000 0.000000 0.000000
0.000019 0.000000 0.000022 99.973422 0.000390 0.000045 0.026101
2.421095 0.000007 28.263878 69.307254 0.007571 0.000000 0.000199
5.048792 0.000118 4.704661 0.050981 9.951735 0.104049 80.139661
0.020231 0.000000 99.568599 0.004900 0.405180 0.000742 0.000353
0.000006 0.000000 0.354093 0.000000 99.504554 0.000000 0.141346
1.454433 0.011652 89.632432 0.282183 8.162423 0.003802 0.453081
0.071827 0.000000 96.210194 0.000000 3.439555 0.000011 0.278408
99.707299 0.000000 0.000508 0.001225 0.002819 0.000000 0.288146
10.692527 0.000122 20.600154 0.000011 67.417639 0.001001 1.288545
0.000126 0.000000 1.408516 0.000000 98.590630 0.000000 0.000728
11.689444 0.000005 0.353862 0.391738 27.647203 0.007494 59.910256
0.290251 0.090071 0.578812 25.654590 5.842031 0.215131 67.329121
0.009624 0.000001 1.571120 0.014907 1.933473 0.000089 96.470785
81.584936 0.010079 8.394820 0.002843 8.097239 0.000414 1.909668
52.715343 0.032794 27.850040 2.228555 2.011227 0.027882 15.134155
3.296744 0.000009 1.333514 0.025040 10.121628 0.003802 85.219263
0.705436 0.000649 0.021991 1.343937 7.679482 0.665354 89.583148
4.709664 0.109115 47.614217 0.431399 7.719841 1.688285 37.727484
0.002076 0.000001 0.898112 0.000000 99.099451 0.000000 0.000356
0.028816 0.000047 0.468004 0.037834 99.456102 0.000001 0.009196
0.686799 0.210448 1.130357 0.034848 97.281242 0.040582 0.615725
0.000004 0.000000 0.002256 0.000019 99.964046 0.000000 0.033677
0.176421 0.000000 0.000628 0.000001 52.651817 0.000000 47.171134
2.719952 0.003647 3.478880 0.000369 93.769593 0.000004 0.027554
3.892982 0.000000 0.011977 0.007923 0.566550 0.020676 95.499897
0.046797 0.000001 0.000769 99.080533 0.002622 0.004622 0.864664
2.890306 0.000033 0.206577 0.002730 5.052472 0.001169 91.846710
0.379821 0.000202 0.638871 0.019378 1.508916 0.000522 97.452289
0.276891 0.000070 0.008910 0.000000 99.713588 0.000000 0.000546
0.000000 0.000000 0.000171 0.041319 99.958509 0.000000 0.000000
0.000194 0.000003 0.072393 91.467250 2.671663 0.000000 5.788488
1.343617 0.000001 65.574998 1.161312 0.603623 31.308687 0.007759
0.001527 0.000000 0.215202 0.021567 0.324768 0.000052 99.436885
0.013305 0.032598 99.937600 0.000006 0.014848 0.000034 0.001608
99.999428 0.000000 0.000563 0.000004 0.000011 0.000000 0.000000
3.863958 0.000245 4.127222 0.080053 31.649694 0.001284 60.277545
0.104020 0.000167 5.382672 0.000243 91.416925 0.000003 3.095970
0.001459 0.000000 47.415566 0.000000 52.471987 0.000000 0.110992
32.534292 0.072857 5.040385 0.212556 47.591785 0.638471 13.909656
0.427503 0.000994 0.566233 0.018487 98.979867 0.000016 0.006892
0.001352 0.000000 15.731764 0.000004 84.247231 0.000000 0.019649
0.000109 0.000001 0.385106 0.000013 99.612767 0.000000 0.001999
1.829604 0.281693 3.099830 0.009385 94.620830 0.000057 0.158599
86.683624 0.020451 2.074321 0.029174 3.828820 2.355776 5.007835
0.001195 0.000079 9.043623 0.000142 90.954506 0.000000 0.000462
0.528993 0.000034 81.884825 0.017192 16.118066 0.307541 1.143349
0.000032 0.000000 0.527069 0.001588 98.949957 0.000000 0.521357
0.000001 0.000000 0.000000 0.000237 0.024344 0.000000 99.975419
1.153490 0.000001 1.599265 0.000248 94.107961 0.000006 3.139030
53.983748 0.007793 5.090248 0.327540 19.973494 0.041140 20.576034
3.964798 0.104206 86.411756 0.002798 1.785449 5.838681 1.892314
0.000596 0.000000 0.001722 0.003048 0.022502 0.000279 99.971855
13.083998 0.000146 14.154997 0.001747 62.511305 0.008585 10.239227
0.000596 0.000001 2.421772 0.006431 97.567618 0.000001 0.003579
7.678378 0.005245 17.943859 19.579113 9.267355 0.168442 45.357606
0.045989 0.000000 59.297738 0.411850 40.029123 0.000222 0.215080
0.086534 0.000004 90.148818 0.000001 9.537440 0.000001 0.227200
3.628110 0.000213 58.542317 0.000026 35.769829 0.001010 2.058500
0.107056 0.000000 97.340381 0.667798 1.884449 0.000313 0.000000
0.000036 0.000000 0.000100 0.000000 0.385233 0.000000 99.614632
0.000020 0.000000 0.181795 99.456054 0.362078 0.000045 0.000002
0.720413 2.390028 42.732825 0.000123 49.431831 0.000012 4.724771
0.038658 0.000083 1.971204 0.695190 97.012752 0.000017 0.282097
0.512920 0.000000 0.000688 0.000024 61.246798 0.000000 38.239571
0.502195 0.000012 0.803378 0.006301 40.754236 0.004348 57.929527
0.505247 0.000000 45.609314 0.001441 51.443505 0.047699 2.392785
0.003726 0.000000 0.000011 0.000000 83.273512 0.000000 16.722757
0.311207 0.000199 8.865616 7.491026 0.531584 29.131427 53.668946
0.025148 0.000000 0.262486 0.009348 99.245912 0.000477 0.456631
0.150065 0.000000 0.650761 0.002471 14.353720 0.000093 84.842890
0.005694 0.000003 28.799941 0.568550 69.641749 0.000066 0.984002
14.571489 0.000042 3.401491 0.000354 52.536619 0.000004 29.489997
1.281404 0.085766 14.412904 1.221276 66.851401 0.372356 15.774898
0.614927 0.000135 18.800807 0.000014 75.855488 0.000590 4.728039
0.001810 0.000000 83.996034 1.545360 0.044688 1.881928 12.530184
0.137961 0.000021 9.695752 61.116570 8.193739 4.544038 16.311917
1.894774 0.000001 2.033096 0.001759 15.289417 0.020121 80.760831
35.815611 0.016987 0.125614 0.947004 63.091908 0.002135 0.000744
0.005257 0.000000 99.990749 0.000201 0.001566 0.000083 0.002141
0.018577 0.000000 60.251139 0.352822 38.470293 0.009970 0.897189
0.000005 0.000000 98.625666 0.012984 0.000074 1.361165 0.000112
0.000008 0.000000 0.000190 0.000147 0.168236 0.000000 99.831414
99.957597 0.000000 0.003899 0.004723 0.001970 0.000011 0.031808
0.000552 0.000000 0.609848 0.927651 12.092347 0.000008 86.369591
2.087813 33.222522 28.424548 0.082504 29.191514 0.613625 6.377476
0.000013 0.000075 0.001833 83.515375 5.577632 0.000000 10.905073
0.000205 0.000000 0.000221 0.000265 0.388424 0.000002 99.610883
99.939942 0.000008 0.003767 0.000000 0.054589 0.000001 0.001696
30.110436 0.000011 0.001583 68.537615 1.331088 0.000071 0.019189
40.186602 0.635786 14.834656 0.001453 41.703784 0.001606 2.636116
14.071129 0.000000 3.850314 0.000307 73.942509 0.000004 8.135732
24.261796 0.029584 7.898164 0.000124 61.534053 0.011454 6.264831
0.000052 0.000005 0.026516 1.131860 98.501855 0.000000 0.339711
0.035150 0.000000 91.719134 0.001328 7.245706 0.000111 0.998565
1.579110 2.207808 9.703052 0.110472 85.461970 0.024584 0.912994
2.651855 0.012555 82.161637 0.576728 2.567372 9.607917 2.421927
17.337806 0.060211 9.964020 0.026569 47.716734 3.415241 21.479423
1.759915 0.000172 12.312746 0.005459 5.139466 80.778062 0.004181
29.027948 0.012201 2.749159 0.000149 62.773240 0.000014 5.437293
2.028466 0.000000 72.381836 0.000400 25.589302 0.000000 0.000000
0.081704 0.000002 1.359917 0.017792 11.994529 0.000988 86.545067
9.040059 0.327135 15.611993 0.032458 72.162139 0.000386 2.825830
64.578515 0.115839 0.589899 3.485180 31.160352 0.001377 0.068836
0.000000 0.000000 0.119088 0.000000 99.878281 0.000000 0.002633
0.043535 0.000319 0.481302 93.913949 0.065469 0.236276 5.259148
5.184092 0.000114 4.476660 0.063346 33.122857 0.004353 57.148579
0.015278 0.005494 1.747912 0.130456 95.284790 0.000220 2.815851
0.000005 0.000000 0.000000 99.967146 0.005827 0.000000 0.027015
1.103125 0.000717 16.634963 0.021282 6.741248 0.397658 75.101012
0.226363 0.000007 0.012032 90.209740 7.578104 0.001077 1.972676
0.000015 0.000000 0.015212 0.000739 3.688579 0.000198 96.295261
3.168850 1.048022 14.834076 0.000009 80.624019 0.180162 0.144864
0.000776 0.000000 1.508507 0.000220 97.173518 0.000020 1.316960
0.000014 0.000000 11.323830 0.000000 88.675976 0.000000 0.000183
0.000000 0.000000 0.879600 0.000718 99.119628 0.000000 0.000050
1.377312 0.861996 44.343546 0.000144 53.387403 0.000116 0.029485
97.836101 0.983172 0.434928 0.000068 0.632182 0.059024 0.054519
0.000342 0.000000 0.185136 0.002176 99.809253 0.000000 0.003092
0.039153 0.000014 27.500054 0.002382 68.132710 0.000007 4.325680
0.395045 0.000000 98.659051 0.000217 0.376027 0.103528 0.466126
12.673822 0.059604 4.601001 0.062380 72.502416 0.004201 10.096577
3.102060 0.000000 0.032512 6.715257 3.846691 0.001005 86.302473
2.464259 0.374274 66.075629 0.990885 19.012806 0.002841 11.079311
0.048370 0.000001 69.836714 0.001286 28.038973 1.912378 0.162282
0.437491 0.000000 0.000107 0.007722 0.002922 0.000001 99.551755
0.583519 0.000172 4.077655 11.734118 0.389456 37.416333 45.798746
0.077372 0.000002 67.071525 0.246802 0.229993 30.089020 2.285293
40.887831 0.002077 0.178237 22.361973 36.195339 0.000271 0.374269
12.696059 0.178862 30.062058 0.039259 39.813302 0.167984 17.042471
1.851617 0.081568 4.739422 0.002858 93.112808 0.000800 0.210929
0.000143 0.000000 21.450377 44.263599 1.051510 0.000017 33.234351
0.000000 0.000000 99.994075 0.000181 0.005734 0.000000 0.000016
5.780586 0.000421 2.404984 0.048810 57.253122 0.015899 34.496182
0.570264 0.000000 0.286500 99.135935 0.000092 0.005918 0.001297
12.858864 0.067080 13.306550 0.000055 69.711481 0.000036 4.055935
0.000593 0.000003 0.005294 93.457491 0.048835 0.000395 6.487388
0.028075 0.000000 1.370999 0.071700 0.034281 27.886389 70.608555
0.014320 0.000000 68.721781 0.000000 31.247690 0.000000 0.016203
0.001208 0.000000 0.167035 0.000000 99.635673 0.000000 0.196082
31.594470 0.000000 12.173270 0.019790 56.212384 0.000000 0.000088
14.177704 0.026127 1.328639 0.121214 79.466426 0.001893 4.877995
36.546209 0.002084 2.657151 56.802899 2.759655 1.142580 0.089423
0.003342 0.000001 0.386261 0.000000 99.597871 0.000052 0.012471
98.102677 0.000125 1.426983 0.000196 0.469660 0.000004 0.000347
1.396700 0.000111 41.124046 0.117505 39.809331 0.069058 17.483248
0.001846 0.000089 0.453954 0.000000 99.541736 0.000000 0.002367
0.000000 0.000000 0.000081 0.000000 99.999917 0.000000 0.000000
2.947562 0.224705 37.647051 0.539858 29.579231 0.294917 28.766674
0.544176 87.428986 4.245670 0.169503 4.126514 1.608803 1.876348
3.375494 0.001782 2.254474 26.079658 2.355825 0.222559 65.710203
0.000000 0.000000 0.002222 0.000000 99.997783 0.000000 0.000000
14.429956 6.387954 13.592634 0.933415 63.527332 0.757460 0.371248
0.506109 0.000000 0.000014 0.246850 99.247015 0.000000 0.000011
4.797360 0.033440 12.329599 0.061751 47.209463 0.122624 35.445765
6.743838 0.000516 23.797722 0.059494 69.398425 0.000000 0.000007
0.000001 0.000000 0.000242 0.000000 1.010536 0.000000 98.989218
10.801406 0.000001 2.137472 10.541651 76.458138 0.000009 0.061319
99.893874 0.000000 0.051889 0.000112 0.011144 0.000000 0.042979
79.387693 0.355923 2.521368 0.015542 16.455729 0.002826 1.260923
0.000062 0.000000 5.145957 0.072024 94.760018 0.000054 0.021889
0.009694 0.000000 0.004298 0.011642 1.344734 0.000001 98.629630
19.300216 0.000019 1.492835 0.000344 74.383746 0.000005 4.822832
79.291453 0.006518 2.773062 0.005320 17.707005 0.000147 0.216488
8.002132 0.000744 0.417694 0.152956 1.535357 0.007855 89.883262
99.965066 0.000000 0.011449 0.000000 0.023207 0.000001 0.000283
0.011084 0.000001 0.170503 0.000000 99.713492 0.000000 0.104928
97.988564 0.000001 0.000117 0.036260 1.826856 0.046157 0.102043
0.000000 0.000000 1.280553 0.000000 98.703861 0.000000 0.015587
11.869580 0.000000 34.012540 0.000051 54.008547 0.037557 0.071729
7.237980 0.000001 24.320137 8.045221 52.937481 5.305508 2.153676
0.008670 0.000004 2.268150 97.688532 0.010573 0.006138 0.017932
45.717764 0.000510 5.361768 0.000940 44.445793 0.019921 4.453295
1.967560 0.000000 0.000045 0.006394 6.036392 0.000000 91.989612
0.000089 0.000000 0.162139 0.000008 99.830627 0.000000 0.007140
1.012288 0.006903 5.117269 1.018326 14.761743 0.018729 78.064746
5.549362 0.001866 23.249556 0.255707 47.575590 1.164578 22.203337
1.087524 0.000080 16.841154 0.131982 10.153696 0.033654 71.751910
6.427901 0.252226 8.274134 0.138576 62.195432 0.584310 22.127418
3.975571 0.016429 30.146521 1.572991 22.112611 0.485206 41.690668
0.133187 0.000000 1.764428 0.001019 33.941165 0.007685 64.152521
0.787523 0.000652 59.906924 0.005013 39.165255 0.000008 0.134633
7.719041 0.003510 12.625192 0.003512 48.305380 0.004377 31.338993
0.064226 0.000000 1.322540 0.002833 0.330558 0.374969 97.904873
52.991635 0.001723 13.931535 0.004623 1.821702 31.055009 0.193772
0.003811 0.000000 1.630157 0.007075 0.653424 0.000128 97.705406
40.726162 0.000113 10.029732 0.009631 7.037815 41.734962 0.461575
1.408547 0.000110 0.783300 0.038306 11.147512 0.140801 86.481422
0.000000 0.000000 0.010651 0.000000 99.982959 0.000000 0.006392
42.627764 0.000000 0.001555 0.000270 0.014786 0.079142 57.276487
0.171069 0.000000 47.570810 52.236736 0.000339 0.000210 0.020839
0.000174 0.000000 0.000406 0.000111 2.532334 0.000002 97.466969
0.014956 0.000114 1.501850 0.010385 97.978860 0.000112 0.493725
63.774119 0.041621 11.113701 0.608422 19.046802 2.759763 2.655567
11.066051 0.003755 34.952134 0.001139 49.429911 0.010535 4.536477
0.778581 9.064664 64.209418 0.001805 25.847867 0.000644 0.097018
5.398104 0.000000 0.004466 0.000107 5.611170 0.000002 88.986152
66.643751 0.000490 0.596928 0.246581 29.117513 0.015829 3.378914
2.917709 0.003761 4.897404 0.000910 91.825247 0.000002 0.354969
0.000291 0.000000 0.162641 0.000178 0.000038 99.746907 0.089947
0.934812 0.001706 2.464131 0.000162 95.943957 0.000457 0.654775
31.166356 2.331720 26.634988 27.232164 10.869988 0.051245 1.713533
2.280897 0.001467 14.541982 0.001086 41.819601 0.000593 41.354378
0.000465 0.000000 0.018555 0.000000 37.710044 0.000000 62.270939
1.950813 0.088166 27.453172 2.395891 1.477876 62.397389 4.236686
0.632742 0.000000 0.741529 0.002909 44.767553 0.000138 53.855127
0.005896 0.002048 0.355979 10.989619 84.108012 0.000127 4.538321
0.007849 0.000000 0.000002 99.816638 0.000239 0.000004 0.175267
4.200070 0.000005 24.962825 0.000015 37.744799 0.000970 33.091316
4.138545 0.000892 35.678416 0.081104 47.646913 0.000013 12.454125
6.077840 0.090945 73.232001 1.103223 3.966418 0.172612 15.356961
0.260528 0.000017 6.860276 10.779206 71.644717 0.001064 10.454188
0.168475 0.000000 27.364808 0.005817 10.407587 0.018428 62.034881
8.735903 1.238029 2.020078 0.492936 77.640378 0.019885 9.852792
0.041741 0.004662 1.031662 0.000032 98.917824 0.000013 0.004065
0.000087 0.000000 0.156538 2.516286 12.086409 0.000002 85.240680
3.434090 0.000049 3.483650 0.265920 8.872010 0.010831 83.933445
0.003445 0.000000 0.000157 0.000011 0.103000 0.000000 99.893385
0.030146 0.009267 0.298113 13.055234 5.960967 0.180436 80.465839
0.000334 0.000000 0.342969 0.000432 75.937325 0.000003 23.718943
0.125293 0.000023 3.879128 0.150887 6.859526 0.005935 88.979204
0.000141 0.000000 0.220594 0.000025 99.776280 0.000031 0.002933
23.323512 0.000798 0.502338 66.086743 0.065759 9.460079 0.560764
2.752253 0.002022 10.083296 0.659817 10.720607 0.784905 74.997097
6.565382 0.000097 12.560908 0.037017 64.264655 0.000886 16.571057
0.000376 0.000000 91.980469 0.050934 0.034849 7.899052 0.034318
0.662755 0.000000 16.047999 0.001795 83.281475 0.000038 0.005936
0.585510 0.000001 4.415835 0.000434 45.777580 0.004260 49.216381
5.310730 0.000707 44.543783 8.554708 14.233596 27.244678 0.111795
0.275776 0.000018 0.039778 0.000425 96.184171 0.000000 3.499833
0.009298 0.000000 0.091215 0.000014 19.108014 0.000662 80.790800
9.025076 0.016503 7.529424 0.001425 81.148628 0.581935 1.697011
0.097078 0.000664 1.820202 0.000823 97.420454 0.000023 0.660753
0.359656 0.010280 0.107922 64.673704 5.911907 0.016923 28.919610
0.038572 0.000000 7.136679 0.004964 78.424567 0.000441 14.394775
56.090283 0.000003 0.449246 0.000000 41.301388 0.000000 2.159080
4.445101 0.303440 4.388348 8.738686 12.991865 10.450308 58.682251
72.033391 13.457323 1.777426 0.009070 11.823020 0.034027 0.865735
0.000000 0.000000 0.000001 0.000000 100.000000 0.000000 0.000000
0.000003 0.000000 0.165711 0.010064 98.661149 0.000000 1.163070
0.195171 0.000000 10.844785 86.639179 0.077872 2.242812 0.000180
0.000058 0.000000 3.050740 0.000000 96.946317 0.000000 0.002882
29.798529 0.000195 13.219267 38.226029 8.394083 0.019013 10.342883
39.473365 0.000000 0.023349 0.000001 59.740036 0.000000 0.763244
6.494521 0.001414 3.255709 0.002584 85.208237 0.002984 5.034551
0.004949 0.000000 37.646937 0.001143 62.304006 0.000000 0.042965
0.063891 0.000002 0.003458 1.377103 98.313624 0.000029 0.241888
0.150218 0.032393 2.002076 0.027501 97.502011 0.000591 0.285209
0.000000 0.000000 0.133180 0.000001 99.866819 0.000000 0.000000
0.082491 0.000000 99.701178 0.000757 0.213743 0.000008 0.001822
0.094344 0.000001 61.172819 0.715158 0.023885 27.858877 10.134922
95.815640 0.000394 3.518303 0.257943 0.342310 0.001527 0.063887
0.023261 0.000000 0.215213 0.021727 99.566805 0.000813 0.172175
0.000072 0.000000 0.002429 14.611177 34.032789 0.000002 51.353526
0.000418 0.000000 0.791855 0.000000 99.207580 0.000000 0.000145
4.921672 0.017193 0.210451 1.359908 9.183364 0.002610 84.304804
0.000043 0.000000 0.000030 0.000000 1.653198 0.000000 98.346728
0.003986 0.000000 0.030695 0.000000 99.965274 0.000000 0.000042
1.115813 0.000001 0.388240 0.022784 14.165483 0.002843 84.304839
1.662959 0.743935 16.804917 0.073893 79.192909 0.012640 1.508738
28.455091 0.000008 4.127804 0.298042 12.935002 0.208142 53.975916
8.688906 0.000200 19.944295 0.000028 68.628727 0.000470 2.737380
3.726526 0.000000 25.578487 0.475035 0.174455 0.125557 69.919938
0.040210 0.000000 96.713310 0.010897 2.959580 0.000001 0.276003
86.072661 0.039134 13.270166 0.038265 0.367371 0.000573 0.211823
0.136417 0.000100 9.490334 0.001142 90.260077 0.000232 0.111700
0.000363 0.000000 98.055387 0.000259 1.905391 0.000013 0.038585
0.000000 0.000000 99.999726 0.000001 0.000174 0.000104 0.000000
3.580819 0.000000 0.047005 0.000008 6.183217 0.000000 90.188950
40.086469 0.948398 8.131601 0.007022 48.497865 0.753698 1.574950
0.000000 0.000000 0.083600 0.000072 0.012906 0.000001 99.903423
1.051530 0.013700 13.141131 0.938611 34.562280 0.000569 50.292179
8.353379 0.000471 10.196051 0.028237 31.446651 0.000308 49.974906
1.733359 0.025003 4.406096 0.006341 93.803196 0.000569 0.025438
0.009604 0.000000 1.099904 0.000000 1.177981 0.000001 97.712511
0.000004 0.000000 1.996783 0.000000 98.003191 0.000000 0.000023
0.239641 0.000526 6.267595 0.011781 84.570177 0.000048 8.910227
0.045784 0.000001 0.002444 0.075714 0.853430 0.000059 99.022573
0.009761 0.000005 43.421667 1.505030 52.173764 0.000000 2.889778
0.024725 0.000000 14.313484 0.000000 0.547828 3.258065 81.855898
3.647941 0.080941 8.029686 18.931429 67.030066 0.005716 2.274220
0.000431 0.000000 0.127034 0.000017 99.867475 0.000006 0.005035
6.741635 0.008409 37.228459 0.034767 34.967691 0.001080 21.017961
0.010256 0.000000 0.076291 0.403562 98.759007 0.000002 0.750889
0.001740 0.000002 3.357806 0.000280 96.640158 0.000000 0.000020
0.927720 0.004653 66.709971 0.097234 23.460118 0.090422 8.709889
0.000000 0.000000 0.000000 0.000000 0.252485 0.000000 99.747515
0.000001 0.000000 1.183694 0.000000 98.815697 0.000000 0.000611
6.217675 0.000837 0.829897 27.783986 10.677181 0.004858 54.485569
91.400475 0.000619 8.289497 0.027244 0.281811 0.000027 0.000316
0.000000 0.000000 0.000180 0.355679 99.642038 0.000000 0.002102
0.000045 0.000000 0.000929 0.000000 99.999005 0.000000 0.000026
0.095043 0.000345 0.030644 0.005740 15.296912 0.001144 84.570169
87.644202 0.000014 0.033775 11.858950 0.002168 0.009373 0.451514
0.046041 0.000000 0.000039 0.011951 3.787315 0.000007 96.154648
0.069875 0.000000 0.009659 0.000000 0.087273 99.754459 0.078738
0.000015 0.000000 0.174213 0.000000 0.724329 0.000000 99.101442
1.431317 0.004112 1.256671 59.212828 20.385352 2.793095 14.916621
0.114257 0.001590 0.752760 0.343331 91.873479 0.000243 6.914343
1.424582 0.000001 66.009557 0.177803 4.180666 0.094100 28.113297
1.558217 0.000021 0.012796 0.006056 9.630431 0.000053 88.792425
0.400118 0.000000 4.135486 0.000002 36.889598 0.000000 58.574796
0.942514 0.000039 9.017246 0.004557 89.564085 0.350629 0.120928
55.802003 0.000710 9.716260 4.077821 1.856874 5.130836 23.415497
4.436424 0.000097 10.285076 0.017125 37.277728 0.002816 47.980735
20.179014 0.000097 27.380389 0.083754 38.066110 0.202108 14.088534
9.635311 0.000231 10.728506 0.020697 0.161470 79.212856 0.240928
5.076953 0.221884 7.252276 12.604433 11.296333 0.597806 62.950317
9.943756 0.000067 3.452983 0.003815 58.129150 0.000161 28.470075
5.841918 0.002687 26.870754 0.008185 65.641785 0.011289 1.623385
0.000072 0.000000 14.857942 0.000047 0.000199 85.141740 0.000000
2.319528 0.007581 80.013170 1.721891 0.636489 13.488769 1.812572
44.995132 0.008557 0.329100 1.401658 51.054734 0.003238 2.207580
0.000000 0.000000 0.007366 0.000000 99.992263 0.000000 0.000372
5.677368 0.207937 3.711905 0.242312 57.981673 0.053025 32.125779
31.171373 0.090170 3.567783 0.285136 34.104767 0.465840 30.314931
30.278062 0.384537 34.805529 1.518989 32.545035 0.206548 0.261306
0.532595 0.000000 4.864503 0.000025 59.885538 0.000004 34.717330
1.275386 0.000000 12.173156 0.000000 64.959997 0.000002 21.591459
1.394913 0.000003 73.412625 0.000172 24.870640 0.032737 0.288910
0.303850 0.000032 2.250092 2.346715 0.592549 72.051863 22.454901
17.593180 0.002646 50.186408 0.299799 12.937452 1.690075 17.290442
22.957553 0.014718 27.910920 0.014458 46.731606 0.100061 2.270687
0.597406 0.000019 0.004751 80.777758 0.134239 0.031263 18.454561
3.112509 0.000007 32.966959 0.001382 42.992732 0.001436 20.924978
7.017922 0.047511 38.489968 6.408564 44.004455 0.162301 3.869277
0.005611 0.000005 1.881022 0.000030 98.091769 0.000001 0.021564
0.000864 0.000000 0.000027 85.714287 0.891248 0.000000 13.393572
0.000037 0.000000 0.000000 0.000000 0.000048 0.000000 99.999917
0.011655 0.000000 0.353770 0.001967 13.155811 0.001824 86.474979
0.141342 0.000001 0.033621 0.000017 83.594525 0.000000 16.230494
12.697974 0.033687 3.120916 0.027014 76.939073 0.018725 7.162604
0.103472 0.000486 99.878615 0.000013 0.017401 0.000000 0.000019
0.013981 0.000000 0.012549 17.277730 0.295622 0.000051 82.400070
0.026163 0.000011 45.715660 0.000406 54.254425 0.000000 0.003340
49.330935 0.100527 40.954560 7.718889 1.854380 0.008138 0.032575
0.000609 0.000000 0.452914 0.000001 97.587287 0.000000 1.959186
0.106892 0.000005 11.450668 1.051880 5.431714 0.059180 81.899661
0.000021 0.000000 22.207010 0.534305 76.751616 0.000002 0.507042
21.024276 0.000167 26.747465 0.000003 50.705290 0.000032 1.522775
1.648654 0.011736 12.737327 0.008942 85.372382 0.028070 0.192894
0.005311 0.005564 75.159210 0.017903 24.810483 0.000000 0.001531
0.000000 0.000000 0.000000 0.000137 0.002559 0.000001 99.997300
0.059348 0.000000 0.918925 0.000000 98.633844 0.000001 0.387881
25.793010 0.000000 0.171150 0.939612 14.021066 0.000146 59.075017
99.395466 0.000000 0.581223 0.003435 0.019837 0.000001 0.000045
97.282779 0.000606 2.315237 0.389394 0.009603 0.001182 0.001204
0.047456 0.000000 0.016219 99.930799 0.005528 0.000000 0.000004
24.655874 0.048606 40.539687 0.059455 30.845227 0.054950 3.796200
9.724934 0.000001 0.760676 0.000285 30.571556 0.000397 58.942151
0.081677 0.000000 0.030911 0.000049 0.139375 0.598132 99.149853
0.839659 0.003951 75.476800 0.001208 13.096932 0.000247 10.581210
0.328000 0.000000 0.000624 99.446929 0.000004 0.000017 0.224421
17.384458 0.011762 13.028313 0.848456 55.874848 0.068875 12.783292
43.272966 0.000042 0.069917 37.155414 11.665254 0.001042 7.835365
0.158079 0.231947 10.525097 0.037913 86.048113 0.000003 2.998855
99.329245 0.067571 0.548033 0.000016 0.052880 0.000024 0.002218
1.547993 0.006806 0.008766 0.030867 1.190466 0.002610 97.212493
0.098786 0.001049 78.029959 21.680674 0.028946 0.002058 0.158531
0.009215 0.000000 0.068729 0.000034 21.146330 0.000024 78.775668
1.109598 0.000000 0.119122 98.755199 0.015282 0.000015 0.000787
0.000001 0.000000 0.007448 0.000000 99.087048 0.000000 0.905503
34.288156 0.078771 57.193846 0.000189 5.583624 0.055296 2.800118
0.119561 0.000345 6.261121 0.112999 88.855953 0.000011 4.650006
69.012712 0.085422 18.856845 0.109151 7.847456 0.057147 4.031271
3.982440 0.000004 6.173538 89.450961 0.381717 0.000027 0.011314
1.968160 0.000529 0.430214 0.012644 83.033836 0.000142 14.554478
41.887748 0.003274 8.815646 0.901376 0.752223 34.163013 13.476719
0.017277 0.000000 2.717491 95.241052 0.000001 2.024180 0.000002
0.385664 0.008711 1.091391 76.691620 1.164841 0.000438 20.657339
0.000342 0.000000 0.141791 0.000142 98.564440 0.000000 1.293285
0.085142 0.000005 0.077827 0.000034 73.556840 0.000003 26.280153
3.398595 0.010339 0.172055 82.658808 0.970931 0.031538 12.757737
45.017317 0.051361 7.708045 0.250654 14.717054 0.051520 32.204044
0.468890 0.000001 1.296254 0.030844 8.221567 0.002044 89.980400
0.000291 0.000001 28.580107 56.435207 13.237263 0.000029 1.747103
99.563956 0.000003 0.002614 0.037353 0.192248 0.001069 0.202753
0.000883 0.000091 0.064146 0.873943 11.629619 0.000499 87.430816
0.053740 0.000000 1.713965 0.000001 96.839362 0.000590 1.392343
0.005529 0.000000 0.011794 2.911065 30.830067 0.008066 66.233480
0.019655 0.000006 0.000001 88.161147 11.752768 0.000000 0.066422
9.037423 0.000152 20.322283 0.001138 20.896295 0.032380 49.710333
13.919134 0.068442 47.262618 0.034240 16.306096 0.024572 22.384892
0.000000 0.000000 0.050656 0.000000 99.944836 0.000000 0.004509
9.635311 0.000231 10.728506 0.020697 0.161470 79.212856 0.240928
0.012902 0.000000 0.081789 99.865097 0.000949 0.036752 0.002515
98.145950 0.662369 0.607414 0.058124 0.026378 0.485647 0.014109
13.029750 0.008922 18.790910 0.005954 65.462055 0.020513 2.681897
0.093425 0.056135 74.771753 0.087245 21.923077 0.001476 3.066880
34.894451 0.019989 2.035369 0.356953 50.761929 0.029214 11.902101
0.110868 0.000075 12.237677 0.002501 87.647896 0.000000 0.000982
1.342307 0.042779 7.677202 85.837477 1.359613 3.489681 0.250945
0.000895 0.000000 38.541132 0.000281 61.075675 0.000102 0.381916
4.860417 0.017995 1.072005 0.376886 93.647188 0.002882 0.022630
52.634794 0.000043 2.871491 0.000153 16.037966 0.004425 28.451136
23.964593 0.000020 0.057632 0.692971 75.167912 0.000063 0.116811
0.000008 0.000000 99.994594 0.000007 0.005396 0.000000 0.000002
0.005324 0.000011 0.323085 0.266004 99.401099 0.000000 0.004472
0.004977 0.000000 24.170183 0.000000 75.817362 0.000000 0.007483
0.007927 0.000000 0.243107 0.022192 22.783641 0.000000 76.943134
0.368721 0.001657 0.352049 0.000020 98.064250 0.000000 1.213302
0.003675 0.000000 18.386631 3.171282 53.293568 0.000061 25.144783
0.000127 0.000000 37.674728 0.003645 9.381669 0.001903 52.937931
5.820461 0.000328 93.294388 0.087985 0.161392 0.554225 0.081222
0.000000 0.000000 1.865890 0.000000 98.134112 0.000000 0.000000
0.004231 0.000000 16.074180 0.000658 83.378749 0.000000 0.542180
0.528166 0.000500 46.817019 1.780898 50.457633 0.000000 0.415785
0.000000 0.000000 0.000000 0.000000 100.000000 0.000000 0.000000
5.116023 0.001014 0.322362 2.323532 14.950258 2.644056 74.642754
99.782443 0.068836 0.106844 0.000006 0.041854 0.000008 0.000010
56.620142 0.022795 31.480463 0.036776 11.166839 0.000456 0.672528
0.000661 0.000000 7.952179 0.000000 91.994178 0.000000 0.052982
0.000000 0.000000 0.006158 0.000000 99.993843 0.000000 0.000000
0.001014 0.000014 0.184816 0.000000 99.812669 0.000000 0.001491
10.580564 0.001095 4.197923 0.064736 22.878431 0.170471 62.106784
0.000764 0.000000 0.011619 98.310715 0.000156 0.006117 1.670627
0.000163 0.000000 37.363738 0.162673 3.029063 0.045566 59.398800
0.232637 0.000453 43.368149 0.043152 49.126655 0.005797 7.223154
0.468044 0.003478 0.106846 97.426331 0.007875 0.011194 1.976228
0.554987 0.000009 0.414524 96.848779 2.001441 0.000346 0.179918
0.000000 0.000000 0.003585 0.000000 99.996060 0.000000 0.000353
0.000001 0.000000 0.003191 0.000211 99.996603 0.000000 0.000000
0.000002 0.000000 0.018161 99.979728 0.000958 0.000000 0.001148
0.000103 0.000000 4.178632 0.000017 95.821249 0.000000 0.000000
0.000006 0.000000 5.186272 0.000007 94.806123 0.000000 0.007595
0.029528 0.000000 8.862922 0.000000 91.077824 0.000000 0.029721
22.185507 0.000011 2.537746 0.019600 71.828173 0.001232 3.427731
0.223971 0.000082 53.962559 25.296336 0.018806 20.497870 0.000380
0.000004 0.000000 0.000659 15.440549 0.000622 0.000027 84.558147
0.001112 0.000000 0.020749 77.156185 0.195143 0.524432 22.102383
20.214400 0.000040 1.876420 0.012323 68.262726 0.005111 9.628974
0.001435 0.000000 26.648667 0.000373 73.337358 0.000052 0.012112
0.000000 0.000000 0.000000 0.000000 0.000000 0.000000 100.000000
92.497909 0.012003 0.600725 0.000000 6.872109 0.000373 0.016880
0.240145 0.000364 2.264529 33.071439 0.880391 14.072941 49.470195
0.006653 0.000000 0.797702 0.000000 41.335085 0.000723 57.859838
0.076531 0.000000 0.156121 0.000001 98.815513 0.000000 0.951830
37.510780 12.022097 38.739443 0.013324 3.839280 7.253046 0.622033
34.482022 0.000116 0.238493 0.000535 54.221510 0.000009 11.057309
1.832008 0.008520 24.199761 0.036917 17.637351 0.000612 56.284833
0.021309 0.000000 11.418002 0.044196 87.641156 0.000614 0.874722
0.000000 0.000000 0.057500 0.000000 96.954828 0.000000 2.987669
60.328076 0.153548 12.320127 0.007889 23.284590 0.032238 3.873525
72.537546 0.000042 3.801109 22.887061 0.022607 0.748469 0.003169
0.147340 0.000002 0.055825 0.005560 16.181597 0.009067 83.600610
3.727687 0.002992 13.968922 0.000841 81.995964 0.113441 0.190150
0.000049 0.000000 0.000010 99.929321 0.016340 0.000000 0.054279
4.521702 0.019525 2.680429 30.816931 47.466478 0.621474 13.873464
0.377783 0.000000 0.209340 0.005062 99.059337 0.000020 0.348463
97.569883 0.000000 0.318840 0.001619 1.996837 0.000288 0.112529
0.002305 0.000000 5.095632 0.249674 88.221686 0.000586 6.430119
2.021667 0.001720 21.386409 0.022668 54.764688 0.000155 21.802691
63.665187 0.017698 23.613881 4.125832 6.081872 0.260100 2.235422
0.278941 0.001537 1.371243 0.405910 2.272061 0.113608 95.556700
4.110355 0.058016 38.192278 14.249602 17.789511 0.009498 25.590742
0.092854 0.000972 49.859768 1.235716 40.249618 0.037916 8.523163
76.413962 0.000015 0.538652 0.000207 22.767629 0.000000 0.279533
0.009994 0.000008 18.787095 0.482693 2.188382 0.072212 78.459615
2.725081 0.006770 0.184649 11.565572 83.509302 0.006129 2.002499
0.002208 0.000000 0.026929 0.000077 13.903482 0.041502 86.025798
0.005905 0.000000 0.926982 0.000450 99.066657 0.000000 0.000005
3.885164 0.000269 6.864589 0.011287 26.374409 0.054418 62.809861
2.952561 0.000011 0.773799 0.000030 93.536062 0.000421 2.737106
44.791871 0.000000 0.029501 0.001116 41.578564 0.000000 13.598947
0.454637 0.014833 8.227881 11.563536 2.019844 0.094960 77.624306
0.001568 0.000000 0.000383 0.076980 0.073338 0.111211 99.736524
0.000000 0.000000 0.005553 0.000000 99.994391 0.000000 0.000055
0.000005 0.000000 0.000614 92.032605 0.000889 0.000564 7.965323
0.259814 0.000000 4.357353 0.002649 95.309681 0.004058 0.066438
0.502549 0.001967 89.257526 0.000003 9.942802 0.124389 0.170766
0.773853 0.750500 4.218699 0.032071 56.157821 0.068535 37.998520
1.511915 0.002514 5.039472 0.480851 92.833715 0.002644 0.128888
7.089468 0.003923 27.025950 0.000084 56.791896 0.000838 9.087849
0.000000 0.000000 0.000790 0.000000 99.999213 0.000000 0.000000
0.005794 0.000000 14.854255 0.000009 84.522297 0.000000 0.617642
8.162068 0.000480 15.290408 0.001475 39.379919 0.000806 37.164846
0.000001 0.000000 0.003545 0.000011 99.996233 0.000000 0.000214
0.000064 0.000000 0.081635 0.016589 99.901682 0.000000 0.000031
5.469775 0.434735 11.225217 0.101813 41.464158 0.002088 41.302218
8.862669 0.003257 23.037167 0.000042 62.887035 0.002220 5.207605
28.372630 4.409988 7.244269 0.007732 59.964341 0.000001 0.001035
0.000281 0.000000 53.319251 46.264029 0.348902 0.000004 0.067529
41.242156 0.000011 0.026534 58.731102 0.000012 0.000000 0.000180
0.000368 0.000574 0.005307 0.000000 99.993753 0.000000 0.000004
0.000016 0.000000 2.693395 0.000004 97.304094 0.000000 0.002490
0.434021 0.021367 40.504151 1.885619 48.149770 0.000575 9.004500
0.000849 0.000000 26.369148 0.000000 73.629969 0.000000 0.000037
18.730548 0.000010 0.377892 0.038056 12.687214 0.010379 68.155903
1.510835 0.181564 12.552330 0.001566 77.708799 0.006953 8.037951
0.105483 0.007383 19.932786 0.008294 79.798504 0.005709 0.141836
17.982484 0.001084 30.045092 0.001797 50.209713 0.000033 1.759797
0.005888 0.000001 0.020422 96.146786 0.150003 0.093922 3.582983
17.853957 0.000201 3.239464 0.065182 23.492311 0.000223 55.348665
0.000002 0.000000 15.548861 12.741299 66.317499 0.000001 5.392342
0.000021 0.000000 41.355661 0.001226 0.053038 0.021162 58.568889
0.000795 0.000012 0.006755 0.002046 99.989307 0.000000 0.001082
0.013068 0.000001 2.287410 0.002028 41.821092 0.000135 55.876267
5.522683 0.002246 2.916975 2.412959 1.777540 0.097366 87.270236
29.960662 0.121764 6.581657 0.028286 50.660139 0.009306 12.638186
0.650737 0.000500 4.245846 0.000787 94.668716 0.000718 0.432693
0.079291 0.000002 50.237280 48.938870 0.015621 0.475945 0.252998
0.000140 0.000000 0.087681 0.000000 99.912137 0.000000 0.000039
0.000491 0.000000 0.128943 0.000000 99.870533 0.000000 0.000033
1.973985 0.000094 66.984862 27.724212 3.308422 0.001769 0.006652
96.779889 1.179439 0.200019 0.000000 1.833019 0.000040 0.007585
5.714971 0.000000 0.000000 0.000000 0.013228 0.000000 94.271798
17.785145 0.000004 0.066271 0.054829 76.566803 0.000040 5.526904
23.824565 5.588038 17.098504 0.071337 35.553655 0.237462 17.626444
0.356824 0.000005 0.172774 0.001985 99.386507 0.000000 0.081901
0.000000 0.000000 0.039412 0.000005 99.960560 0.000000 0.000021
18.461347 0.014903 2.167070 0.055035 71.442980 0.006018 7.852650
31.863260 0.002364 1.881264 0.000020 30.311653 0.063327 35.878107
0.000035 0.000000 4.824071 0.000186 14.776453 0.000001 80.399256
0.114570 0.000071 5.102236 0.033936 26.130244 0.157320 68.461627
98.871171 0.000077 0.105972 0.000372 1.022005 0.000001 0.000404
0.042498 0.000000 4.152373 0.000008 95.805055 0.000000 0.000064
1.154409 0.000039 1.079935 0.005280 97.706544 0.003889 0.049905
0.143945 0.004096 1.964107 0.016009 97.811985 0.000000 0.059866
0.000743 0.000001 2.236198 2.880108 93.470179 0.000007 1.412766
0.000049 0.000000 0.003348 0.000000 99.996507 0.000000 0.000093
2.202020 0.022764 44.086549 1.105301 15.632702 0.098058 36.852604
0.285308 0.000008 37.632099 0.000007 62.077039 0.000000 0.005542
3.284381 1.541947 31.640520 0.026176 61.906920 0.031669 1.568391
0.000466 0.000000 0.133920 0.620594 1.351294 0.047718 97.846013
0.044290 0.000021 0.006784 0.001571 99.326390 0.000000 0.620942
8.704774 0.021076 18.434973 45.661384 27.177435 0.000160 0.000195
10.992534 1.060227 18.035415 0.068779 69.021499 0.284894 0.536651
0.126009 0.008408 86.680681 5.430144 0.394015 7.262794 0.097942
0.001572 0.000000 0.058852 64.943498 0.005897 0.000799 34.989381
0.085452 0.107658 34.934494 0.003699 63.101238 0.000025 1.767436
2.689392 0.001683 0.004024 17.145026 6.669363 0.227474 73.263043
3.893109 0.064232 15.697438 0.079459 79.307199 0.006343 0.952223
0.163625 0.000000 9.326264 0.000001 84.160525 0.000043 6.349550
1.184958 0.006276 3.537159 0.035189 95.225524 0.000001 0.010894
18.927085 0.000159 34.574991 0.000005 46.294215 0.000023 0.203512
0.008750 0.000000 0.070133 0.574915 0.351010 0.003502 98.991692
83.802777 0.000247 8.937046 0.007282 7.252517 0.000059 0.000076
2.415571 0.001904 1.594114 0.144978 19.394751 0.001348 76.447332
5.323815 0.012433 8.521355 0.274059 65.100986 0.002423 20.764935
0.434217 0.000010 0.002461 0.284685 7.738773 0.000003 91.539853
1.423147 0.000067 25.225210 0.042631 56.038213 0.004565 17.266172
1.570274 56.154525 31.340185 0.014929 10.913155 0.000033 0.006900
0.000006 0.000000 0.000593 0.000256 0.234693 0.000001 99.764448
7.304762 0.081801 1.345151 1.753737 6.338175 0.012586 83.163786
0.024852 0.000000 0.060160 0.000045 34.822571 0.000000 65.092379
26.290306 0.000000 0.053936 0.000058 29.906747 0.000016 43.748930
8.830947 0.000001 0.292923 0.001596 37.943724 0.000004 52.930808
0.000000 0.000000 42.895272 0.000003 57.104558 0.000000 0.000164
5.146613 0.000001 0.117709 0.006885 43.268157 0.000319 51.460314
0.000042 0.000000 7.366021 0.000001 92.633849 0.000000 0.000091
0.008628 0.001054 3.946267 0.000049 95.402282 0.000165 0.641548
91.401315 0.000000 1.252452 0.002599 7.037534 0.000010 0.306093
0.000001 0.000000 0.000114 0.000001 99.999887 0.000000 0.000001
1.848948 0.002139 13.971606 0.899648 16.646947 0.001343 66.629374
1.238215 0.000006 9.736229 61.314040 18.990082 0.001503 8.719925
47.029775 30.560681 8.874732 0.695950 12.742251 0.074904 0.021710
3.186660 0.000000 96.813095 0.000000 0.000247 0.000000 0.000000
0.170830 0.000001 0.678679 0.000932 94.108242 0.000000 5.041318
0.183007 0.050258 35.930339 0.000753 8.791192 54.937249 0.107199
0.000519 0.000000 0.950566 0.000135 99.046040 0.000004 0.002740
22.661392 0.058299 5.064742 0.001284 15.918253 0.096412 56.199610
33.825573 0.000000 25.830120 35.676694 1.925032 0.772043 1.970543
0.000000 0.000000 45.941764 0.000000 54.058236 0.000000 0.000001
0.726629 0.000009 0.789619 0.078621 16.812298 0.000368 81.592458
0.017375 0.000000 0.091232 0.000009 3.979903 0.000216 95.911264
0.000619 0.000002 92.326790 7.629158 0.000005 0.021260 0.022171
5.349722 0.000309 21.517745 0.260623 68.560505 0.130514 4.180582
64.663087 0.000003 1.192356 0.000028 24.218313 0.003317 9.922887
0.131734 0.006360 32.602984 0.007457 62.784445 0.001077 4.465947
0.004255 0.000000 48.606324 0.289265 40.939326 0.000000 10.160821
2.200230 0.000027 26.798785 0.039977 70.960075 0.000047 0.000855
3.423496 0.000002 95.281899 1.088242 0.206332 0.000026 0.000002
0.069957 0.000029 0.195249 0.000232 95.568102 0.000000 4.166430
0.000050 0.000000 0.164848 0.000109 99.834478 0.000000 0.000515
30.795803 4.944864 50.017408 0.068273 9.546324 4.486211 0.141127
0.012426 0.000175 12.413408 3.609659 69.111947 0.060296 14.792090
94.491934 0.010379 1.841113 0.051903 3.604625 0.000032 0.000015
0.073329 0.000000 1.902089 0.004652 98.018152 0.000002 0.001778
0.029628 0.000000 76.230854 0.000238 15.289520 0.000505 8.449256
0.012347 0.000273 0.442625 0.021927 99.501491 0.002083 0.019250
1.433040 0.000981 24.959636 0.000044 67.220455 0.000005 6.385837
0.014339 0.000001 3.361043 0.000005 96.495402 0.000000 0.129208
0.003476 0.000000 14.579371 0.000001 85.417122 0.000000 0.000034
2.111983 0.000000 12.345285 0.000018 69.299793 0.004127 16.238794
1.235896 0.000345 66.791425 0.033284 30.064608 0.008377 1.866065
99.446905 0.000026 0.003550 0.043897 0.377857 0.000098 0.127665
0.012019 0.000000 0.000127 0.016096 1.900568 0.000000 98.071188
4.809350 0.071877 74.454838 1.312340 8.216655 0.122228 11.012714
0.198675 0.000069 12.199782 0.000309 86.282808 0.000020 1.318339
15.592966 0.000000 83.286921 0.886514 0.001074 0.227186 0.005346
10.502227 0.000433 49.167934 0.000014 39.877486 0.428435 0.023477
2.270996 0.008625 1.017738 0.002655 44.514820 0.000984 52.184182
0.000050 0.000000 13.113456 0.009581 2.177207 0.004215 84.695493
3.676805 0.000000 0.034838 0.001940 95.980001 0.000000 0.306414
0.000097 0.000000 88.255066 0.001651 0.290106 0.000001 11.453080
99.546790 0.000186 0.361281 0.059407 0.016057 0.000012 0.016263
1.645258 0.024537 8.026341 0.031421 68.416677 0.004998 21.850772
10.347986 0.000132 11.395788 0.001064 36.430456 0.027904 41.796664
3.756128 0.000000 0.263554 0.003594 8.619429 0.000053 87.357247
1.140008 0.005555 3.808323 0.000353 95.034123 0.000218 0.011414
0.000000 0.000000 0.000004 0.000000 100.000000 0.000000 0.000000
0.000001 0.000000 0.000558 0.000000 99.999440 0.000000 0.000000
0.004245 0.000000 0.005646 0.011298 0.000351 0.033065 99.945396
0.342893 0.000023 3.258566 0.029251 0.048958 96.319991 0.000319
0.000000 0.000000 0.000095 0.000070 0.051074 0.000058 99.948704
18.279825 0.000021 3.837895 0.000631 77.585572 0.044726 0.251327
77.637762 7.609156 2.270560 0.136800 11.137428 0.134295 1.074001
0.316905 0.000001 60.916156 0.000692 37.011346 0.000120 1.754786
0.981956 0.001242 11.956132 0.002112 63.055585 0.014699 23.988277
83.696049 0.000000 0.002483 0.002486 0.402109 0.000009 15.896866
0.001209 0.000000 0.680729 0.000009 99.022889 0.000005 0.295154
75.039607 0.123528 23.028138 0.000333 1.326007 0.004087 0.478299
0.121131 0.000001 0.311368 1.867730 1.946245 0.020149 95.733374
0.372984 0.000000 0.272668 0.017442 3.628506 0.000033 95.708370
11.877926 0.118679 60.420775 0.018874 26.064456 0.068092 1.431195
1.839908 0.000000 7.843720 0.000053 89.637852 0.000000 0.678470
0.001521 0.000000 0.003881 0.003671 95.159256 0.000000 4.831673
83.233350 0.004873 9.801056 0.000583 3.612499 0.009186 3.338449
3.012613 0.000000 2.294550 0.000213 47.174731 0.000011 47.517881
6.359424 0.103259 3.199018 0.002052 87.276816 0.000610 3.058822
2.319659 0.000011 0.166251 0.031603 2.110960 0.000014 95.371509
0.005884 0.000000 0.085587 0.000000 99.289989 0.000000 0.618543
0.000337 0.000000 94.790864 0.000006 5.208791 0.000000 0.000001
0.003865 0.000001 1.563592 0.054971 97.006523 0.000042 1.371010
29.540175 0.007989 0.913305 0.003473 55.180502 0.000019 14.354539
0.056727 0.000000 67.592406 0.000046 32.154989 0.000000 0.195834
0.137192 0.000013 2.531742 5.754701 1.037630 0.032345 90.506375
0.000001 0.000000 0.000007 0.000000 99.999893 0.000000 0.000100
0.115319 0.000063 24.910213 0.019588 73.514348 0.000112 1.440354
0.004558 0.000001 3.458251 0.327402 94.753116 0.000000 1.456672
0.001468 0.000000 64.891446 1.486907 0.141779 33.478391 0.000005
0.012994 0.000000 1.546437 0.000006 0.000147 98.440415 0.000000
0.077960 0.000005 8.783828 0.354299 71.424687 0.705453 18.653773
42.218723 0.000009 0.881110 0.071719 32.388322 0.000145 24.439976
0.000090 0.000000 0.031512 98.030370 0.002904 0.004097 1.931028
0.304688 0.000091 29.211279 0.069886 66.322724 0.000325 4.091003
0.011845 0.000002 9.184334 0.768745 79.540718 0.002919 10.491437
75.947374 0.038376 0.713772 0.012504 23.182109 0.000047 0.105819
0.109571 0.000001 2.150618 0.000858 96.348578 0.000196 1.390178
3.021952 0.098327 1.131211 0.044953 76.899418 0.000293 18.803840
0.000868 0.000000 76.283669 0.240360 1.238059 3.519138 18.717909
13.029750 0.008922 18.790910 0.005954 65.462055 0.020513 2.681897
0.001435 0.000000 0.008307 0.000001 0.302432 0.000264 99.687558
10.994657 0.056381 40.996449 0.000721 45.305228 0.000883 2.645687
0.865966 0.000000 0.682614 0.004262 9.661989 0.006850 88.778317
0.140134 0.000005 52.345461 0.000679 47.372040 0.000208 0.141476
1.230891 0.921528 26.518254 0.000015 71.302007 0.000891 0.026415
0.004377 0.000000 0.002489 94.795895 5.026910 0.000001 0.170328
90.322168 0.000018 0.861781 7.649163 1.132204 0.000216 0.034448
0.042650 0.000000 2.534792 0.154484 2.442402 0.000058 94.825613
0.050114 0.000000 0.000025 0.001057 0.009936 0.000000 99.938869
21.059065 0.000675 0.865123 0.001218 73.083466 0.000511 4.989938
64.673668 0.000101 0.305406 0.000000 35.001338 0.000000 0.019486
0.579870 0.000020 63.019037 0.286708 6.178477 27.322108 2.613775
3.277643 0.000205 0.095726 43.655136 39.056628 0.084882 13.829780
0.177633 0.000060 2.878645 0.000143 96.907103 0.000000 0.036420
1.664778 0.000000 0.010452 0.000342 7.353127 0.000000 90.971302
0.104195 0.000000 0.007585 0.000000 60.250551 0.000000 39.637673
0.000791 0.000000 74.365890 0.000000 25.623000 0.000000 0.010318
0.230924 0.000003 47.367653 0.002103 47.660532 0.000149 4.738636
17.583694 0.003194 57.491475 1.154200 23.591064 0.004997 0.171376
0.022755 0.000000 2.903380 0.000025 37.197217 0.000000 59.876624
13.244212 0.000000 3.685514 0.000000 40.250903 0.000000 42.819372
0.012209 0.000005 1.976372 0.001492 98.004204 0.000000 0.005718
14.832403 0.000323 0.222165 0.061582 20.333366 0.086128 64.464033
27.610399 0.012546 1.091773 0.002230 55.332426 0.001859 15.948766
0.000000 0.000000 0.000011 11.792519 0.000981 0.003333 88.203156
0.753872 0.000173 0.019778 0.199895 0.464337 0.001220 98.560727
26.890600 0.000227 9.154741 0.298844 32.770449 0.850566 30.034572
0.006453 0.144398 0.518563 0.030984 99.291563 0.000026 0.008016
2.335483 0.024076 83.474374 2.440738 10.879689 0.566582 0.279062
0.627559 0.000000 0.012396 0.009405 99.350643 0.000000 0.000000
0.058643 0.000000 8.277584 91.592920 0.005566 0.000006 0.065283
1.681869 96.772486 0.312362 0.013299 0.928985 0.000799 0.290198
61.202401 0.000000 5.266044 0.003135 33.495387 0.000023 0.033011
0.073523 0.000000 6.349942 0.000095 88.556056 0.000017 5.020363
1.146652 0.006016 42.572212 0.000009 56.231174 0.000030 0.043902
0.000001 0.000000 0.000117 0.000001 0.005613 0.034712 99.959558
29.178258 0.066622 30.924552 0.002555 39.733096 0.000997 0.093925
0.296041 0.047702 12.582203 0.026104 86.822843 0.007607 0.217505
0.026760 0.000000 0.034960 0.000002 70.320110 0.000000 29.618170
0.019988 0.000000 2.554004 0.008302 7.808533 0.000014 89.609158
0.284885 0.000012 2.521211 0.005640 6.573168 0.000341 90.614742
0.229593 0.000078 1.820455 0.000007 97.944713 0.000001 0.005153
1.496541 0.000001 0.092472 86.575478 3.294961 0.000000 8.540546
13.398219 0.000003 0.181942 0.000014 5.218497 0.000758 81.200569
0.004977 0.000000 24.170183 0.000000 75.817362 0.000000 0.007483
0.139050 0.000058 0.102035 0.211886 51.202762 0.000010 48.344201
0.000000 0.000000 99.879932 0.000076 0.119938 0.000001 0.000052
0.000451 0.000000 0.089720 0.000000 99.772185 0.000000 0.137643
55.289647 0.008741 10.023872 0.308040 11.703961 0.031379 22.634366
11.676360 0.000290 1.023249 32.395494 54.904592 0.000004 0.000006
0.000000 0.000000 0.000535 0.000000 0.005250 0.000000 99.994218
0.008194 0.000000 14.095421 0.747673 22.258247 0.000017 62.890452
61.173472 0.000234 4.952639 8.911676 21.392408 0.035563 3.534011
0.000492 0.000000 0.000057 0.000000 0.059009 0.000000 99.940443
0.009355 0.000000 15.210766 0.000011 84.767109 0.000000 0.012762
3.073123 0.000068 1.193928 6.346865 0.831527 1.465210 87.089276
7.767481 0.264543 44.796261 2.961518 42.281523 0.300801 1.627877
98.831099 0.005652 0.855702 0.020526 0.245720 0.001392 0.039904
0.000159 0.000000 1.540301 0.000000 98.458570 0.000000 0.000976
1.547468 0.155975 0.248619 0.105924 69.412893 0.000815 28.528306
0.092018 0.000004 0.116960 0.195688 0.409877 0.000134 99.185318
16.106735 0.309754 75.594877 0.006282 4.249877 0.136883 3.595597
71.605998 0.023312 7.669631 0.000186 14.342278 0.003136 6.355461
1.893622 0.000058 0.007626 0.387635 96.171939 0.000001 1.539121
3.323715 0.181601 2.344817 18.435101 25.111765 0.873820 49.729177
0.000008 0.000000 61.906228 0.000094 37.965094 0.000019 0.128558
0.000000 0.000000 0.015833 99.132079 0.001897 0.009061 0.841137
0.545561 0.000003 88.876587 0.000961 10.458049 0.108627 0.010209
12.529902 0.000001 38.973217 7.241216 41.246108 0.000997 0.008554
3.933553 0.000248 11.361989 0.497487 80.272981 0.107131 3.826601
0.052249 0.000004 2.108115 4.763827 16.020047 0.238365 76.817392
2.239055 0.010103 0.689160 94.113952 2.602875 0.340366 0.004486
0.000390 0.000000 2.287957 0.000039 97.632956 0.000001 0.078662
11.708488 0.000000 1.469965 0.000011 78.897121 0.000070 7.924337
1.768815 0.002185 34.849544 0.001059 55.066458 0.000039 8.311899
1.759391 12.516180 26.927799 0.041121 58.587794 0.000659 0.167050
1.083638 0.038536 1.329461 1.527058 10.388464 18.569943 67.062902
2.474795 0.001206 4.776378 0.036446 90.016818 0.003285 2.691070
16.694506 0.029545 9.395716 0.089147 32.621372 0.008505 41.161206
0.755434 0.000001 0.003884 0.005843 0.646030 0.000004 98.588806
9.028422 0.000362 0.727389 45.982014 44.261681 0.000120 0.000021
22.773354 0.000166 13.718434 0.000425 49.960601 0.134959 13.412063
0.001891 0.000000 0.012533 0.000089 99.571091 0.000000 0.414393
1.273940 0.000074 1.124466 0.145481 2.405253 0.004714 95.046073
0.002790 0.000000 30.619948 0.000011 67.595176 0.000007 1.782060
1.299868 0.690988 16.485131 0.000078 76.451468 0.000045 5.072423
3.817354 0.027101 0.289963 0.066227 82.576334 1.037243 12.185782
0.011450 0.000005 6.577984 0.000012 93.048173 0.000000 0.362382
2.239663 0.054288 8.170719 32.847819 33.947408 0.051307 22.688800
0.007994 0.000000 0.124237 0.000000 55.760562 0.000001 44.107208
0.075019 0.000079 0.022485 0.000016 99.824685 0.000000 0.077718
95.540351 0.001111 3.945125 0.000986 0.512398 0.000000 0.000035
0.045885 0.000000 3.201487 0.027565 1.603053 0.103723 95.018280
4.017029 0.008326 3.286276 3.195539 50.290066 0.145066 39.057699
0.000347 0.000000 0.510309 0.000001 99.484563 0.000000 0.004783
0.036788 0.000000 0.000028 99.941039 0.021952 0.000000 0.000196
69.542769 0.000249 19.363183 0.006304 9.282807 0.034676 1.770007
0.001254 0.000000 0.028726 97.852022 0.004759 0.339107 1.774127
0.387509 0.007404 7.613785 0.000006 91.887831 0.000186 0.103285
0.608342 0.000005 4.626000 0.000001 94.732124 0.000000 0.033532
11.439585 0.001061 0.190892 0.191061 68.766904 0.005297 19.405201
0.514689 0.000006 0.107812 0.396597 0.562515 0.001625 98.416757
0.756058 0.000017 2.825259 0.000011 96.219707 0.000130 0.198818
0.000000 0.000000 0.000079 0.000000 99.999231 0.000000 0.000692
0.000663 0.000000 0.000013 95.044433 0.000687 0.000001 4.954210
0.013977 0.000000 64.503436 1.517050 31.057229 0.000256 2.908046
52.490711 0.000000 0.000013 0.000000 8.377367 0.000000 39.131916
0.080759 0.000001 1.914549 0.574307 0.509885 0.015811 96.904683
0.012415 0.001017 48.817474 0.495701 48.969120 0.001351 1.702922
0.493358 0.000000 0.071701 99.434328 0.000325 0.000012 0.000272
0.000273 0.000006 0.000618 99.840295 0.141968 0.000000 0.016843
0.000387 0.000000 0.004178 0.001273 96.402377 0.000000 3.591777
0.001238 0.000000 25.516358 73.981202 0.195827 0.128420 0.176959
3.387952 0.000000 0.004603 58.814249 0.022759 0.001324 37.769117
1.392818 0.056595 52.816543 41.685998 2.448357 0.003174 1.596519
48.280415 0.000051 0.203069 0.472568 6.304348 0.000449 44.739103
0.000135 0.000000 0.118065 0.000150 99.873024 0.000000 0.008623
74.829853 0.000000 8.920231 0.480301 0.245124 0.000000 15.524493
0.921024 0.000004 64.682643 0.006336 34.060254 0.003335 0.326402
0.687109 0.785064 16.060570 1.016018 43.775067 0.002997 37.673178
0.231974 0.000002 3.962351 0.484414 2.477112 0.347468 92.496681
51.216578 1.023365 13.299271 0.028481 26.943523 0.192946 7.295838
2.369246 0.000012 12.811147 0.077920 6.098386 45.171404 33.471881
1.950098 0.000004 2.361760 0.002468 9.030645 0.041944 86.613083
0.057209 0.000000 81.456321 0.000106 18.482338 0.001412 0.002608
0.167184 0.000000 0.076151 0.616158 20.718896 0.000181 78.421426
0.163486 0.000988 4.188942 0.049734 95.474815 0.000000 0.122034
15.109453 0.000000 0.341551 0.000231 5.623643 0.000004 78.925115
0.000018 0.000000 0.117645 0.001474 61.762576 0.000000 38.118283
0.512810 0.000170 70.359580 0.376706 17.012390 0.003555 11.734789
10.342209 0.003291 8.128997 0.008054 41.087678 0.006660 40.423119
0.096877 0.000000 0.404828 97.591985 1.906084 0.000008 0.000215
0.000295 0.000000 0.003313 0.000062 2.206942 0.000000 97.789389
0.006656 0.000000 0.000738 0.000000 0.010230 0.000000 99.982375
0.001787 0.000000 46.479467 0.109838 51.994944 0.057041 1.356922
0.066228 0.000000 14.958787 0.001591 19.260707 0.000001 65.712684
0.011970 0.000027 0.034355 17.430309 11.801102 0.032322 70.689919
55.150372 0.171871 30.808482 1.243043 9.714585 1.733910 1.177736
0.000015 0.000000 0.001359 6.128170 92.654115 0.000002 1.216344
0.088113 0.000025 55.206138 13.619398 26.576582 0.000489 4.509256
0.377835 0.000002 6.256047 0.063488 90.208358 0.005721 3.088556
0.000051 0.000000 0.466154 99.389535 0.050711 0.000113 0.093432
0.000807 0.033331 0.442940 0.000002 99.522924 0.000000 0.000000
0.021789 0.002710 8.953526 0.075224 86.607652 0.000556 4.338547
84.902686 0.000000 0.420081 0.001476 14.051530 0.000004 0.624223
0.000000 0.000000 1.580122 0.000000 0.000001 45.746332 52.673546
0.003388 0.000000 0.058198 0.000095 0.411365 0.000702 99.526250
0.027441 0.000000 0.000021 0.027521 84.224435 0.000000 15.720579
22.299744 0.000258 2.834217 0.069183 50.053099 0.013671 24.729826
7.993885 0.000007 0.393826 0.019935 89.444703 0.000018 2.147632
2.828601 0.004825 39.932570 0.047754 35.841876 0.018777 21.325603
9.857605 0.000000 90.142375 0.000000 0.000017 0.000000 0.000000
0.196066 0.000465 1.753508 0.182250 96.368820 0.000298 1.498586
0.179104 0.000000 21.516940 0.028018 0.120803 1.262256 76.892880
0.274407 0.003744 35.400599 21.644093 17.212574 0.150381 25.314206
0.001095 0.000000 0.004915 0.000004 40.568841 0.000000 59.425151
10.453207 0.000411 4.724291 0.012015 30.158797 0.002477 54.648799
0.000006 0.000000 1.641853 0.001733 98.353124 0.000000 0.003283
64.559084 0.522701 4.529347 0.040959 6.797787 0.042919 23.507205
0.000004 0.000000 0.017209 0.000000 99.982786 0.000000 0.000000
0.794496 0.001635 5.708604 0.000492 89.285839 0.000105 4.208831
0.000302 0.000000 0.000158 0.000000 0.206845 0.000000 99.792695
5.168767 0.000000 2.280754 0.000142 91.061395 0.001560 1.487381
0.000861 0.000000 1.931793 0.000246 0.000001 98.067093 0.000000
0.019749 0.000000 0.004039 0.000097 99.969268 0.000000 0.006845
0.000035 0.000000 0.221530 87.873298 0.010248 0.014771 11.880127
0.093639 0.000001 0.014696 0.221627 3.733264 0.000000 95.936775
1.826507 0.002682 4.181896 0.000001 93.963814 0.000000 0.025102
0.009955 0.000000 0.012680 0.000027 99.312150 0.000000 0.665190
0.001652 0.000000 99.602437 0.000000 0.337690 0.058225 0.000001
0.000007 0.000000 0.003463 0.000014 99.996519 0.000000 0.000002
2.892380 0.000075 12.507368 0.000022 82.778751 0.000354 1.821054
0.009719 0.000002 0.244756 0.013593 99.731642 0.000000 0.000289
84.468733 0.000000 7.449695 0.003282 1.151058 4.509028 2.418208
0.017470 0.000003 0.589313 0.000005 99.337655 0.000001 0.055549
3.731228 0.000018 39.976452 0.013621 14.832701 0.000732 41.445244
0.010538 0.000003 0.392917 0.397204 98.642856 0.018770 0.537716
0.331974 0.000007 0.047635 37.118017 61.270348 0.000006 1.232018
31.171373 0.090170 3.567783 0.285136 34.104767 0.465840 30.314931
0.187540 0.000000 0.008262 99.435270 0.368527 0.000001 0.000403
5.385685 0.002590 8.430011 0.003479 27.108738 0.003370 59.066129
1.299241 0.000007 50.960868 6.297901 1.112794 40.327041 0.002146
0.830801 0.000000 0.000641 0.002810 1.197416 0.000000 97.968334
0.009581 0.000004 1.097646 0.033203 95.144069 0.000000 3.715502
0.000004 0.000000 0.006739 0.000000 99.993187 0.000000 0.000069
0.000520 0.000000 89.439940 0.000867 6.599063 0.000008 3.959610
0.000000 0.000000 0.001776 0.007727 0.062862 0.000000 99.927634
31.782928 0.121153 30.166349 0.157708 36.986607 0.176579 0.608674
0.719007 0.000000 31.141999 65.197235 2.096422 0.678170 0.167166
0.010387 0.000000 9.914386 0.000044 82.781092 0.000000 7.294091
2.916019 0.000000 8.898980 0.019503 12.448383 0.000218 75.716895
0.000000 0.000000 0.000467 0.000000 99.999535 0.000000 0.000000
0.006310 0.000002 0.003335 0.000000 99.990356 0.000000 0.000000
0.601249 0.000192 0.210596 98.300546 0.761334 0.008275 0.117806
11.679518 0.000327 22.165157 0.006494 52.180434 0.001347 13.966730
7.724596 5.225153 0.364873 0.000615 80.548155 0.001222 6.135389
49.610299 0.020135 1.234810 0.000026 47.313237 0.000003 1.821499
0.000002 0.000000 82.582206 0.000000 17.097466 0.000558 0.319772
0.107848 0.000000 0.061277 0.000024 25.986096 0.000021 73.844731
0.000169 0.000000 0.000003 99.999833 0.000001 0.000000 0.000000
0.010548 0.000008 0.219530 0.012738 95.960348 0.003531 3.793302
2.111244 0.000265 0.230280 49.104688 13.271530 0.242814 35.039173
10.008361 0.001959 10.081196 77.290344 2.525059 0.042973 0.050106
77.092716 0.000000 19.130855 0.000000 3.776089 0.000000 0.000343
0.001529 0.000000 0.003937 0.000001 89.917391 0.000000 10.077143
0.000002 0.000000 6.093327 0.000073 55.953628 0.000001 37.952971
0.000000 0.000000 0.000032 0.000000 99.994493 0.000000 0.005476
0.050045 0.000014 0.014324 0.000012 99.326134 0.000014 0.609455
0.005850 0.000000 4.054962 0.000019 95.931500 0.000087 0.007586
0.011480 0.000001 0.561266 0.031936 99.395001 0.000003 0.000321
0.000000 0.000000 0.000083 0.000000 99.999601 0.000000 0.000317
0.013436 0.000000 0.000429 0.000026 0.077569 0.000012 99.908531
0.953541 0.004110 18.834479 2.645590 5.334279 0.056418 72.171587
22.020467 0.000004 0.709696 0.029288 32.590777 0.000002 44.649768
0.074805 0.000027 7.286100 88.890803 0.155096 0.054288 3.538878
76.456738 19.567972 1.770849 0.000004 2.199970 0.000065 0.004402
1.547468 0.155975 0.248619 0.105924 69.412893 0.000815 28.528306
0.090225 0.000008 1.916950 0.000007 93.242782 0.000001 4.750030
1.557982 65.644377 26.579309 0.000362 6.109673 0.003853 0.104447
96.483839 0.000019 3.325335 0.040461 0.150271 0.000026 0.000055
0.269827 0.000147 1.001773 95.813882 2.632715 0.043502 0.238155
0.158493 0.000006 2.351077 2.852586 25.517255 0.105692 69.014889
28.812016 0.005944 24.960062 0.028964 14.806699 0.053339 31.332982
83.366366 0.000002 6.902085 0.001066 6.381430 0.185659 3.163391
34.978893 0.096235 12.592363 1.545603 29.070646 2.737177 18.979086
0.118263 0.000000 0.347423 0.000004 98.848587 0.000000 0.685722
4.732769 0.006799 16.426819 0.015733 64.180426 0.008565 14.628888
26.978624 0.000001 0.006707 0.000002 65.358859 0.000000 7.655814
0.091843 0.000000 1.525520 0.000270 61.861819 0.000595 36.519951
0.002981 0.000000 3.794537 0.000005 58.708091 0.000000 37.494390
100.000000 0.000000 0.000000 0.000000 0.000002 0.000000 0.000000
94.980615 0.009751 2.947451 0.000031 2.047777 0.000009 0.014373
6.007588 0.000000 12.055446 81.161150 0.688378 0.000015 0.087411
0.003344 0.000000 0.006623 0.000000 1.053138 0.000000 98.936898
0.000133 0.000000 0.000881 0.005556 0.261169 0.000414 99.731845
8.945547 0.000001 6.685098 0.013271 83.980836 0.000009 0.375229
0.000079 0.004534 4.678575 0.000000 95.316815 0.000000 0.000001
0.004664 0.000019 0.933459 95.940048 1.157093 0.259867 1.704851
0.072921 0.000006 7.800660 28.532133 43.954784 1.076307 18.563196
0.000011 0.000000 0.001429 0.000000 99.998558 0.000000 0.000000
21.973811 0.007158 6.564330 0.098568 50.007409 0.016534 21.332195
0.001868 0.000002 0.001921 96.959597 1.779003 0.003019 1.254590
37.395391 62.600476 0.003246 0.000000 0.000890 0.000000 0.000000
0.000001 0.000000 98.288906 0.000572 1.710182 0.000028 0.000312
0.008688 0.000000 99.700540 0.109177 0.120941 0.000000 0.060642
0.019657 0.000008 5.575266 5.684381 1.073426 0.226150 87.421113
0.056949 0.000001 0.235817 0.281720 0.245084 29.098708 70.081725
0.400980 0.000374 8.712923 0.073434 63.857418 0.000247 26.954624
1.123864 0.000000 0.000173 98.771048 0.052442 0.000029 0.052446
0.000011 0.000000 94.404286 0.000000 5.595515 0.000000 0.000186
0.000000 0.000000 0.000000 0.085710 99.914289 0.000000 0.000000
8.102848 0.000180 0.896495 0.625828 6.854255 0.006885 83.513510
0.378998 0.000000 1.268291 0.626012 18.548858 0.000672 79.177171
59.714007 0.000016 0.003651 0.261985 4.224855 0.000001 35.795489
8.016058 0.000000 3.381803 0.000003 4.995240 0.049826 83.557073
0.003036 0.000000 0.004566 0.000082 97.443944 0.000001 2.548374
0.027232 0.076983 99.557400 0.084499 0.209083 0.002774 0.042036
0.238772 0.000348 0.702032 3.403723 1.557542 0.036719 94.060862
5.550657 0.004985 61.545644 0.004604 29.420130 0.002415 3.471564
0.121070 0.000000 0.000891 2.574227 65.350159 0.000000 31.953658
13.912505 0.941622 0.065248 0.002818 0.449935 82.010043 2.617830
70.835143 0.392567 25.057802 0.274710 1.709792 0.989979 0.740005
5.982476 0.227139 41.821539 0.000164 51.222619 0.000787 0.745277
0.036558 0.000081 1.464960 0.002141 6.633482 0.000078 91.862701
2.289155 0.027240 0.000072 0.810041 96.033085 0.000000 0.840404
2.178922 0.000000 97.115356 0.096339 0.058010 0.000068 0.551306
3.551560 0.000001 3.869481 0.000374 76.894206 0.000161 15.684214
90.065337 0.000005 0.122467 0.000011 9.330098 0.000413 0.481670
0.000001 0.000000 0.000045 0.000000 3.083316 0.000000 96.916640
19.982786 0.000000 0.053542 79.389971 0.503379 0.069571 0.000749
0.000176 0.000000 5.685948 0.000000 90.964824 0.000003 3.349048
0.000481 0.000002 58.722966 0.571048 2.082441 0.029312 38.593744
0.207369 0.000023 6.351229 0.000953 91.374111 0.000006 2.066309
0.000000 0.000000 99.999964 0.000000 0.000034 0.000000 0.000000
0.067805 0.000011 0.001463 0.001618 99.192423 0.000000 0.736679
0.006326 0.000000 19.277798 0.001660 80.714214 0.000000 0.000001
3.672835 0.056731 13.376991 1.088034 60.751301 0.043673 21.010439
0.000008 0.000000 69.963133 0.000004 26.986286 0.000000 3.050565
0.000344 0.000000 99.994373 0.005103 0.000168 0.000003 0.000006
0.011317 0.000380 18.147132 0.442385 44.594115 0.037312 36.767358
1.584508 0.000585 17.013170 48.170054 13.075669 0.003860 20.152152
0.018885 0.000001 1.501779 97.969276 0.000421 0.032806 0.476831
2.191534 0.000311 33.785188 29.969603 1.128253 1.838772 31.086341
0.001772 0.000000 0.093436 0.017132 4.726277 0.011063 95.150321
2.663342 0.029887 3.765801 0.104671 84.987134 0.003006 8.446165
99.248159 0.000584 0.643886 0.100375 0.000417 0.006549 0.000028
0.000000 0.000000 0.000249 0.000000 99.999732 0.000000 0.000018
0.000019 0.000000 0.011568 0.000830 98.087454 0.000000 1.900128
0.513343 0.000019 88.873482 0.018484 2.739154 0.309524 7.545988
3.170485 0.000020 13.180785 83.579737 0.014134 0.000000 0.054843
0.018361 0.000000 0.294868 0.000000 99.627739 0.000000 0.059032
1.698047 0.000288 6.106511 0.015314 47.064373 0.655328 44.460138
0.000751 0.000001 2.762230 0.000000 97.236913 0.000000 0.000107
0.000093 0.000000 0.001669 0.000000 0.317752 0.000000 99.680483
99.342889 0.000000 0.021157 0.043828 0.532518 0.000000 0.059614
1.142604 0.000000 0.024040 0.000019 19.609323 0.000003 79.224013
1.214618 0.029716 57.239914 0.188383 37.520072 0.054993 3.752306
6.690040 0.000000 92.076683 0.006201 0.059408 0.000019 1.167656
0.001030 0.000000 0.009580 6.620622 88.245328 0.000003 5.123431
0.067069 0.000063 95.930117 0.937271 0.124314 0.020955 2.920215
2.139492 0.000001 0.002316 0.003981 11.922172 0.000010 85.932028
0.000079 0.000000 0.067732 0.008751 99.908090 0.000000 0.015351
0.520169 0.006078 55.390221 0.000076 44.069260 0.000000 0.014197
0.510989 0.000000 0.001275 99.264562 0.000005 0.000028 0.223133
0.852564 0.000403 2.337827 0.071948 85.129820 0.000629 11.606809
0.000000 0.000000 0.619947 0.000000 99.380058 0.000000 0.000005
0.000778 0.000000 68.178862 0.002236 4.844788 0.010234 26.963097
0.884431 0.000005 59.517819 0.000962 30.502558 0.005347 9.088884
53.334287 0.664170 10.038778 0.086066 17.442004 0.248304 18.186399
0.000001 0.000000 0.000000 20.961650 0.001927 0.000003 79.036421
0.020323 0.000048 58.335268 0.000018 41.627306 0.000107 0.016932
0.000032 0.000000 0.056770 0.000147 99.802107 0.000000 0.140945
0.020415 0.000000 0.006974 0.001192 0.256407 0.000140 99.714869
0.098534 0.017482 1.628472 0.002266 97.201455 0.000013 1.051778
0.258388 0.000011 2.140336 2.874338 65.351617 0.001760 29.373550
0.000002 0.000000 0.014850 0.000205 0.007519 0.000019 99.977404
1.261601 0.077810 29.755080 9.825730 19.267887 0.167370 39.644521
1.787612 0.000014 2.510021 0.031005 41.460847 0.104804 54.105696
0.012423 0.000001 84.152716 0.000021 11.504544 0.000007 4.330293
77.765667 0.000084 5.315987 13.413595 3.476450 0.000686 0.027533
0.000537 0.000000 0.010116 0.000332 2.636635 0.000000 97.352380
0.000001 0.000000 0.022615 0.615578 0.008706 0.037216 99.315888
81.287603 0.000169 4.924335 0.000065 13.401025 0.000129 0.386675
0.229434 0.000000 17.215532 0.000682 21.556763 0.000004 60.997587
44.116357 0.000001 0.208307 1.283031 2.201867 0.007887 52.182549
56.930351 1.016804 11.879748 2.503839 23.537847 0.182368 3.949047
0.000571 0.000000 23.116329 0.000067 69.058633 0.000000 7.824402
0.108063 0.000001 96.088064 1.366285 0.672080 1.758436 0.007069
0.049602 0.000000 74.023670 0.000000 24.837245 0.000000 1.089484
0.029050 0.060128 48.922026 6.344786 0.027314 43.841257 0.775446
0.866481 0.000010 0.218942 60.646939 0.525239 0.008729 37.733659
65.040843 0.000007 0.990323 0.000001 33.929627 0.000000 0.039204
26.363635 0.020902 38.162175 1.176610 33.396643 0.003856 0.876177
0.001603 0.000003 39.542943 0.068685 2.573976 0.000286 57.812500
0.000113 0.000000 99.785298 0.000000 0.000000 0.214589 0.000000
0.390144 0.000578 4.458393 6.865412 0.078532 3.539830 84.667106
0.040485 0.000000 7.883854 0.000092 0.017209 92.056388 0.001970
0.000000 0.000000 99.076021 0.000000 0.923943 0.000000 0.000033
0.000056 0.000000 0.000123 0.000000 99.765402 0.000000 0.234420
0.098109 1.329247 0.134853 87.801015 7.199133 0.003352 3.434299
84.332877 0.056872 7.857858 0.001208 7.599904 0.002028 0.149256
0.002489 0.001901 35.070306 0.000072 64.922190 0.000000 0.003044
2.947617 0.066522 0.155301 92.069631 0.159236 1.296288 3.305406
1.892369 0.002783 95.799356 0.608785 1.690897 0.000278 0.005529
0.000000 0.000000 12.454563 0.000001 87.354910 0.000000 0.190524
0.001942 0.000010 0.000595 98.847467 0.114538 0.000098 1.035360
0.134961 0.000003 96.726859 0.000511 0.360873 0.001518 2.775275
13.133947 0.236768 82.822477 0.017178 3.621392 0.000018 0.168222
55.821925 0.000077 0.631582 30.730933 8.309233 0.000095 4.506154
3.910551 0.009035 2.999270 0.036060 76.183796 0.012146 16.849142
0.043027 0.000000 0.001414 0.001346 15.629031 0.000033 84.325147
0.017125 0.000006 0.739506 0.156017 99.019861 0.000121 0.067371
97.651809 0.000000 2.222899 0.000022 0.125236 0.000031 0.000000
45.676437 4.904242 30.082913 0.291008 18.252481 0.006537 0.786383
0.378104 0.000000 0.789720 0.000071 4.530141 0.000029 94.301939
69.679854 18.226216 9.390946 0.064788 2.522765 0.061493 0.053936
2.989829 0.000061 0.099225 78.312671 10.559089 0.076532 7.962591
8.971295 0.000000 11.369531 0.000000 79.608529 0.000000 0.050645
0.484878 0.000000 0.052834 0.003070 5.825721 0.000000 93.633497
0.098285 0.000694 0.118605 97.287500 0.226795 0.117494 2.150631
0.000252 0.000005 7.872218 78.407758 10.723191 0.000030 2.996549
18.687827 0.000202 7.584910 0.001029 58.485235 0.000128 15.240677
10.201445 0.000136 88.080724 0.000163 1.465821 0.000034 0.251677
0.027386 0.000002 47.601676 0.021680 51.888615 0.000116 0.460523
0.046770 0.000016 0.758933 0.019104 96.896952 0.000461 2.277768
0.000060 0.000000 0.061187 0.000007 0.914342 0.000000 99.024397
3.501783 0.012550 20.235571 0.021448 69.800717 0.001462 6.426468
0.003929 0.000005 0.241491 65.234321 2.892824 0.000078 31.627354
0.000000 0.000000 0.000004 0.000000 100.000000 0.000000 0.000000
0.142150 0.004660 93.335933 0.003663 5.809645 0.000085 0.703856
0.283742 0.000122 92.323780 0.000273 3.072970 0.000798 4.318311
0.133371 0.000001 99.705899 0.000006 0.146945 0.000104 0.013681
0.085621 0.000000 42.955771 0.212647 1.241837 53.537190 1.966939
0.243757 0.000008 84.054752 0.000236 15.514990 0.004506 0.181745
10.089452 0.006739 15.952104 49.945799 16.321125 0.086940 7.597846
0.104324 0.000030 69.757608 0.138806 22.494901 7.341488 0.162841
38.313231 0.000076 0.117670 0.055776 15.388909 0.006249 46.118093
0.074040 0.000000 52.303648 15.994538 29.777744 1.850032 0.000001
0.000003 0.000000 99.981266 0.000000 0.015287 0.003435 0.000000
0.001971 0.000000 0.874790 0.000000 99.105674 0.000000 0.017565
0.014833 0.000000 26.279190 69.938552 0.058717 0.007842 3.700870
4.957521 0.000004 3.856270 78.634977 12.533647 0.001466 0.016116
2.747632 0.000000 0.285150 0.000160 96.792698 0.000000 0.174361
85.559976 0.015329 12.179065 0.009465 2.033641 0.001008 0.201520
20.011598 0.000941 22.656257 0.024830 54.987592 0.048122 2.270658
0.000086 0.000000 13.661231 0.000290 0.003826 86.334519 0.000048
29.769865 0.001145 7.718077 0.055153 26.991931 0.000440 35.463390
90.537989 0.000020 6.170084 0.004764 0.786406 0.294893 2.205854
0.087680 0.000000 87.950682 2.621222 8.660740 0.000935 0.678743
1.257095 0.003983 1.794071 0.118910 16.813600 0.000082 80.012262
0.149996 0.000019 0.294844 0.331180 1.791316 0.018211 97.414434
0.011214 0.000003 30.029609 0.001512 69.945894 0.000000 0.011775
18.312208 0.006505 50.852883 0.030518 21.492165 3.782278 5.523444
0.158477 0.000000 87.881076 0.000000 11.923952 0.000005 0.036493
0.054006 0.000000 5.721562 0.000006 94.007701 0.000000 0.216724
0.007241 0.000013 29.413294 0.075288 22.153262 0.000018 48.350880
0.138210 0.000000 8.919103 0.000000 90.901220 0.000001 0.041469
0.000526 0.000000 83.999979 0.000018 15.859091 0.000000 0.140385
2.661129 0.000002 0.068707 0.008861 97.075540 0.002139 0.183624
0.531491 0.000014 2.612860 0.000245 88.323402 0.000187 8.531803
0.003406 0.000000 0.000011 0.000002 0.205669 0.000000 99.790913
10.374426 0.000000 0.000084 0.000013 0.108924 0.000000 89.516556
0.058249 0.000000 99.909693 0.000381 0.015416 0.000001 0.016261
0.053288 0.000003 5.750134 1.657489 89.708716 0.000418 2.829953
44.081575 0.318944 51.380414 0.008547 4.184488 0.000203 0.025829
0.017461 0.000000 0.000960 0.017314 0.367570 0.000060 99.596632
7.319770 0.000003 33.633944 0.021052 12.156654 5.924362 40.944210
0.023672 0.000001 30.794882 0.000000 69.162391 0.000000 0.019054
0.241090 0.001305 5.350859 0.070562 93.106532 0.001065 1.228586
0.005343 0.000000 0.184275 0.002332 99.801397 0.000000 0.006649
0.084993 0.000001 1.007917 0.008869 26.509127 0.000943 72.388154
0.000027 0.000000 15.587117 0.000000 84.407727 0.000000 0.005127
75.506240 0.045027 17.846169 0.003304 6.533601 0.002850 0.062815
0.293028 0.014559 32.923517 0.098154 65.930903 0.000116 0.739721
0.000000 0.000000 0.004621 0.000000 99.995255 0.000000 0.000127
0.000002 0.000000 0.000648 93.018585 0.105653 0.000425 6.874687
0.000000 0.000000 0.000000 0.000000 100.000000 0.000000 0.000000
0.246800 0.000000 0.662614 0.000006 97.405529 0.000000 1.685051
55.156266 0.000025 5.572199 0.017785 39.228488 0.000010 0.025219
0.000009 0.000000 0.028319 0.024418 0.026180 2.415645 97.505432
0.379068 0.000000 37.384570 0.000090 62.235045 0.000000 0.001225
0.004199 0.000014 0.005739 8.239304 91.746528 0.000000 0.004211
99.868244 0.000255 0.051956 0.000128 0.072168 0.006143 0.001105
1.428619 0.001065 93.235988 0.007116 0.346479 4.951225 0.029501
9.203518 0.000381 1.843404 0.416654 28.824636 0.000019 59.711385
0.000334 0.000000 0.019583 0.005615 98.487365 0.000000 1.487098
25.112915 3.451222 39.973612 9.632621 20.514779 0.074000 1.240846
0.233246 0.000000 0.000272 79.320413 0.001921 0.000046 20.444107
0.011283 0.032526 0.000851 85.158771 14.774333 0.000013 0.022225
0.002544 0.000008 5.675997 0.059337 94.047321 0.000005 0.214789
62.865682 0.000000 37.117647 0.015268 0.001405 0.000001 0.000000
0.000172 0.000000 0.000451 0.000330 0.008049 0.000059 99.990940
2.218506 0.000400 73.073769 2.339760 6.925118 1.759629 13.682811
1.261312 0.000000 0.087097 0.006610 98.642379 0.000009 0.002591
0.002115 0.000079 0.010604 0.000007 99.986386 0.000000 0.000815
0.000000 0.000000 0.030734 0.000000 99.969268 0.000000 0.000000
3.879439 0.001315 12.439148 79.797107 3.204257 0.000014 0.678726
0.000745 0.000000 84.004449 0.000306 15.985293 0.000000 0.009211
0.000000 0.000000 99.209046 0.000000 0.790959 0.000000 0.000000
8.911406 0.012786 15.369595 0.007907 64.535443 0.000837 11.162026
2.219039 0.002149 23.232988 0.053116 43.502656 0.005877 30.984172
13.882889 0.020071 5.618063 0.217239 40.704855 0.243801 39.313081
20.191571 0.000008 3.136032 76.303713 0.364617 0.002826 0.001229
99.247211 0.139965 0.331174 0.002813 0.275838 0.000311 0.002690
2.177553 0.029631 7.808918 0.524482 89.175385 0.008422 0.275617
0.323753 0.000002 99.412715 0.000570 0.262844 0.000000 0.000118
0.000022 0.000000 4.973402 0.077709 94.650227 0.000031 0.298612
13.351570 6.000603 20.811166 0.008968 59.688383 0.001496 0.137811
0.000067 0.000000 0.005194 0.000000 99.992645 0.000000 0.002091
0.051984 0.000213 68.425576 7.349108 6.547304 16.726389 0.899429
22.494011 0.000004 0.104023 0.000002 77.154303 0.000000 0.247656
0.192330 0.000000 1.298192 0.000063 98.480660 0.000000 0.028753
0.007735 0.000000 0.017964 10.113793 0.041714 0.727359 89.091437
0.009722 0.000000 0.805050 0.000000 81.027429 0.000000 18.157801
0.339573 0.000053 6.464722 0.031750 91.837025 0.005110 1.321767
0.205306 0.000021 10.960852 0.024400 79.966199 0.000143 8.843077
33.898785 0.125693 0.877324 57.196674 1.867444 0.006711 6.027371
0.007169 0.000107 3.191911 0.010775 96.492398 0.001338 0.296301
0.000000 0.000000 0.000082 0.000096 0.023966 0.000000 99.975854
0.000001 0.000000 99.991298 0.000005 0.000013 0.008686 0.000004
5.192035 0.000000 3.017516 0.000000 91.674238 0.000000 0.116211
22.199261 0.000236 15.971104 0.647622 6.031934 1.556935 53.592906
0.107315 99.871457 0.001974 0.000001 0.018455 0.000079 0.000730
0.008064 0.000142 0.039245 99.764240 0.145662 0.005578 0.037070
0.002644 0.000000 0.004650 0.002154 33.486977 0.000000 66.503572
98.638028 0.002722 0.122557 0.002491 1.040932 0.000273 0.192998
0.907993 0.000001 7.066600 0.650494 13.949141 0.002644 77.423131
54.769579 0.091859 10.344615 0.015309 29.072462 0.037564 5.668620
76.592080 0.000000 1.304981 0.000000 0.955057 0.000004 21.147878
0.000344 0.000000 13.931306 0.000037 52.082950 0.000000 33.985367
0.000252 0.000000 0.139978 0.000004 99.859762 0.000000 0.000007
0.001053 0.000002 0.002010 99.574125 0.317636 0.000153 0.105014
38.629808 0.000000 0.055462 0.000074 50.523338 0.000000 10.791322
0.000007 0.000000 0.000019 99.970800 0.014064 0.000000 0.015112
0.370207 0.007528 93.230838 0.278073 0.302038 5.731900 0.079414
19.969135 0.051247 1.471917 69.186102 3.702346 0.034562 5.584689
0.000091 0.000000 0.001287 0.000000 40.054667 0.000000 59.943956
6.598192 0.250879 27.829301 0.270155 61.538434 1.584570 1.928471
0.110495 0.000000 10.382531 0.007452 5.217467 0.000492 84.281562
6.477378 0.001785 10.491566 0.137743 39.254823 0.004138 43.632570
0.000001 0.000000 0.000168 0.000185 99.999642 0.000000 0.000007
66.582882 0.032659 3.667590 0.004910 29.356530 0.000250 0.355187
0.003811 0.000004 41.773517 0.016840 58.032995 0.000036 0.172795
2.394085 0.000460 96.376920 0.168458 0.529758 0.517619 0.012704
0.022154 0.000000 83.910947 0.000521 14.378405 0.000000 1.687974
8.851754 9.004237 18.829023 0.318886 41.206687 0.079398 21.710017
41.570291 46.593562 8.121110 0.001905 3.700806 0.000791 0.011534
0.331258 0.000018 6.110158 0.512147 1.724926 0.100026 91.221470
6.291865 0.004801 12.269142 0.001351 63.915706 0.009055 17.508082
9.745488 0.001235 88.260573 1.203696 0.787938 0.000224 0.000840
0.000008 0.000000 0.001603 0.000004 99.997365 0.000000 0.001020
0.000001 0.000000 0.220603 0.000000 99.779379 0.000000 0.000014
0.117391 0.000031 18.531354 4.332584 11.927768 0.001617 65.089256
0.000182 0.000000 0.000253 0.064857 99.634594 0.000003 0.300114
20.949425 0.047083 6.908208 1.361356 61.529398 0.167602 9.036929
2.343687 0.000010 0.277121 0.013326 3.515982 0.000687 93.849188
0.002224 0.000000 16.622221 0.000001 83.375508 0.000000 0.000051
99.499750 0.085054 0.021494 0.000000 0.388432 0.000632 0.004636
0.118199 0.000000 0.019610 0.005068 2.265294 0.000454 97.591376
31.824232 0.000000 0.000078 0.000000 68.175550 0.000000 0.000145
96.229904 0.000002 0.866936 1.772259 1.130897 0.000002 0.000002
0.000000 0.000000 0.000001 0.000000 99.997187 0.000000 0.002815
0.002648 0.000002 17.908300 12.948528 62.801141 0.000000 6.339384
0.000008 0.000001 0.004844 0.000000 99.995148 0.000000 0.000000
0.000036 0.000000 97.943771 2.046479 0.009690 0.000010 0.000011
1.195137 0.000027 0.052427 10.995535 5.298023 0.000315 82.458534
0.064109 0.000000 0.002841 0.000146 0.056824 0.000492 99.875593
50.482702 0.004679 1.887339 0.007089 24.655877 0.231530 22.730784
0.877300 0.000285 0.562148 0.006842 4.839111 0.025222 93.689090
0.000015 0.000000 99.898750 0.000000 0.101236 0.000000 0.000000
95.880955 0.000060 3.750535 0.000078 0.366688 0.000000 0.001687
98.614049 0.000222 0.214397 0.009489 1.030903 0.000273 0.130668
0.822197 0.000279 26.774457 1.642818 0.002540 70.727378 0.030332
0.000000 0.000000 0.003174 0.000001 99.996829 0.000000 0.000003
0.064503 0.000012 31.831859 0.000839 0.002612 68.098031 0.002141
29.870919 0.198774 24.645773 0.310881 33.570297 4.321357 7.082005
6.046991 0.000209 5.624120 0.097179 39.665517 0.298791 48.267198
0.857917 0.634311 0.303569 1.229332 58.928347 0.006483 38.040042
0.002884 0.000000 0.821449 0.000000 99.160039 0.000000 0.015627
0.000000 0.000000 0.004013 0.000001 99.995983 0.000000 0.000000
0.146322 0.182974 10.573979 88.239818 0.584347 0.000294 0.272265
0.000001 0.000000 93.935895 0.000012 3.584428 0.106584 2.373079
0.000000 0.000000 100.000000 0.000000 0.000002 0.000001 0.000000
1.685908 0.030534 10.038453 0.787876 33.153638 0.041442 54.262155
0.367298 0.000001 3.088881 0.000048 91.341817 0.000002 5.201957
1.044823 0.675925 93.532360 1.541941 1.481229 0.008758 1.714961
0.001437 0.000000 9.927410 0.564319 84.957051 0.000002 4.549788
1.539910 0.001887 92.275054 0.421406 5.741365 0.010226 0.010149
0.141963 0.000000 1.157048 0.295024 78.116643 0.000036 20.289285
97.569769 0.000002 0.260163 0.000002 2.088973 0.000191 0.080902
0.049844 0.000001 63.117343 0.000140 30.473033 5.686244 0.673394
18.687827 0.000202 7.584910 0.001029 58.485235 0.000128 15.240677
0.394916 0.000006 11.502036 73.351411 12.877601 0.000660 1.873369
0.020603 0.000398 32.065857 0.404401 65.886517 0.016274 1.605955
96.272170 0.602540 0.769348 0.092602 2.020782 0.088650 0.153909
0.000093 0.000000 2.693368 0.000001 97.306371 0.000000 0.000167
0.000000 0.000000 0.000000 96.762830 0.000040 0.000004 3.237128
1.389677 95.373744 1.651275 0.308484 0.932824 0.188624 0.155374
0.412628 0.000965 0.275238 84.854885 2.042803 0.134505 12.278971
2.572870 0.000000 0.303544 0.000001 0.094746 0.073296 96.955544
0.011949 0.000000 3.126980 0.001142 96.690672 0.000506 0.168753
0.000006 0.000000 0.000001 99.761301 0.000410 0.000202 0.238082
0.000009 0.000000 0.000000 0.000001 0.000015 0.000000 99.999976
3.982693 0.000008 17.109692 0.000182 38.713020 0.000008 40.194398
7.594593 0.000004 63.234941 5.336609 23.813517 0.000936 0.019402
0.246068 0.001274 68.152747 0.000118 31.471815 0.000016 0.127954
7.781543 0.003790 46.521345 0.007593 43.533894 1.967934 0.183903
0.003906 0.000000 0.083232 0.000227 99.687713 0.000002 0.224918
23.975569 0.025298 1.800162 64.253193 8.830775 0.216690 0.898312
0.000004 0.000000 0.000240 4.364968 0.025437 0.000000 95.609355
0.630574 0.000000 0.018666 0.000551 50.674343 0.000000 48.675862
0.042919 0.000008 0.001741 99.929512 0.025500 0.000011 0.000311
0.000000 0.000000 0.000000 0.000000 99.999833 0.000000 0.000172
0.103302 0.000000 11.202980 0.000001 34.443090 0.000001 54.250628
13.845289 0.246110 9.980034 0.041939 40.780522 0.020264 35.085838
99.794811 0.000000 0.005653 0.046005 0.135975 0.000007 0.017558
9.135653 0.011008 64.520729 0.077430 21.249361 3.520655 1.485161
0.447492 0.007211 12.486392 0.307610 31.399275 0.020262 55.331761
0.002424 0.000032 1.152830 0.420168 98.403925 0.000168 0.020457
0.000000 0.000000 0.000029 0.000000 0.058612 0.000000 99.941361
0.000033 0.000000 0.097377 0.000008 99.872726 0.000000 0.029856
10.913166 0.025708 0.017251 2.344504 15.414765 0.038158 71.246445
23.796393 0.000001 54.815972 0.000002 0.491952 0.001858 20.893827
0.022329 0.000000 99.975181 0.002476 0.000000 0.000017 0.000000
0.054315 0.000000 0.001786 99.781990 0.161755 0.000073 0.000088
0.000322 0.000000 0.000053 0.000000 0.604073 0.000000 99.395555
1.926951 0.036573 2.700924 1.773849 56.473706 0.006402 37.081595
62.002043 0.000032 34.830492 0.124829 1.291115 1.451733 0.299759
3.812074 9.785638 9.213898 0.147678 0.024196 77.010259 0.006261
0.001810 0.000001 29.600108 0.002714 70.392662 0.000027 0.002674
1.279075 1.947367 58.259938 20.584413 13.356096 1.929620 2.643496
