-1.000000 -1.000000 -1.000000 -1.000000 -1.000000 -1.000000 -1.000000
0.000737 0.000089 0.000035 0.030358 0.860995 0.107751 0.000034
-1.000000 -1.000000 -1.000000 -1.000000 -1.000000 -1.000000 -1.000000
-1.000000 -1.000000 -1.000000 -1.000000 -1.000000 -1.000000 -1.000000
-1.000000 -1.000000 -1.000000 -1.000000 -1.000000 -1.000000 -1.000000
0.000555 0.000044 0.000004 0.002488 0.996406 0.000440 0.000063
0.000866 0.000435 0.009728 0.000083 0.211038 0.027899 0.749950
0.000351 0.000361 0.007555 0.000198 0.220846 0.018184 0.752505
-1.000000 -1.000000 -1.000000 -1.000000 -1.000000 -1.000000 -1.000000
-1.000000 -1.000000 -1.000000 -1.000000 -1.000000 -1.000000 -1.000000
-1.000000 -1.000000 -1.000000 -1.000000 -1.000000 -1.000000 -1.000000
-1.000000 -1.000000 -1.000000 -1.000000 -1.000000 -1.000000 -1.000000
0.298964 0.446402 0.000249 0.000748 0.229535 0.023495 0.000607
-1.000000 -1.000000 -1.000000 -1.000000 -1.000000 -1.000000 -1.000000
-1.000000 -1.000000 -1.000000 -1.000000 -1.000000 -1.000000 -1.000000
-1.000000 -1.000000 -1.000000 -1.000000 -1.000000 -1.000000 -1.000000
-1.000000 -1.000000 -1.000000 -1.000000 -1.000000 -1.000000 -1.000000
-1.000000 -1.000000 -1.000000 -1.000000 -1.000000 -1.000000 -1.000000
-1.000000 -1.000000 -1.000000 -1.000000 -1.000000 -1.000000 -1.000000
-1.000000 -1.000000 -1.000000 -1.000000 -1.000000 -1.000000 -1.000000
-1.000000 -1.000000 -1.000000 -1.000000 -1.000000 -1.000000 -1.000000
-1.000000 -1.000000 -1.000000 -1.000000 -1.000000 -1.000000 -1.000000
-1.000000 -1.000000 -1.000000 -1.000000 -1.000000 -1.000000 -1.000000
-1.000000 -1.000000 -1.000000 -1.000000 -1.000000 -1.000000 -1.000000
-1.000000 -1.000000 -1.000000 -1.000000 -1.000000 -1.000000 -1.000000
-1.000000 -1.000000 -1.000000 -1.000000 -1.000000 -1.000000 -1.000000
0.001199 0.000771 0.002167 0.001881 0.815053 0.019166 0.159763
-1.000000 -1.000000 -1.000000 -1.000000 -1.000000 -1.000000 -1.000000
-1.000000 -1.000000 -1.000000 -1.000000 -1.000000 -1.000000 -1.000000
-1.000000 -1.000000 -1.000000 -1.000000 -1.000000 -1.000000 -1.000000
-1.000000 -1.000000 -1.000000 -1.000000 -1.000000 -1.000000 -1.000000
-1.000000 -1.000000 -1.000000 -1.000000 -1.000000 -1.000000 -1.000000
-1.000000 -1.000000 -1.000000 -1.000000 -1.000000 -1.000000 -1.000000
-1.000000 -1.000000 -1.000000 -1.000000 -1.000000 -1.000000 -1.000000
0.000129 0.000202 0.000001 0.000398 0.998930 0.000048 0.000293
-1.000000 -1.000000 -1.000000 -1.000000 -1.000000 -1.000000 -1.000000
-1.000000 -1.000000 -1.000000 -1.000000 -1.000000 -1.000000 -1.000000
-1.000000 -1.000000 -1.000000 -1.000000 -1.000000 -1.000000 -1.000000
0.001513 0.004931 0.125014 0.163088 0.116356 0.562921 0.026177
-1.000000 -1.000000 -1.000000 -1.000000 -1.000000 -1.000000 -1.000000
-1.000000 -1.000000 -1.000000 -1.000000 -1.000000 -1.000000 -1.000000
-1.000000 -1.000000 -1.000000 -1.000000 -1.000000 -1.000000 -1.000000
-1.000000 -1.000000 -1.000000 -1.000000 -1.000000 -1.000000 -1.000000
-1.000000 -1.000000 -1.000000 -1.000000 -1.000000 -1.000000 -1.000000
-1.000000 -1.000000 -1.000000 -1.000000 -1.000000 -1.000000 -1.000000
-1.000000 -1.000000 -1.000000 -1.000000 -1.000000 -1.000000 -1.000000
0.000009 0.000031 0.000008 0.000281 0.996546 0.000045 0.003080
-1.000000 -1.000000 -1.000000 -1.000000 -1.000000 -1.000000 -1.000000
-1.000000 -1.000000 -1.000000 -1.000000 -1.000000 -1.000000 -1.000000
-1.000000 -1.000000 -1.000000 -1.000000 -1.000000 -1.000000 -1.000000
-1.000000 -1.000000 -1.000000 -1.000000 -1.000000 -1.000000 -1.000000
0.000465 0.000173 0.023305 0.005261 0.333895 0.001396 0.635505
0.007701 0.000432 0.000008 0.000104 0.986844 0.004891 0.000020
0.055390 0.028530 0.157954 0.001051 0.554620 0.190726 0.011730
-1.000000 -1.000000 -1.000000 -1.000000 -1.000000 -1.000000 -1.000000
-1.000000 -1.000000 -1.000000 -1.000000 -1.000000 -1.000000 -1.000000
0.000310 0.000041 0.000233 0.000790 0.157328 0.841143 0.000155
-1.000000 -1.000000 -1.000000 -1.000000 -1.000000 -1.000000 -1.000000
0.918671 0.031239 0.000344 0.004383 0.028712 0.000872 0.015779
-1.000000 -1.000000 -1.000000 -1.000000 -1.000000 -1.000000 -1.000000
-1.000000 -1.000000 -1.000000 -1.000000 -1.000000 -1.000000 -1.000000
0.000313 0.000374 0.000197 0.004576 0.010767 0.983760 0.000013
-1.000000 -1.000000 -1.000000 -1.000000 -1.000000 -1.000000 -1.000000
-1.000000 -1.000000 -1.000000 -1.000000 -1.000000 -1.000000 -1.000000
0.001663 0.000068 0.000028 0.000108 0.928966 0.069088 0.000078
0.000039 0.000012 0.000180 0.000020 0.025033 0.003136 0.971581
-1.000000 -1.000000 -1.000000 -1.000000 -1.000000 -1.000000 -1.000000
-1.000000 -1.000000 -1.000000 -1.000000 -1.000000 -1.000000 -1.000000
-1.000000 -1.000000 -1.000000 -1.000000 -1.000000 -1.000000 -1.000000
-1.000000 -1.000000 -1.000000 -1.000000 -1.000000 -1.000000 -1.000000
-1.000000 -1.000000 -1.000000 -1.000000 -1.000000 -1.000000 -1.000000
-1.000000 -1.000000 -1.000000 -1.000000 -1.000000 -1.000000 -1.000000
0.000025 0.000010 0.000107 0.000556 0.820254 0.178887 0.000161
0.000034 0.000068 0.000382 0.000010 0.018055 0.981339 0.000111
0.000663 0.000025 0.000014 0.000048 0.994825 0.004351 0.000074
0.000001 0.000002 0.000754 0.000006 0.002608 0.000045 0.996584
-1.000000 -1.000000 -1.000000 -1.000000 -1.000000 -1.000000 -1.000000
-1.000000 -1.000000 -1.000000 -1.000000 -1.000000 -1.000000 -1.000000
-1.000000 -1.000000 -1.000000 -1.000000 -1.000000 -1.000000 -1.000000
-1.000000 -1.000000 -1.000000 -1.000000 -1.000000 -1.000000 -1.000000
-1.000000 -1.000000 -1.000000 -1.000000 -1.000000 -1.000000 -1.000000
-1.000000 -1.000000 -1.000000 -1.000000 -1.000000 -1.000000 -1.000000
-1.000000 -1.000000 -1.000000 -1.000000 -1.000000 -1.000000 -1.000000
0.116332 0.009734 0.002577 0.000184 0.000587 0.869867 0.000720
-1.000000 -1.000000 -1.000000 -1.000000 -1.000000 -1.000000 -1.000000
0.460150 0.111887 0.000080 0.001450 0.425828 0.000219 0.000387
-1.000000 -1.000000 -1.000000 -1.000000 -1.000000 -1.000000 -1.000000
-1.000000 -1.000000 -1.000000 -1.000000 -1.000000 -1.000000 -1.000000
-1.000000 -1.000000 -1.000000 -1.000000 -1.000000 -1.000000 -1.000000
-1.000000 -1.000000 -1.000000 -1.000000 -1.000000 -1.000000 -1.000000
-1.000000 -1.000000 -1.000000 -1.000000 -1.000000 -1.000000 -1.000000
-1.000000 -1.000000 -1.000000 -1.000000 -1.000000 -1.000000 -1.000000
-1.000000 -1.000000 -1.000000 -1.000000 -1.000000 -1.000000 -1.000000
0.000327 0.000213 0.000299 0.021903 0.700948 0.275220 0.001090
-1.000000 -1.000000 -1.000000 -1.000000 -1.000000 -1.000000 -1.000000
-1.000000 -1.000000 -1.000000 -1.000000 -1.000000 -1.000000 -1.000000
-1.000000 -1.000000 -1.000000 -1.000000 -1.000000 -1.000000 -1.000000
0.993343 0.000097 0.000058 0.000135 0.000025 0.000100 0.006242
0.993954 0.003432 0.000010 0.000029 0.002500 0.000038 0.000038
-1.000000 -1.000000 -1.000000 -1.000000 -1.000000 -1.000000 -1.000000
0.000465 0.000173 0.023305 0.005261 0.333895 0.001396 0.635505
0.232390 0.019205 0.006884 0.007377 0.387582 0.344095 0.002468
-1.000000 -1.000000 -1.000000 -1.000000 -1.000000 -1.000000 -1.000000
0.037329 0.000881 0.000106 0.000311 0.790245 0.170535 0.000593
-1.000000 -1.000000 -1.000000 -1.000000 -1.000000 -1.000000 -1.000000
0.000540 0.000069 0.000014 0.000778 0.962464 0.035811 0.000324
0.395124 0.001264 0.000001 0.000021 0.603138 0.000448 0.000004
-1.000000 -1.000000 -1.000000 -1.000000 -1.000000 -1.000000 -1.000000
-1.000000 -1.000000 -1.000000 -1.000000 -1.000000 -1.000000 -1.000000
0.000086 0.000138 0.000066 0.682629 0.277056 0.000684 0.039340
0.001335 0.000232 0.000536 0.000102 0.143965 0.853019 0.000811
0.001864 0.000209 0.000566 0.002448 0.811954 0.178064 0.004895
-1.000000 -1.000000 -1.000000 -1.000000 -1.000000 -1.000000 -1.000000
0.000420 0.000633 0.000124 0.284256 0.707784 0.006197 0.000586
0.000836 0.000832 0.000254 0.000966 0.980206 0.015146 0.001760
-1.000000 -1.000000 -1.000000 -1.000000 -1.000000 -1.000000 -1.000000
0.004409 0.004285 0.000013 0.000130 0.988230 0.002720 0.000212
0.000137 0.000012 0.000017 0.000081 0.857375 0.142238 0.000140
-1.000000 -1.000000 -1.000000 -1.000000 -1.000000 -1.000000 -1.000000
0.001480 0.000928 0.000154 0.051875 0.781331 0.162152 0.002080
0.000058 0.000004 0.000000 0.000267 0.993781 0.005887 0.000002
-1.000000 -1.000000 -1.000000 -1.000000 -1.000000 -1.000000 -1.000000
0.000237 0.000317 0.223089 0.000055 0.052423 0.034519 0.689359
-1.000000 -1.000000 -1.000000 -1.000000 -1.000000 -1.000000 -1.000000
-1.000000 -1.000000 -1.000000 -1.000000 -1.000000 -1.000000 -1.000000
-1.000000 -1.000000 -1.000000 -1.000000 -1.000000 -1.000000 -1.000000
0.000287 0.000228 0.026547 0.002897 0.709041 0.027935 0.233065
-1.000000 -1.000000 -1.000000 -1.000000 -1.000000 -1.000000 -1.000000
-1.000000 -1.000000 -1.000000 -1.000000 -1.000000 -1.000000 -1.000000
-1.000000 -1.000000 -1.000000 -1.000000 -1.000000 -1.000000 -1.000000
-1.000000 -1.000000 -1.000000 -1.000000 -1.000000 -1.000000 -1.000000
0.777247 0.001357 0.001665 0.043345 0.008311 0.153969 0.014105
-1.000000 -1.000000 -1.000000 -1.000000 -1.000000 -1.000000 -1.000000
-1.000000 -1.000000 -1.000000 -1.000000 -1.000000 -1.000000 -1.000000
0.000260 0.000410 0.001405 0.029071 0.009036 0.959229 0.000590
-1.000000 -1.000000 -1.000000 -1.000000 -1.000000 -1.000000 -1.000000
0.006610 0.000152 0.000215 0.015021 0.003494 0.974243 0.000264
-1.000000 -1.000000 -1.000000 -1.000000 -1.000000 -1.000000 -1.000000
0.002461 0.002085 0.000094 0.000066 0.984404 0.002947 0.007942
-1.000000 -1.000000 -1.000000 -1.000000 -1.000000 -1.000000 -1.000000
-1.000000 -1.000000 -1.000000 -1.000000 -1.000000 -1.000000 -1.000000
-1.000000 -1.000000 -1.000000 -1.000000 -1.000000 -1.000000 -1.000000
-1.000000 -1.000000 -1.000000 -1.000000 -1.000000 -1.000000 -1.000000
-1.000000 -1.000000 -1.000000 -1.000000 -1.000000 -1.000000 -1.000000
-1.000000 -1.000000 -1.000000 -1.000000 -1.000000 -1.000000 -1.000000
-1.000000 -1.000000 -1.000000 -1.000000 -1.000000 -1.000000 -1.000000
-1.000000 -1.000000 -1.000000 -1.000000 -1.000000 -1.000000 -1.000000
0.000407 0.000284 0.000236 0.008910 0.248868 0.740865 0.000431
-1.000000 -1.000000 -1.000000 -1.000000 -1.000000 -1.000000 -1.000000
-1.000000 -1.000000 -1.000000 -1.000000 -1.000000 -1.000000 -1.000000
-1.000000 -1.000000 -1.000000 -1.000000 -1.000000 -1.000000 -1.000000
-1.000000 -1.000000 -1.000000 -1.000000 -1.000000 -1.000000 -1.000000
0.000348 0.000540 0.000292 0.000259 0.312242 0.684572 0.001746
-1.000000 -1.000000 -1.000000 -1.000000 -1.000000 -1.000000 -1.000000
-1.000000 -1.000000 -1.000000 -1.000000 -1.000000 -1.000000 -1.000000
0.004952 0.020611 0.001203 0.000239 0.180249 0.792463 0.000282
0.994814 0.000077 0.000016 0.000280 0.001820 0.000605 0.002390
-1.000000 -1.000000 -1.000000 -1.000000 -1.000000 -1.000000 -1.000000
-1.000000 -1.000000 -1.000000 -1.000000 -1.000000 -1.000000 -1.000000
0.009440 0.000361 0.000069 0.011891 0.561578 0.416486 0.000175
-1.000000 -1.000000 -1.000000 -1.000000 -1.000000 -1.000000 -1.000000
0.000281 0.000035 0.000002 0.000003 0.998700 0.000899 0.000080
0.709657 0.026357 0.000048 0.041823 0.220190 0.001499 0.000427
-1.000000 -1.000000 -1.000000 -1.000000 -1.000000 -1.000000 -1.000000
-1.000000 -1.000000 -1.000000 -1.000000 -1.000000 -1.000000 -1.000000
-1.000000 -1.000000 -1.000000 -1.000000 -1.000000 -1.000000 -1.000000
-1.000000 -1.000000 -1.000000 -1.000000 -1.000000 -1.000000 -1.000000
-1.000000 -1.000000 -1.000000 -1.000000 -1.000000 -1.000000 -1.000000
-1.000000 -1.000000 -1.000000 -1.000000 -1.000000 -1.000000 -1.000000
-1.000000 -1.000000 -1.000000 -1.000000 -1.000000 -1.000000 -1.000000
-1.000000 -1.000000 -1.000000 -1.000000 -1.000000 -1.000000 -1.000000
-1.000000 -1.000000 -1.000000 -1.000000 -1.000000 -1.000000 -1.000000
-1.000000 -1.000000 -1.000000 -1.000000 -1.000000 -1.000000 -1.000000
-1.000000 -1.000000 -1.000000 -1.000000 -1.000000 -1.000000 -1.000000
0.003558 0.000460 0.004852 0.004955 0.913736 0.063973 0.008466
-1.000000 -1.000000 -1.000000 -1.000000 -1.000000 -1.000000 -1.000000
0.001880 0.001416 0.001101 0.001355 0.750748 0.241334 0.002166
-1.000000 -1.000000 -1.000000 -1.000000 -1.000000 -1.000000 -1.000000
0.003612 0.000365 0.000730 0.133340 0.608740 0.001521 0.251692
-1.000000 -1.000000 -1.000000 -1.000000 -1.000000 -1.000000 -1.000000
-1.000000 -1.000000 -1.000000 -1.000000 -1.000000 -1.000000 -1.000000
0.000647 0.000169 0.000085 0.000019 0.998208 0.000644 0.000227
0.134011 0.013822 0.001442 0.002248 0.136823 0.710272 0.001382
-1.000000 -1.000000 -1.000000 -1.000000 -1.000000 -1.000000 -1.000000
-1.000000 -1.000000 -1.000000 -1.000000 -1.000000 -1.000000 -1.000000
-1.000000 -1.000000 -1.000000 -1.000000 -1.000000 -1.000000 -1.000000
0.001172 0.000361 0.020048 0.000084 0.933657 0.013997 0.030682
0.003823 0.000558 0.000303 0.009403 0.706478 0.279193 0.000241
0.000400 0.000125 0.005746 0.000104 0.071365 0.108363 0.813899
0.002591 0.002153 0.000014 0.001105 0.992403 0.001423 0.000311
-1.000000 -1.000000 -1.000000 -1.000000 -1.000000 -1.000000 -1.000000
-1.000000 -1.000000 -1.000000 -1.000000 -1.000000 -1.000000 -1.000000
0.001313 0.005547 0.002095 0.001669 0.956325 0.008324 0.024727
0.000471 0.000028 0.000025 0.000069 0.998414 0.000143 0.000849
0.000758 0.000281 0.012177 0.004086 0.751626 0.221200 0.009872
-1.000000 -1.000000 -1.000000 -1.000000 -1.000000 -1.000000 -1.000000
-1.000000 -1.000000 -1.000000 -1.000000 -1.000000 -1.000000 -1.000000
0.000202 0.000788 0.381128 0.000049 0.010638 0.017024 0.590171
-1.000000 -1.000000 -1.000000 -1.000000 -1.000000 -1.000000 -1.000000
-1.000000 -1.000000 -1.000000 -1.000000 -1.000000 -1.000000 -1.000000
-1.000000 -1.000000 -1.000000 -1.000000 -1.000000 -1.000000 -1.000000
0.005444 0.955285 0.000222 0.001662 0.034737 0.001988 0.000662
-1.000000 -1.000000 -1.000000 -1.000000 -1.000000 -1.000000 -1.000000
-1.000000 -1.000000 -1.000000 -1.000000 -1.000000 -1.000000 -1.000000
0.000075 0.000424 0.001620 0.000239 0.795514 0.167177 0.034952
-1.000000 -1.000000 -1.000000 -1.000000 -1.000000 -1.000000 -1.000000
0.000499 0.000663 0.718265 0.001642 0.114451 0.003494 0.160985
0.004711 0.018266 0.030709 0.020858 0.314833 0.571996 0.038627
0.008609 0.000024 0.002919 0.000051 0.007368 0.000621 0.980407
-1.000000 -1.000000 -1.000000 -1.000000 -1.000000 -1.000000 -1.000000
-1.000000 -1.000000 -1.000000 -1.000000 -1.000000 -1.000000 -1.000000
-1.000000 -1.000000 -1.000000 -1.000000 -1.000000 -1.000000 -1.000000
-1.000000 -1.000000 -1.000000 -1.000000 -1.000000 -1.000000 -1.000000
0.029286 0.002265 0.013947 0.014305 0.430758 0.417783 0.091656
-1.000000 -1.000000 -1.000000 -1.000000 -1.000000 -1.000000 -1.000000
0.010722 0.000713 0.000005 0.000478 0.984842 0.003234 0.000005
0.001356 0.001720 0.002753 0.002095 0.024772 0.938419 0.028884
-1.000000 -1.000000 -1.000000 -1.000000 -1.000000 -1.000000 -1.000000
-1.000000 -1.000000 -1.000000 -1.000000 -1.000000 -1.000000 -1.000000
0.042941 0.002488 0.003485 0.197368 0.117476 0.291082 0.345160
0.000581 0.000686 0.001513 0.000846 0.593405 0.401207 0.001761
0.488660 0.010238 0.008937 0.018776 0.015803 0.445801 0.011785
-1.000000 -1.000000 -1.000000 -1.000000 -1.000000 -1.000000 -1.000000
-1.000000 -1.000000 -1.000000 -1.000000 -1.000000 -1.000000 -1.000000
-1.000000 -1.000000 -1.000000 -1.000000 -1.000000 -1.000000 -1.000000
-1.000000 -1.000000 -1.000000 -1.000000 -1.000000 -1.000000 -1.000000
-1.000000 -1.000000 -1.000000 -1.000000 -1.000000 -1.000000 -1.000000
-1.000000 -1.000000 -1.000000 -1.000000 -1.000000 -1.000000 -1.000000
-1.000000 -1.000000 -1.000000 -1.000000 -1.000000 -1.000000 -1.000000
0.385940 0.000034 0.004053 0.339369 0.000251 0.003340 0.267013
-1.000000 -1.000000 -1.000000 -1.000000 -1.000000 -1.000000 -1.000000
0.008232 0.002651 0.004074 0.003317 0.823792 0.154956 0.002978
0.000258 0.000226 0.000465 0.000081 0.072202 0.926511 0.000258
0.000996 0.001140 0.000048 0.001549 0.783621 0.212599 0.000046
-1.000000 -1.000000 -1.000000 -1.000000 -1.000000 -1.000000 -1.000000
0.046733 0.075369 0.001367 0.000786 0.227370 0.647110 0.001264
-1.000000 -1.000000 -1.000000 -1.000000 -1.000000 -1.000000 -1.000000
0.002654 0.000569 0.000010 0.000217 0.984533 0.000780 0.011237
0.000553 0.000629 0.067774 0.001133 0.347513 0.073145 0.509252
-1.000000 -1.000000 -1.000000 -1.000000 -1.000000 -1.000000 -1.000000
-1.000000 -1.000000 -1.000000 -1.000000 -1.000000 -1.000000 -1.000000
-1.000000 -1.000000 -1.000000 -1.000000 -1.000000 -1.000000 -1.000000
-1.000000 -1.000000 -1.000000 -1.000000 -1.000000 -1.000000 -1.000000
-1.000000 -1.000000 -1.000000 -1.000000 -1.000000 -1.000000 -1.000000
0.000718 0.000322 0.000314 0.006394 0.517555 0.473600 0.001097
-1.000000 -1.000000 -1.000000 -1.000000 -1.000000 -1.000000 -1.000000
-1.000000 -1.000000 -1.000000 -1.000000 -1.000000 -1.000000 -1.000000
-1.000000 -1.000000 -1.000000 -1.000000 -1.000000 -1.000000 -1.000000
-1.000000 -1.000000 -1.000000 -1.000000 -1.000000 -1.000000 -1.000000
-1.000000 -1.000000 -1.000000 -1.000000 -1.000000 -1.000000 -1.000000
0.000026 0.000013 0.000001 0.000019 0.998633 0.000965 0.000342
-1.000000 -1.000000 -1.000000 -1.000000 -1.000000 -1.000000 -1.000000
0.002261 0.002809 0.000287 0.003434 0.339419 0.650152 0.001638
0.001748 0.000295 0.000541 0.000218 0.976421 0.011048 0.009730
-1.000000 -1.000000 -1.000000 -1.000000 -1.000000 -1.000000 -1.000000
-1.000000 -1.000000 -1.000000 -1.000000 -1.000000 -1.000000 -1.000000
-1.000000 -1.000000 -1.000000 -1.000000 -1.000000 -1.000000 -1.000000
-1.000000 -1.000000 -1.000000 -1.000000 -1.000000 -1.000000 -1.000000
-1.000000 -1.000000 -1.000000 -1.000000 -1.000000 -1.000000 -1.000000
-1.000000 -1.000000 -1.000000 -1.000000 -1.000000 -1.000000 -1.000000
0.044936 0.006099 0.002374 0.006776 0.008673 0.926081 0.005061
-1.000000 -1.000000 -1.000000 -1.000000 -1.000000 -1.000000 -1.000000
-1.000000 -1.000000 -1.000000 -1.000000 -1.000000 -1.000000 -1.000000
0.013002 0.001609 0.000102 0.004364 0.977019 0.003518 0.000385
-1.000000 -1.000000 -1.000000 -1.000000 -1.000000 -1.000000 -1.000000
0.102693 0.002582 0.000030 0.000209 0.884969 0.009140 0.000376
-1.000000 -1.000000 -1.000000 -1.000000 -1.000000 -1.000000 -1.000000
-1.000000 -1.000000 -1.000000 -1.000000 -1.000000 -1.000000 -1.000000
-1.000000 -1.000000 -1.000000 -1.000000 -1.000000 -1.000000 -1.000000
-1.000000 -1.000000 -1.000000 -1.000000 -1.000000 -1.000000 -1.000000
-1.000000 -1.000000 -1.000000 -1.000000 -1.000000 -1.000000 -1.000000
-1.000000 -1.000000 -1.000000 -1.000000 -1.000000 -1.000000 -1.000000
-1.000000 -1.000000 -1.000000 -1.000000 -1.000000 -1.000000 -1.000000
-1.000000 -1.000000 -1.000000 -1.000000 -1.000000 -1.000000 -1.000000
-1.000000 -1.000000 -1.000000 -1.000000 -1.000000 -1.000000 -1.000000
-1.000000 -1.000000 -1.000000 -1.000000 -1.000000 -1.000000 -1.000000
-1.000000 -1.000000 -1.000000 -1.000000 -1.000000 -1.000000 -1.000000
-1.000000 -1.000000 -1.000000 -1.000000 -1.000000 -1.000000 -1.000000
0.002975 0.000201 0.000198 0.015008 0.918030 0.063003 0.000584
-1.000000 -1.000000 -1.000000 -1.000000 -1.000000 -1.000000 -1.000000
0.059352 0.007324 0.001484 0.005560 0.766999 0.156823 0.002457
-1.000000 -1.000000 -1.000000 -1.000000 -1.000000 -1.000000 -1.000000
-1.000000 -1.000000 -1.000000 -1.000000 -1.000000 -1.000000 -1.000000
-1.000000 -1.000000 -1.000000 -1.000000 -1.000000 -1.000000 -1.000000
-1.000000 -1.000000 -1.000000 -1.000000 -1.000000 -1.000000 -1.000000
-1.000000 -1.000000 -1.000000 -1.000000 -1.000000 -1.000000 -1.000000
-1.000000 -1.000000 -1.000000 -1.000000 -1.000000 -1.000000 -1.000000
0.003659 0.000138 0.000440 0.000290 0.978295 0.000435 0.016743
0.895890 0.000313 0.008431 0.039334 0.000164 0.000329 0.055540
-1.000000 -1.000000 -1.000000 -1.000000 -1.000000 -1.000000 -1.000000
-1.000000 -1.000000 -1.000000 -1.000000 -1.000000 -1.000000 -1.000000
-1.000000 -1.000000 -1.000000 -1.000000 -1.000000 -1.000000 -1.000000
0.000451 0.000040 0.000004 0.000047 0.998889 0.000504 0.000064
-1.000000 -1.000000 -1.000000 -1.000000 -1.000000 -1.000000 -1.000000
0.995713 0.002411 0.001592 0.000004 0.000022 0.000127 0.000130
0.000783 0.000155 0.000220 0.000686 0.977801 0.012552 0.007803
0.003421 0.033553 0.058923 0.001309 0.183966 0.194556 0.524273
0.000034 0.000017 0.000088 0.037328 0.956600 0.005515 0.000419
-1.000000 -1.000000 -1.000000 -1.000000 -1.000000 -1.000000 -1.000000
-1.000000 -1.000000 -1.000000 -1.000000 -1.000000 -1.000000 -1.000000
0.000359 0.000880 0.373160 0.000067 0.046783 0.008868 0.569883
0.819737 0.000791 0.003182 0.065222 0.000684 0.002688 0.107696
-1.000000 -1.000000 -1.000000 -1.000000 -1.000000 -1.000000 -1.000000
-1.000000 -1.000000 -1.000000 -1.000000 -1.000000 -1.000000 -1.000000
0.000880 0.000135 0.000149 0.001438 0.908721 0.088289 0.000389
-1.000000 -1.000000 -1.000000 -1.000000 -1.000000 -1.000000 -1.000000
-1.000000 -1.000000 -1.000000 -1.000000 -1.000000 -1.000000 -1.000000
-1.000000 -1.000000 -1.000000 -1.000000 -1.000000 -1.000000 -1.000000
0.061049 0.002945 0.000332 0.000258 0.829982 0.101664 0.003770
-1.000000 -1.000000 -1.000000 -1.000000 -1.000000 -1.000000 -1.000000
0.016612 0.012707 0.465222 0.004328 0.245491 0.038305 0.217334
-1.000000 -1.000000 -1.000000 -1.000000 -1.000000 -1.000000 -1.000000
-1.000000 -1.000000 -1.000000 -1.000000 -1.000000 -1.000000 -1.000000
0.002121 0.000810 0.000699 0.001933 0.117347 0.876508 0.000582
-1.000000 -1.000000 -1.000000 -1.000000 -1.000000 -1.000000 -1.000000
-1.000000 -1.000000 -1.000000 -1.000000 -1.000000 -1.000000 -1.000000
0.008874 0.001890 0.002217 0.005154 0.969462 0.007935 0.004469
0.000047 0.000052 0.000030 0.000026 0.985479 0.000225 0.014142
0.000236 0.001330 0.107800 0.139017 0.134163 0.589255 0.028198
0.000105 0.001830 0.005563 0.000361 0.176004 0.788020 0.028115
0.921859 0.001636 0.000658 0.018480 0.027021 0.015842 0.014504
-1.000000 -1.000000 -1.000000 -1.000000 -1.000000 -1.000000 -1.000000
0.003625 0.000858 0.000311 0.001057 0.486307 0.507454 0.000387
-1.000000 -1.000000 -1.000000 -1.000000 -1.000000 -1.000000 -1.000000
-1.000000 -1.000000 -1.000000 -1.000000 -1.000000 -1.000000 -1.000000
-1.000000 -1.000000 -1.000000 -1.000000 -1.000000 -1.000000 -1.000000
-1.000000 -1.000000 -1.000000 -1.000000 -1.000000 -1.000000 -1.000000
-1.000000 -1.000000 -1.000000 -1.000000 -1.000000 -1.000000 -1.000000
-1.000000 -1.000000 -1.000000 -1.000000 -1.000000 -1.000000 -1.000000
-1.000000 -1.000000 -1.000000 -1.000000 -1.000000 -1.000000 -1.000000
0.000094 0.000016 0.000098 0.004294 0.023937 0.001126 0.970435
0.000137 0.000096 0.984070 0.002253 0.007733 0.000315 0.005396
-1.000000 -1.000000 -1.000000 -1.000000 -1.000000 -1.000000 -1.000000
-1.000000 -1.000000 -1.000000 -1.000000 -1.000000 -1.000000 -1.000000
0.000020 0.000003 0.000037 0.000064 0.987953 0.011613 0.000310
0.000109 0.000169 0.672912 0.249215 0.067930 0.008029 0.001635
-1.000000 -1.000000 -1.000000 -1.000000 -1.000000 -1.000000 -1.000000
-1.000000 -1.000000 -1.000000 -1.000000 -1.000000 -1.000000 -1.000000
0.000045 0.000016 0.836389 0.158165 0.004618 0.000061 0.000706
0.000945 0.002735 0.175898 0.406131 0.030546 0.347202 0.036543
0.000034 0.000048 0.002931 0.001198 0.006174 0.001125 0.988490
-1.000000 -1.000000 -1.000000 -1.000000 -1.000000 -1.000000 -1.000000
-1.000000 -1.000000 -1.000000 -1.000000 -1.000000 -1.000000 -1.000000
-1.000000 -1.000000 -1.000000 -1.000000 -1.000000 -1.000000 -1.000000
-1.000000 -1.000000 -1.000000 -1.000000 -1.000000 -1.000000 -1.000000
-1.000000 -1.000000 -1.000000 -1.000000 -1.000000 -1.000000 -1.000000
0.000182 0.000292 0.000881 0.000169 0.674693 0.265435 0.058348
0.000401 0.000003 0.000002 0.000286 0.998583 0.000621 0.000104
-1.000000 -1.000000 -1.000000 -1.000000 -1.000000 -1.000000 -1.000000
-1.000000 -1.000000 -1.000000 -1.000000 -1.000000 -1.000000 -1.000000
0.000438 0.000132 0.000292 0.000124 0.856069 0.004718 0.138226
0.001920 0.002679 0.019473 0.011219 0.332094 0.004635 0.627980
-1.000000 -1.000000 -1.000000 -1.000000 -1.000000 -1.000000 -1.000000
-1.000000 -1.000000 -1.000000 -1.000000 -1.000000 -1.000000 -1.000000
-1.000000 -1.000000 -1.000000 -1.000000 -1.000000 -1.000000 -1.000000
-1.000000 -1.000000 -1.000000 -1.000000 -1.000000 -1.000000 -1.000000
-1.000000 -1.000000 -1.000000 -1.000000 -1.000000 -1.000000 -1.000000
0.221862 0.002177 0.000049 0.000816 0.751034 0.022973 0.001090
-1.000000 -1.000000 -1.000000 -1.000000 -1.000000 -1.000000 -1.000000
0.000813 0.000162 0.000123 0.017308 0.634221 0.347163 0.000211
0.000791 0.000007 0.010472 0.000127 0.000783 0.000107 0.987714
0.000492 0.000212 0.000173 0.000947 0.734083 0.263644 0.000448
0.009399 0.001327 0.000711 0.033498 0.859080 0.095233 0.000751
-1.000000 -1.000000 -1.000000 -1.000000 -1.000000 -1.000000 -1.000000
0.000385 0.000028 0.000003 0.000703 0.998778 0.000065 0.000038
-1.000000 -1.000000 -1.000000 -1.000000 -1.000000 -1.000000 -1.000000
-1.000000 -1.000000 -1.000000 -1.000000 -1.000000 -1.000000 -1.000000
-1.000000 -1.000000 -1.000000 -1.000000 -1.000000 -1.000000 -1.000000
-1.000000 -1.000000 -1.000000 -1.000000 -1.000000 -1.000000 -1.000000
-1.000000 -1.000000 -1.000000 -1.000000 -1.000000 -1.000000 -1.000000
-1.000000 -1.000000 -1.000000 -1.000000 -1.000000 -1.000000 -1.000000
-1.000000 -1.000000 -1.000000 -1.000000 -1.000000 -1.000000 -1.000000
-1.000000 -1.000000 -1.000000 -1.000000 -1.000000 -1.000000 -1.000000
-1.000000 -1.000000 -1.000000 -1.000000 -1.000000 -1.000000 -1.000000
0.002463 0.000035 0.000042 0.001985 0.000712 0.994722 0.000043
-1.000000 -1.000000 -1.000000 -1.000000 -1.000000 -1.000000 -1.000000
-1.000000 -1.000000 -1.000000 -1.000000 -1.000000 -1.000000 -1.000000
-1.000000 -1.000000 -1.000000 -1.000000 -1.000000 -1.000000 -1.000000
-1.000000 -1.000000 -1.000000 -1.000000 -1.000000 -1.000000 -1.000000
-1.000000 -1.000000 -1.000000 -1.000000 -1.000000 -1.000000 -1.000000
-1.000000 -1.000000 -1.000000 -1.000000 -1.000000 -1.000000 -1.000000
-1.000000 -1.000000 -1.000000 -1.000000 -1.000000 -1.000000 -1.000000
0.008577 0.001915 0.000042 0.000340 0.986495 0.002539 0.000092
-1.000000 -1.000000 -1.000000 -1.000000 -1.000000 -1.000000 -1.000000
-1.000000 -1.000000 -1.000000 -1.000000 -1.000000 -1.000000 -1.000000
-1.000000 -1.000000 -1.000000 -1.000000 -1.000000 -1.000000 -1.000000
0.000299 0.000683 0.000046 0.000031 0.972983 0.016877 0.009080
-1.000000 -1.000000 -1.000000 -1.000000 -1.000000 -1.000000 -1.000000
-1.000000 -1.000000 -1.000000 -1.000000 -1.000000 -1.000000 -1.000000
0.000046 0.000018 0.000407 0.000114 0.002618 0.000196 0.996601
-1.000000 -1.000000 -1.000000 -1.000000 -1.000000 -1.000000 -1.000000
0.028026 0.001268 0.000427 0.005203 0.947989 0.009740 0.007347
-1.000000 -1.000000 -1.000000 -1.000000 -1.000000 -1.000000 -1.000000
-1.000000 -1.000000 -1.000000 -1.000000 -1.000000 -1.000000 -1.000000
0.000844 0.033213 0.579962 0.000516 0.005794 0.364969 0.014703
-1.000000 -1.000000 -1.000000 -1.000000 -1.000000 -1.000000 -1.000000
-1.000000 -1.000000 -1.000000 -1.000000 -1.000000 -1.000000 -1.000000
-1.000000 -1.000000 -1.000000 -1.000000 -1.000000 -1.000000 -1.000000
0.163608 0.008369 0.000020 0.000913 0.825844 0.001129 0.000118
-1.000000 -1.000000 -1.000000 -1.000000 -1.000000 -1.000000 -1.000000
-1.000000 -1.000000 -1.000000 -1.000000 -1.000000 -1.000000 -1.000000
-1.000000 -1.000000 -1.000000 -1.000000 -1.000000 -1.000000 -1.000000
-1.000000 -1.000000 -1.000000 -1.000000 -1.000000 -1.000000 -1.000000
-1.000000 -1.000000 -1.000000 -1.000000 -1.000000 -1.000000 -1.000000
0.003869 0.000615 0.000112 0.000392 0.558502 0.436459 0.000052
0.002038 0.000230 0.001097 0.002971 0.256084 0.034851 0.702730
-1.000000 -1.000000 -1.000000 -1.000000 -1.000000 -1.000000 -1.000000
-1.000000 -1.000000 -1.000000 -1.000000 -1.000000 -1.000000 -1.000000
-1.000000 -1.000000 -1.000000 -1.000000 -1.000000 -1.000000 -1.000000
-1.000000 -1.000000 -1.000000 -1.000000 -1.000000 -1.000000 -1.000000
0.000689 0.000670 0.000364 0.000241 0.929553 0.025326 0.043157
-1.000000 -1.000000 -1.000000 -1.000000 -1.000000 -1.000000 -1.000000
0.000002 0.000001 0.000010 0.014189 0.979868 0.005806 0.000124
-1.000000 -1.000000 -1.000000 -1.000000 -1.000000 -1.000000 -1.000000
0.000672 0.000116 0.000343 0.009119 0.063816 0.014351 0.911583
0.001326 0.000274 0.000514 0.002250 0.980390 0.007138 0.008109
-1.000000 -1.000000 -1.000000 -1.000000 -1.000000 -1.000000 -1.000000
0.001258 0.002192 0.049398 0.011017 0.883299 0.028118 0.024718
-1.000000 -1.000000 -1.000000 -1.000000 -1.000000 -1.000000 -1.000000
-1.000000 -1.000000 -1.000000 -1.000000 -1.000000 -1.000000 -1.000000
-1.000000 -1.000000 -1.000000 -1.000000 -1.000000 -1.000000 -1.000000
-1.000000 -1.000000 -1.000000 -1.000000 -1.000000 -1.000000 -1.000000
-1.000000 -1.000000 -1.000000 -1.000000 -1.000000 -1.000000 -1.000000
-1.000000 -1.000000 -1.000000 -1.000000 -1.000000 -1.000000 -1.000000
-1.000000 -1.000000 -1.000000 -1.000000 -1.000000 -1.000000 -1.000000
-1.000000 -1.000000 -1.000000 -1.000000 -1.000000 -1.000000 -1.000000
0.000871 0.000397 0.131240 0.000447 0.188583 0.007153 0.671309
-1.000000 -1.000000 -1.000000 -1.000000 -1.000000 -1.000000 -1.000000
-1.000000 -1.000000 -1.000000 -1.000000 -1.000000 -1.000000 -1.000000
-1.000000 -1.000000 -1.000000 -1.000000 -1.000000 -1.000000 -1.000000
0.065915 0.001639 0.393482 0.000309 0.006511 0.003393 0.528751
-1.000000 -1.000000 -1.000000 -1.000000 -1.000000 -1.000000 -1.000000
-1.000000 -1.000000 -1.000000 -1.000000 -1.000000 -1.000000 -1.000000
-1.000000 -1.000000 -1.000000 -1.000000 -1.000000 -1.000000 -1.000000
-1.000000 -1.000000 -1.000000 -1.000000 -1.000000 -1.000000 -1.000000
-1.000000 -1.000000 -1.000000 -1.000000 -1.000000 -1.000000 -1.000000
-1.000000 -1.000000 -1.000000 -1.000000 -1.000000 -1.000000 -1.000000
0.001141 0.000055 0.000020 0.000102 0.997464 0.000193 0.001024
-1.000000 -1.000000 -1.000000 -1.000000 -1.000000 -1.000000 -1.000000
-1.000000 -1.000000 -1.000000 -1.000000 -1.000000 -1.000000 -1.000000
0.002155 0.003930 0.049320 0.002193 0.571548 0.314884 0.055970
-1.000000 -1.000000 -1.000000 -1.000000 -1.000000 -1.000000 -1.000000
-1.000000 -1.000000 -1.000000 -1.000000 -1.000000 -1.000000 -1.000000
-1.000000 -1.000000 -1.000000 -1.000000 -1.000000 -1.000000 -1.000000
-1.000000 -1.000000 -1.000000 -1.000000 -1.000000 -1.000000 -1.000000
0.000419 0.000005 0.000000 0.000010 0.999043 0.000513 0.000011
-1.000000 -1.000000 -1.000000 -1.000000 -1.000000 -1.000000 -1.000000
-1.000000 -1.000000 -1.000000 -1.000000 -1.000000 -1.000000 -1.000000
0.000009 0.000005 0.000020 0.000086 0.758051 0.000209 0.241621
-1.000000 -1.000000 -1.000000 -1.000000 -1.000000 -1.000000 -1.000000
-1.000000 -1.000000 -1.000000 -1.000000 -1.000000 -1.000000 -1.000000
-1.000000 -1.000000 -1.000000 -1.000000 -1.000000 -1.000000 -1.000000
-1.000000 -1.000000 -1.000000 -1.000000 -1.000000 -1.000000 -1.000000
-1.000000 -1.000000 -1.000000 -1.000000 -1.000000 -1.000000 -1.000000
-1.000000 -1.000000 -1.000000 -1.000000 -1.000000 -1.000000 -1.000000
0.011641 0.013531 0.003716 0.011236 0.903982 0.019986 0.035907
-1.000000 -1.000000 -1.000000 -1.000000 -1.000000 -1.000000 -1.000000
0.000347 0.002130 0.001436 0.451094 0.451791 0.092473 0.000728
0.024090 0.011691 0.000511 0.004556 0.944017 0.011200 0.003935
-1.000000 -1.000000 -1.000000 -1.000000 -1.000000 -1.000000 -1.000000
-1.000000 -1.000000 -1.000000 -1.000000 -1.000000 -1.000000 -1.000000
-1.000000 -1.000000 -1.000000 -1.000000 -1.000000 -1.000000 -1.000000
-1.000000 -1.000000 -1.000000 -1.000000 -1.000000 -1.000000 -1.000000
-1.000000 -1.000000 -1.000000 -1.000000 -1.000000 -1.000000 -1.000000
-1.000000 -1.000000 -1.000000 -1.000000 -1.000000 -1.000000 -1.000000
-1.000000 -1.000000 -1.000000 -1.000000 -1.000000 -1.000000 -1.000000
-1.000000 -1.000000 -1.000000 -1.000000 -1.000000 -1.000000 -1.000000
-1.000000 -1.000000 -1.000000 -1.000000 -1.000000 -1.000000 -1.000000
-1.000000 -1.000000 -1.000000 -1.000000 -1.000000 -1.000000 -1.000000
-1.000000 -1.000000 -1.000000 -1.000000 -1.000000 -1.000000 -1.000000
-1.000000 -1.000000 -1.000000 -1.000000 -1.000000 -1.000000 -1.000000
-1.000000 -1.000000 -1.000000 -1.000000 -1.000000 -1.000000 -1.000000
0.008822 0.003042 0.351078 0.000145 0.124168 0.004884 0.507860
0.009154 0.000363 0.000309 0.033393 0.815519 0.140655 0.000607
-1.000000 -1.000000 -1.000000 -1.000000 -1.000000 -1.000000 -1.000000
-1.000000 -1.000000 -1.000000 -1.000000 -1.000000 -1.000000 -1.000000
0.596264 0.143651 0.040820 0.007943 0.030636 0.103386 0.077301
0.000282 0.000046 0.001628 0.000483 0.014167 0.014200 0.969194
0.000094 0.001496 0.067428 0.000763 0.082020 0.845340 0.002859
-1.000000 -1.000000 -1.000000 -1.000000 -1.000000 -1.000000 -1.000000
0.000610 0.000851 0.006793 0.004998 0.934723 0.009902 0.042122
-1.000000 -1.000000 -1.000000 -1.000000 -1.000000 -1.000000 -1.000000
-1.000000 -1.000000 -1.000000 -1.000000 -1.000000 -1.000000 -1.000000
-1.000000 -1.000000 -1.000000 -1.000000 -1.000000 -1.000000 -1.000000
-1.000000 -1.000000 -1.000000 -1.000000 -1.000000 -1.000000 -1.000000
0.001790 0.003214 0.000459 0.000209 0.389819 0.599589 0.004920
-1.000000 -1.000000 -1.000000 -1.000000 -1.000000 -1.000000 -1.000000
0.003256 0.001192 0.011989 0.001858 0.100757 0.873649 0.007300
-1.000000 -1.000000 -1.000000 -1.000000 -1.000000 -1.000000 -1.000000
0.999385 0.000359 0.000000 0.000056 0.000184 0.000001 0.000016
0.000048 0.000141 0.000004 0.000934 0.996747 0.000439 0.001685
-1.000000 -1.000000 -1.000000 -1.000000 -1.000000 -1.000000 -1.000000
0.003226 0.005336 0.549042 0.000203 0.190199 0.005608 0.246386
-1.000000 -1.000000 -1.000000 -1.000000 -1.000000 -1.000000 -1.000000
-1.000000 -1.000000 -1.000000 -1.000000 -1.000000 -1.000000 -1.000000
0.000018 0.000007 0.000000 0.000010 0.999694 0.000257 0.000014
-1.000000 -1.000000 -1.000000 -1.000000 -1.000000 -1.000000 -1.000000
-1.000000 -1.000000 -1.000000 -1.000000 -1.000000 -1.000000 -1.000000
0.429072 0.013099 0.002897 0.011699 0.209058 0.320838 0.013337
-1.000000 -1.000000 -1.000000 -1.000000 -1.000000 -1.000000 -1.000000
-1.000000 -1.000000 -1.000000 -1.000000 -1.000000 -1.000000 -1.000000
-1.000000 -1.000000 -1.000000 -1.000000 -1.000000 -1.000000 -1.000000
-1.000000 -1.000000 -1.000000 -1.000000 -1.000000 -1.000000 -1.000000
-1.000000 -1.000000 -1.000000 -1.000000 -1.000000 -1.000000 -1.000000
-1.000000 -1.000000 -1.000000 -1.000000 -1.000000 -1.000000 -1.000000
-1.000000 -1.000000 -1.000000 -1.000000 -1.000000 -1.000000 -1.000000
0.003805 0.010219 0.558806 0.000742 0.149695 0.076525 0.200208
0.005599 0.000166 0.000669 0.000299 0.706568 0.001526 0.285172
-1.000000 -1.000000 -1.000000 -1.000000 -1.000000 -1.000000 -1.000000
0.032490 0.000676 0.000061 0.001136 0.366857 0.598697 0.000083
-1.000000 -1.000000 -1.000000 -1.000000 -1.000000 -1.000000 -1.000000
0.002716 0.001976 0.000185 0.002097 0.917096 0.075338 0.000592
-1.000000 -1.000000 -1.000000 -1.000000 -1.000000 -1.000000 -1.000000
-1.000000 -1.000000 -1.000000 -1.000000 -1.000000 -1.000000 -1.000000
0.000009 0.000008 0.000001 0.000014 0.999573 0.000250 0.000146
-1.000000 -1.000000 -1.000000 -1.000000 -1.000000 -1.000000 -1.000000
-1.000000 -1.000000 -1.000000 -1.000000 -1.000000 -1.000000 -1.000000
0.000070 0.000007 0.000016 0.000091 0.004297 0.000056 0.995464
0.000043 0.000276 0.036828 0.019804 0.022315 0.005284 0.915449
0.025507 0.015220 0.006800 0.001434 0.284251 0.642875 0.023914
-1.000000 -1.000000 -1.000000 -1.000000 -1.000000 -1.000000 -1.000000
-1.000000 -1.000000 -1.000000 -1.000000 -1.000000 -1.000000 -1.000000
0.000063 0.000018 0.000516 0.000517 0.006197 0.001816 0.990872
-1.000000 -1.000000 -1.000000 -1.000000 -1.000000 -1.000000 -1.000000
-1.000000 -1.000000 -1.000000 -1.000000 -1.000000 -1.000000 -1.000000
0.001877 0.000407 0.000219 0.002376 0.095627 0.899101 0.000394
0.268068 0.001559 0.068487 0.011635 0.039668 0.120336 0.490248
0.000097 0.000069 0.000083 0.000012 0.005362 0.994312 0.000065
-1.000000 -1.000000 -1.000000 -1.000000 -1.000000 -1.000000 -1.000000
-1.000000 -1.000000 -1.000000 -1.000000 -1.000000 -1.000000 -1.000000
-1.000000 -1.000000 -1.000000 -1.000000 -1.000000 -1.000000 -1.000000
-1.000000 -1.000000 -1.000000 -1.000000 -1.000000 -1.000000 -1.000000
-1.000000 -1.000000 -1.000000 -1.000000 -1.000000 -1.000000 -1.000000
-1.000000 -1.000000 -1.000000 -1.000000 -1.000000 -1.000000 -1.000000
-1.000000 -1.000000 -1.000000 -1.000000 -1.000000 -1.000000 -1.000000
0.000158 0.000209 0.000410 0.000153 0.635618 0.355547 0.007906
-1.000000 -1.000000 -1.000000 -1.000000 -1.000000 -1.000000 -1.000000
-1.000000 -1.000000 -1.000000 -1.000000 -1.000000 -1.000000 -1.000000
-1.000000 -1.000000 -1.000000 -1.000000 -1.000000 -1.000000 -1.000000
0.000030 0.000002 0.018540 0.000003 0.069368 0.000713 0.911344
-1.000000 -1.000000 -1.000000 -1.000000 -1.000000 -1.000000 -1.000000
-1.000000 -1.000000 -1.000000 -1.000000 -1.000000 -1.000000 -1.000000
-1.000000 -1.000000 -1.000000 -1.000000 -1.000000 -1.000000 -1.000000
0.000405 0.000116 0.000050 0.000180 0.987793 0.000135 0.011321
0.004659 0.015947 0.000397 0.003817 0.932413 0.042434 0.000333
0.000479 0.000295 0.001603 0.001055 0.063546 0.002166 0.930856
-1.000000 -1.000000 -1.000000 -1.000000 -1.000000 -1.000000 -1.000000
0.000053 0.000033 0.000597 0.002675 0.716755 0.279079 0.000807
-1.000000 -1.000000 -1.000000 -1.000000 -1.000000 -1.000000 -1.000000
-1.000000 -1.000000 -1.000000 -1.000000 -1.000000 -1.000000 -1.000000
0.000513 0.000614 0.001965 0.231752 0.745684 0.012101 0.007370
-1.000000 -1.000000 -1.000000 -1.000000 -1.000000 -1.000000 -1.000000
-1.000000 -1.000000 -1.000000 -1.000000 -1.000000 -1.000000 -1.000000
-1.000000 -1.000000 -1.000000 -1.000000 -1.000000 -1.000000 -1.000000
-1.000000 -1.000000 -1.000000 -1.000000 -1.000000 -1.000000 -1.000000
-1.000000 -1.000000 -1.000000 -1.000000 -1.000000 -1.000000 -1.000000
-1.000000 -1.000000 -1.000000 -1.000000 -1.000000 -1.000000 -1.000000
-1.000000 -1.000000 -1.000000 -1.000000 -1.000000 -1.000000 -1.000000
-1.000000 -1.000000 -1.000000 -1.000000 -1.000000 -1.000000 -1.000000
0.014889 0.001033 0.006378 0.000328 0.010193 0.953580 0.013599
0.917137 0.036169 0.001427 0.001674 0.029790 0.008314 0.005490
0.002269 0.002405 0.490941 0.000122 0.071865 0.109303 0.323093
-1.000000 -1.000000 -1.000000 -1.000000 -1.000000 -1.000000 -1.000000
0.000200 0.000767 0.000156 0.000657 0.985038 0.010831 0.002350
0.000072 0.000125 0.000233 0.000046 0.155312 0.000406 0.843806
-1.000000 -1.000000 -1.000000 -1.000000 -1.000000 -1.000000 -1.000000
0.000830 0.001026 0.001520 0.000237 0.220318 0.766773 0.009295
-1.000000 -1.000000 -1.000000 -1.000000 -1.000000 -1.000000 -1.000000
0.002494 0.000525 0.000227 0.001495 0.059114 0.935832 0.000312
-1.000000 -1.000000 -1.000000 -1.000000 -1.000000 -1.000000 -1.000000
-1.000000 -1.000000 -1.000000 -1.000000 -1.000000 -1.000000 -1.000000
-1.000000 -1.000000 -1.000000 -1.000000 -1.000000 -1.000000 -1.000000
-1.000000 -1.000000 -1.000000 -1.000000 -1.000000 -1.000000 -1.000000
0.038777 0.024458 0.000171 0.004636 0.928322 0.002959 0.000677
-1.000000 -1.000000 -1.000000 -1.000000 -1.000000 -1.000000 -1.000000
-1.000000 -1.000000 -1.000000 -1.000000 -1.000000 -1.000000 -1.000000
0.001084 0.000183 0.097180 0.000135 0.216674 0.009202 0.675541
0.000143 0.000072 0.026613 0.000328 0.002323 0.000631 0.969890
-1.000000 -1.000000 -1.000000 -1.000000 -1.000000 -1.000000 -1.000000
0.002872 0.002420 0.001367 0.003390 0.386287 0.600631 0.003033
0.977326 0.007167 0.000026 0.013608 0.000458 0.000106 0.001309
-1.000000 -1.000000 -1.000000 -1.000000 -1.000000 -1.000000 -1.000000
-1.000000 -1.000000 -1.000000 -1.000000 -1.000000 -1.000000 -1.000000
0.003820 0.000263 0.000000 0.000039 0.995724 0.000035 0.000119
-1.000000 -1.000000 -1.000000 -1.000000 -1.000000 -1.000000 -1.000000
-1.000000 -1.000000 -1.000000 -1.000000 -1.000000 -1.000000 -1.000000
-1.000000 -1.000000 -1.000000 -1.000000 -1.000000 -1.000000 -1.000000
-1.000000 -1.000000 -1.000000 -1.000000 -1.000000 -1.000000 -1.000000
0.010822 0.009317 0.000186 0.003165 0.966161 0.001803 0.008545
-1.000000 -1.000000 -1.000000 -1.000000 -1.000000 -1.000000 -1.000000
-1.000000 -1.000000 -1.000000 -1.000000 -1.000000 -1.000000 -1.000000
0.417588 0.000826 0.000334 0.143620 0.003462 0.433801 0.000369
0.007867 0.001151 0.000166 0.002744 0.958003 0.029286 0.000783
-1.000000 -1.000000 -1.000000 -1.000000 -1.000000 -1.000000 -1.000000
0.000142 0.000047 0.000035 0.049865 0.944026 0.004767 0.001119
-1.000000 -1.000000 -1.000000 -1.000000 -1.000000 -1.000000 -1.000000
-1.000000 -1.000000 -1.000000 -1.000000 -1.000000 -1.000000 -1.000000
-1.000000 -1.000000 -1.000000 -1.000000 -1.000000 -1.000000 -1.000000
0.027188 0.005078 0.002334 0.004051 0.872589 0.085245 0.003514
-1.000000 -1.000000 -1.000000 -1.000000 -1.000000 -1.000000 -1.000000
-1.000000 -1.000000 -1.000000 -1.000000 -1.000000 -1.000000 -1.000000
-1.000000 -1.000000 -1.000000 -1.000000 -1.000000 -1.000000 -1.000000
-1.000000 -1.000000 -1.000000 -1.000000 -1.000000 -1.000000 -1.000000
-1.000000 -1.000000 -1.000000 -1.000000 -1.000000 -1.000000 -1.000000
-1.000000 -1.000000 -1.000000 -1.000000 -1.000000 -1.000000 -1.000000
0.000002 0.000011 0.993606 0.000499 0.002308 0.003427 0.000146
-1.000000 -1.000000 -1.000000 -1.000000 -1.000000 -1.000000 -1.000000
-1.000000 -1.000000 -1.000000 -1.000000 -1.000000 -1.000000 -1.000000
-1.000000 -1.000000 -1.000000 -1.000000 -1.000000 -1.000000 -1.000000
-1.000000 -1.000000 -1.000000 -1.000000 -1.000000 -1.000000 -1.000000
-1.000000 -1.000000 -1.000000 -1.000000 -1.000000 -1.000000 -1.000000
0.680126 0.004035 0.001070 0.215881 0.048144 0.014667 0.036076
-1.000000 -1.000000 -1.000000 -1.000000 -1.000000 -1.000000 -1.000000
-1.000000 -1.000000 -1.000000 -1.000000 -1.000000 -1.000000 -1.000000
-1.000000 -1.000000 -1.000000 -1.000000 -1.000000 -1.000000 -1.000000
-1.000000 -1.000000 -1.000000 -1.000000 -1.000000 -1.000000 -1.000000
0.000002 0.000002 0.000339 0.011825 0.027552 0.015568 0.944711
0.003217 0.005825 0.083674 0.162914 0.327747 0.380542 0.036081
-1.000000 -1.000000 -1.000000 -1.000000 -1.000000 -1.000000 -1.000000
-1.000000 -1.000000 -1.000000 -1.000000 -1.000000 -1.000000 -1.000000
-1.000000 -1.000000 -1.000000 -1.000000 -1.000000 -1.000000 -1.000000
-1.000000 -1.000000 -1.000000 -1.000000 -1.000000 -1.000000 -1.000000
-1.000000 -1.000000 -1.000000 -1.000000 -1.000000 -1.000000 -1.000000
0.000428 0.000391 0.090006 0.000251 0.017855 0.013081 0.877989
-1.000000 -1.000000 -1.000000 -1.000000 -1.000000 -1.000000 -1.000000
-1.000000 -1.000000 -1.000000 -1.000000 -1.000000 -1.000000 -1.000000
-1.000000 -1.000000 -1.000000 -1.000000 -1.000000 -1.000000 -1.000000
0.000624 0.001200 0.001096 0.193784 0.466061 0.324956 0.012280
-1.000000 -1.000000 -1.000000 -1.000000 -1.000000 -1.000000 -1.000000
-1.000000 -1.000000 -1.000000 -1.000000 -1.000000 -1.000000 -1.000000
0.000032 0.000037 0.000310 0.004757 0.911614 0.004276 0.078972
-1.000000 -1.000000 -1.000000 -1.000000 -1.000000 -1.000000 -1.000000
-1.000000 -1.000000 -1.000000 -1.000000 -1.000000 -1.000000 -1.000000
-1.000000 -1.000000 -1.000000 -1.000000 -1.000000 -1.000000 -1.000000
0.003856 0.000854 0.000546 0.000527 0.950502 0.032943 0.010773
0.001633 0.000721 0.027832 0.004271 0.678470 0.030168 0.256906
0.000022 0.000010 0.000002 0.003182 0.988900 0.007257 0.000627
0.000018 0.000033 0.993887 0.001717 0.002112 0.001921 0.000312
-1.000000 -1.000000 -1.000000 -1.000000 -1.000000 -1.000000 -1.000000
-1.000000 -1.000000 -1.000000 -1.000000 -1.000000 -1.000000 -1.000000
-1.000000 -1.000000 -1.000000 -1.000000 -1.000000 -1.000000 -1.000000
0.005384 0.003018 0.030751 0.004396 0.123299 0.809357 0.023796
-1.000000 -1.000000 -1.000000 -1.000000 -1.000000 -1.000000 -1.000000
0.002423 0.000467 0.000073 0.000119 0.995022 0.000061 0.001835
0.001208 0.001165 0.004525 0.000552 0.057937 0.930827 0.003786
-1.000000 -1.000000 -1.000000 -1.000000 -1.000000 -1.000000 -1.000000
-1.000000 -1.000000 -1.000000 -1.000000 -1.000000 -1.000000 -1.000000
-1.000000 -1.000000 -1.000000 -1.000000 -1.000000 -1.000000 -1.000000
-1.000000 -1.000000 -1.000000 -1.000000 -1.000000 -1.000000 -1.000000
-1.000000 -1.000000 -1.000000 -1.000000 -1.000000 -1.000000 -1.000000
0.000176 0.000286 0.000922 0.001288 0.064087 0.011034 0.922206
0.031492 0.008386 0.001205 0.024556 0.925388 0.000826 0.008148
-1.000000 -1.000000 -1.000000 -1.000000 -1.000000 -1.000000 -1.000000
-1.000000 -1.000000 -1.000000 -1.000000 -1.000000 -1.000000 -1.000000
-1.000000 -1.000000 -1.000000 -1.000000 -1.000000 -1.000000 -1.000000
-1.000000 -1.000000 -1.000000 -1.000000 -1.000000 -1.000000 -1.000000
-1.000000 -1.000000 -1.000000 -1.000000 -1.000000 -1.000000 -1.000000
0.000224 0.001571 0.700223 0.000069 0.010658 0.008673 0.278581
-1.000000 -1.000000 -1.000000 -1.000000 -1.000000 -1.000000 -1.000000
-1.000000 -1.000000 -1.000000 -1.000000 -1.000000 -1.000000 -1.000000
-1.000000 -1.000000 -1.000000 -1.000000 -1.000000 -1.000000 -1.000000
0.003370 0.005410 0.002353 0.023193 0.738500 0.222334 0.004839
0.000570 0.000971 0.002821 0.000082 0.520422 0.004303 0.470832
0.002903 0.006796 0.114990 0.105580 0.543539 0.170660 0.055531
-1.000000 -1.000000 -1.000000 -1.000000 -1.000000 -1.000000 -1.000000
-1.000000 -1.000000 -1.000000 -1.000000 -1.000000 -1.000000 -1.000000
-1.000000 -1.000000 -1.000000 -1.000000 -1.000000 -1.000000 -1.000000
0.025559 0.001109 0.000297 0.002406 0.952417 0.005773 0.012439
-1.000000 -1.000000 -1.000000 -1.000000 -1.000000 -1.000000 -1.000000
0.086129 0.457546 0.002111 0.066310 0.312430 0.068305 0.007169
-1.000000 -1.000000 -1.000000 -1.000000 -1.000000 -1.000000 -1.000000
-1.000000 -1.000000 -1.000000 -1.000000 -1.000000 -1.000000 -1.000000
0.000025 0.000028 0.000537 0.000695 0.278335 0.718814 0.001567
0.153777 0.001324 0.000049 0.000318 0.840830 0.003466 0.000237
-1.000000 -1.000000 -1.000000 -1.000000 -1.000000 -1.000000 -1.000000
-1.000000 -1.000000 -1.000000 -1.000000 -1.000000 -1.000000 -1.000000
-1.000000 -1.000000 -1.000000 -1.000000 -1.000000 -1.000000 -1.000000
-1.000000 -1.000000 -1.000000 -1.000000 -1.000000 -1.000000 -1.000000
-1.000000 -1.000000 -1.000000 -1.000000 -1.000000 -1.000000 -1.000000
0.004631 0.001703 0.000280 0.000950 0.974239 0.008919 0.009277
0.000063 0.000433 0.009191 0.000038 0.020700 0.000350 0.969224
-1.000000 -1.000000 -1.000000 -1.000000 -1.000000 -1.000000 -1.000000
-1.000000 -1.000000 -1.000000 -1.000000 -1.000000 -1.000000 -1.000000
0.003143 0.000572 0.513292 0.000232 0.000085 0.051716 0.430959
-1.000000 -1.000000 -1.000000 -1.000000 -1.000000 -1.000000 -1.000000
-1.000000 -1.000000 -1.000000 -1.000000 -1.000000 -1.000000 -1.000000
0.000406 0.000146 0.000042 0.000099 0.441249 0.557962 0.000096
0.001028 0.000050 0.000003 0.000132 0.998325 0.000434 0.000028
0.024570 0.015705 0.000360 0.038071 0.206385 0.714674 0.000234
-1.000000 -1.000000 -1.000000 -1.000000 -1.000000 -1.000000 -1.000000
0.005708 0.000586 0.000062 0.081317 0.778850 0.133317 0.000161
-1.000000 -1.000000 -1.000000 -1.000000 -1.000000 -1.000000 -1.000000
0.022371 0.004575 0.000213 0.000708 0.924409 0.044129 0.003596
-1.000000 -1.000000 -1.000000 -1.000000 -1.000000 -1.000000 -1.000000
-1.000000 -1.000000 -1.000000 -1.000000 -1.000000 -1.000000 -1.000000
0.326016 0.000950 0.000028 0.001116 0.643726 0.027928 0.000236
-1.000000 -1.000000 -1.000000 -1.000000 -1.000000 -1.000000 -1.000000
-1.000000 -1.000000 -1.000000 -1.000000 -1.000000 -1.000000 -1.000000
-1.000000 -1.000000 -1.000000 -1.000000 -1.000000 -1.000000 -1.000000
-1.000000 -1.000000 -1.000000 -1.000000 -1.000000 -1.000000 -1.000000
-1.000000 -1.000000 -1.000000 -1.000000 -1.000000 -1.000000 -1.000000
0.000005 0.000005 0.000038 0.000536 0.307587 0.000036 0.691793
0.000537 0.003042 0.190504 0.003859 0.333670 0.454075 0.014313
-1.000000 -1.000000 -1.000000 -1.000000 -1.000000 -1.000000 -1.000000
0.023626 0.011695 0.000009 0.010250 0.952774 0.001631 0.000014
0.305868 0.004492 0.003231 0.003224 0.026545 0.023171 0.633469
-1.000000 -1.000000 -1.000000 -1.000000 -1.000000 -1.000000 -1.000000
-1.000000 -1.000000 -1.000000 -1.000000 -1.000000 -1.000000 -1.000000
-1.000000 -1.000000 -1.000000 -1.000000 -1.000000 -1.000000 -1.000000
0.001446 0.000249 0.000197 0.000083 0.949640 0.048081 0.000304
-1.000000 -1.000000 -1.000000 -1.000000 -1.000000 -1.000000 -1.000000
-1.000000 -1.000000 -1.000000 -1.000000 -1.000000 -1.000000 -1.000000
-1.000000 -1.000000 -1.000000 -1.000000 -1.000000 -1.000000 -1.000000
0.008922 0.000659 0.001586 0.000937 0.984459 0.001959 0.001476
-1.000000 -1.000000 -1.000000 -1.000000 -1.000000 -1.000000 -1.000000
0.000483 0.001025 0.000076 0.002405 0.818263 0.177186 0.000560
0.036588 0.006405 0.521058 0.143546 0.030111 0.253017 0.009275
0.000115 0.000005 0.000615 0.003869 0.958570 0.035179 0.001648
-1.000000 -1.000000 -1.000000 -1.000000 -1.000000 -1.000000 -1.000000
-1.000000 -1.000000 -1.000000 -1.000000 -1.000000 -1.000000 -1.000000
-1.000000 -1.000000 -1.000000 -1.000000 -1.000000 -1.000000 -1.000000
-1.000000 -1.000000 -1.000000 -1.000000 -1.000000 -1.000000 -1.000000
0.010131 0.000849 0.000118 0.000955 0.973138 0.012663 0.002146
-1.000000 -1.000000 -1.000000 -1.000000 -1.000000 -1.000000 -1.000000
-1.000000 -1.000000 -1.000000 -1.000000 -1.000000 -1.000000 -1.000000
-1.000000 -1.000000 -1.000000 -1.000000 -1.000000 -1.000000 -1.000000
-1.000000 -1.000000 -1.000000 -1.000000 -1.000000 -1.000000 -1.000000
-1.000000 -1.000000 -1.000000 -1.000000 -1.000000 -1.000000 -1.000000
-1.000000 -1.000000 -1.000000 -1.000000 -1.000000 -1.000000 -1.000000
-1.000000 -1.000000 -1.000000 -1.000000 -1.000000 -1.000000 -1.000000
0.000237 0.000317 0.223089 0.000055 0.052423 0.034519 0.689359
-1.000000 -1.000000 -1.000000 -1.000000 -1.000000 -1.000000 -1.000000
-1.000000 -1.000000 -1.000000 -1.000000 -1.000000 -1.000000 -1.000000
-1.000000 -1.000000 -1.000000 -1.000000 -1.000000 -1.000000 -1.000000
0.000079 0.000048 0.000023 0.000017 0.818279 0.180977 0.000576
-1.000000 -1.000000 -1.000000 -1.000000 -1.000000 -1.000000 -1.000000
-1.000000 -1.000000 -1.000000 -1.000000 -1.000000 -1.000000 -1.000000
-1.000000 -1.000000 -1.000000 -1.000000 -1.000000 -1.000000 -1.000000
-1.000000 -1.000000 -1.000000 -1.000000 -1.000000 -1.000000 -1.000000
-1.000000 -1.000000 -1.000000 -1.000000 -1.000000 -1.000000 -1.000000
0.006965 0.008619 0.390702 0.000076 0.183533 0.286493 0.123613
-1.000000 -1.000000 -1.000000 -1.000000 -1.000000 -1.000000 -1.000000
-1.000000 -1.000000 -1.000000 -1.000000 -1.000000 -1.000000 -1.000000
-1.000000 -1.000000 -1.000000 -1.000000 -1.000000 -1.000000 -1.000000
-1.000000 -1.000000 -1.000000 -1.000000 -1.000000 -1.000000 -1.000000
-1.000000 -1.000000 -1.000000 -1.000000 -1.000000 -1.000000 -1.000000
-1.000000 -1.000000 -1.000000 -1.000000 -1.000000 -1.000000 -1.000000
0.034330 0.000405 0.000156 0.015383 0.003478 0.946192 0.000056
0.025969 0.004582 0.008799 0.472063 0.042516 0.012894 0.433176
-1.000000 -1.000000 -1.000000 -1.000000 -1.000000 -1.000000 -1.000000
0.009126 0.000351 0.000100 0.003698 0.983499 0.001603 0.001623
-1.000000 -1.000000 -1.000000 -1.000000 -1.000000 -1.000000 -1.000000
-1.000000 -1.000000 -1.000000 -1.000000 -1.000000 -1.000000 -1.000000
0.107467 0.003245 0.000531 0.029738 0.785971 0.070580 0.002468
0.000620 0.000126 0.000127 0.002147 0.012951 0.000548 0.983482
-1.000000 -1.000000 -1.000000 -1.000000 -1.000000 -1.000000 -1.000000
-1.000000 -1.000000 -1.000000 -1.000000 -1.000000 -1.000000 -1.000000
-1.000000 -1.000000 -1.000000 -1.000000 -1.000000 -1.000000 -1.000000
-1.000000 -1.000000 -1.000000 -1.000000 -1.000000 -1.000000 -1.000000
-1.000000 -1.000000 -1.000000 -1.000000 -1.000000 -1.000000 -1.000000
0.000127 0.000035 0.000119 0.005614 0.960500 0.033413 0.000192
-1.000000 -1.000000 -1.000000 -1.000000 -1.000000 -1.000000 -1.000000
-1.000000 -1.000000 -1.000000 -1.000000 -1.000000 -1.000000 -1.000000
-1.000000 -1.000000 -1.000000 -1.000000 -1.000000 -1.000000 -1.000000
-1.000000 -1.000000 -1.000000 -1.000000 -1.000000 -1.000000 -1.000000
-1.000000 -1.000000 -1.000000 -1.000000 -1.000000 -1.000000 -1.000000
0.037402 0.006201 0.019087 0.001617 0.867547 0.020576 0.047570
-1.000000 -1.000000 -1.000000 -1.000000 -1.000000 -1.000000 -1.000000
-1.000000 -1.000000 -1.000000 -1.000000 -1.000000 -1.000000 -1.000000
0.000561 0.001551 0.000011 0.004309 0.992759 0.000663 0.000146
-1.000000 -1.000000 -1.000000 -1.000000 -1.000000 -1.000000 -1.000000
0.000585 0.000043 0.000040 0.000377 0.985117 0.013183 0.000654
0.000171 0.000006 0.000000 0.000005 0.998683 0.001131 0.000005
-1.000000 -1.000000 -1.000000 -1.000000 -1.000000 -1.000000 -1.000000
-1.000000 -1.000000 -1.000000 -1.000000 -1.000000 -1.000000 -1.000000
-1.000000 -1.000000 -1.000000 -1.000000 -1.000000 -1.000000 -1.000000
-1.000000 -1.000000 -1.000000 -1.000000 -1.000000 -1.000000 -1.000000
-1.000000 -1.000000 -1.000000 -1.000000 -1.000000 -1.000000 -1.000000
-1.000000 -1.000000 -1.000000 -1.000000 -1.000000 -1.000000 -1.000000
-1.000000 -1.000000 -1.000000 -1.000000 -1.000000 -1.000000 -1.000000
0.971389 0.000006 0.000429 0.001511 0.000003 0.000014 0.026648
-1.000000 -1.000000 -1.000000 -1.000000 -1.000000 -1.000000 -1.000000
0.001390 0.000704 0.056474 0.001798 0.192209 0.010054 0.737371
0.050075 0.000238 0.000082 0.018590 0.003025 0.927926 0.000063
-1.000000 -1.000000 -1.000000 -1.000000 -1.000000 -1.000000 -1.000000
-1.000000 -1.000000 -1.000000 -1.000000 -1.000000 -1.000000 -1.000000
-1.000000 -1.000000 -1.000000 -1.000000 -1.000000 -1.000000 -1.000000
-1.000000 -1.000000 -1.000000 -1.000000 -1.000000 -1.000000 -1.000000
0.004162 0.000199 0.778323 0.000009 0.002931 0.000435 0.213942
-1.000000 -1.000000 -1.000000 -1.000000 -1.000000 -1.000000 -1.000000
0.000494 0.000777 0.001345 0.002224 0.527250 0.465887 0.002023
0.007427 0.000226 0.000015 0.000037 0.977997 0.013555 0.000743
0.000289 0.000464 0.572499 0.003435 0.050863 0.007491 0.364959
-1.000000 -1.000000 -1.000000 -1.000000 -1.000000 -1.000000 -1.000000
0.008709 0.021786 0.000191 0.000058 0.849356 0.108378 0.011523
-1.000000 -1.000000 -1.000000 -1.000000 -1.000000 -1.000000 -1.000000
-1.000000 -1.000000 -1.000000 -1.000000 -1.000000 -1.000000 -1.000000
-1.000000 -1.000000 -1.000000 -1.000000 -1.000000 -1.000000 -1.000000
0.000171 0.000357 0.785884 0.053594 0.038806 0.105219 0.015969
-1.000000 -1.000000 -1.000000 -1.000000 -1.000000 -1.000000 -1.000000
-1.000000 -1.000000 -1.000000 -1.000000 -1.000000 -1.000000 -1.000000
-1.000000 -1.000000 -1.000000 -1.000000 -1.000000 -1.000000 -1.000000
-1.000000 -1.000000 -1.000000 -1.000000 -1.000000 -1.000000 -1.000000
-1.000000 -1.000000 -1.000000 -1.000000 -1.000000 -1.000000 -1.000000
-1.000000 -1.000000 -1.000000 -1.000000 -1.000000 -1.000000 -1.000000
-1.000000 -1.000000 -1.000000 -1.000000 -1.000000 -1.000000 -1.000000
-1.000000 -1.000000 -1.000000 -1.000000 -1.000000 -1.000000 -1.000000
-1.000000 -1.000000 -1.000000 -1.000000 -1.000000 -1.000000 -1.000000
-1.000000 -1.000000 -1.000000 -1.000000 -1.000000 -1.000000 -1.000000
-1.000000 -1.000000 -1.000000 -1.000000 -1.000000 -1.000000 -1.000000
-1.000000 -1.000000 -1.000000 -1.000000 -1.000000 -1.000000 -1.000000
-1.000000 -1.000000 -1.000000 -1.000000 -1.000000 -1.000000 -1.000000
-1.000000 -1.000000 -1.000000 -1.000000 -1.000000 -1.000000 -1.000000
0.100863 0.075235 0.009880 0.364801 0.078182 0.370591 0.000447
-1.000000 -1.000000 -1.000000 -1.000000 -1.000000 -1.000000 -1.000000
0.162751 0.002321 0.048363 0.002322 0.110524 0.013073 0.660646
-1.000000 -1.000000 -1.000000 -1.000000 -1.000000 -1.000000 -1.000000
-1.000000 -1.000000 -1.000000 -1.000000 -1.000000 -1.000000 -1.000000
-1.000000 -1.000000 -1.000000 -1.000000 -1.000000 -1.000000 -1.000000
-1.000000 -1.000000 -1.000000 -1.000000 -1.000000 -1.000000 -1.000000
-1.000000 -1.000000 -1.000000 -1.000000 -1.000000 -1.000000 -1.000000
-1.000000 -1.000000 -1.000000 -1.000000 -1.000000 -1.000000 -1.000000
-1.000000 -1.000000 -1.000000 -1.000000 -1.000000 -1.000000 -1.000000
-1.000000 -1.000000 -1.000000 -1.000000 -1.000000 -1.000000 -1.000000
-1.000000 -1.000000 -1.000000 -1.000000 -1.000000 -1.000000 -1.000000
-1.000000 -1.000000 -1.000000 -1.000000 -1.000000 -1.000000 -1.000000
0.394363 0.020908 0.001235 0.004231 0.021033 0.555411 0.002818
-1.000000 -1.000000 -1.000000 -1.000000 -1.000000 -1.000000 -1.000000
0.000138 0.000286 0.356915 0.004096 0.336994 0.216929 0.084643
-1.000000 -1.000000 -1.000000 -1.000000 -1.000000 -1.000000 -1.000000
-1.000000 -1.000000 -1.000000 -1.000000 -1.000000 -1.000000 -1.000000
0.000011 0.000005 0.000000 0.999387 0.000548 0.000004 0.000044
-1.000000 -1.000000 -1.000000 -1.000000 -1.000000 -1.000000 -1.000000
0.000792 0.000109 0.000524 0.010410 0.947328 0.038997 0.001840
-1.000000 -1.000000 -1.000000 -1.000000 -1.000000 -1.000000 -1.000000
0.003572 0.011990 0.124519 0.001286 0.398082 0.298360 0.162192
-1.000000 -1.000000 -1.000000 -1.000000 -1.000000 -1.000000 -1.000000
-1.000000 -1.000000 -1.000000 -1.000000 -1.000000 -1.000000 -1.000000
0.062344 0.006047 0.017824 0.020883 0.036564 0.801196 0.055143
-1.000000 -1.000000 -1.000000 -1.000000 -1.000000 -1.000000 -1.000000
0.002914 0.000047 0.000003 0.000034 0.996409 0.000009 0.000584
0.983363 0.016078 0.000015 0.000337 0.000029 0.000042 0.000136
-1.000000 -1.000000 -1.000000 -1.000000 -1.000000 -1.000000 -1.000000
0.000057 0.000043 0.000323 0.010059 0.945392 0.004350 0.039776
0.001482 0.012745 0.018445 0.197040 0.595485 0.159877 0.014926
0.000004 0.000035 0.003676 0.000106 0.011431 0.019756 0.964991
-1.000000 -1.000000 -1.000000 -1.000000 -1.000000 -1.000000 -1.000000
-1.000000 -1.000000 -1.000000 -1.000000 -1.000000 -1.000000 -1.000000
-1.000000 -1.000000 -1.000000 -1.000000 -1.000000 -1.000000 -1.000000
-1.000000 -1.000000 -1.000000 -1.000000 -1.000000 -1.000000 -1.000000
-1.000000 -1.000000 -1.000000 -1.000000 -1.000000 -1.000000 -1.000000
-1.000000 -1.000000 -1.000000 -1.000000 -1.000000 -1.000000 -1.000000
-1.000000 -1.000000 -1.000000 -1.000000 -1.000000 -1.000000 -1.000000
0.009290 0.000452 0.000191 0.000595 0.721060 0.000708 0.267704
-1.000000 -1.000000 -1.000000 -1.000000 -1.000000 -1.000000 -1.000000
-1.000000 -1.000000 -1.000000 -1.000000 -1.000000 -1.000000 -1.000000
-1.000000 -1.000000 -1.000000 -1.000000 -1.000000 -1.000000 -1.000000
-1.000000 -1.000000 -1.000000 -1.000000 -1.000000 -1.000000 -1.000000
-1.000000 -1.000000 -1.000000 -1.000000 -1.000000 -1.000000 -1.000000
-1.000000 -1.000000 -1.000000 -1.000000 -1.000000 -1.000000 -1.000000
-1.000000 -1.000000 -1.000000 -1.000000 -1.000000 -1.000000 -1.000000
0.990582 0.000706 0.000013 0.008310 0.000146 0.000044 0.000197
0.001818 0.000365 0.005264 0.000118 0.013127 0.000115 0.979192
-1.000000 -1.000000 -1.000000 -1.000000 -1.000000 -1.000000 -1.000000
0.000237 0.001141 0.001550 0.000229 0.685495 0.289805 0.021541
-1.000000 -1.000000 -1.000000 -1.000000 -1.000000 -1.000000 -1.000000
0.000280 0.000155 0.675535 0.000016 0.003015 0.000938 0.320061
0.002204 0.002897 0.000603 0.001536 0.666232 0.325565 0.000964
-1.000000 -1.000000 -1.000000 -1.000000 -1.000000 -1.000000 -1.000000
0.000007 0.000021 0.089209 0.000889 0.011206 0.000252 0.898416
0.736567 0.009935 0.005291 0.023830 0.003433 0.204286 0.016658
0.000886 0.000200 0.001908 0.641344 0.001172 0.000228 0.354261
-1.000000 -1.000000 -1.000000 -1.000000 -1.000000 -1.000000 -1.000000
-1.000000 -1.000000 -1.000000 -1.000000 -1.000000 -1.000000 -1.000000
-1.000000 -1.000000 -1.000000 -1.000000 -1.000000 -1.000000 -1.000000
-1.000000 -1.000000 -1.000000 -1.000000 -1.000000 -1.000000 -1.000000
-1.000000 -1.000000 -1.000000 -1.000000 -1.000000 -1.000000 -1.000000
0.000699 0.000579 0.005839 0.008192 0.408723 0.071512 0.504456
-1.000000 -1.000000 -1.000000 -1.000000 -1.000000 -1.000000 -1.000000
0.002851 0.000837 0.000032 0.263281 0.728605 0.004126 0.000268
-1.000000 -1.000000 -1.000000 -1.000000 -1.000000 -1.000000 -1.000000
0.003247 0.003330 0.003210 0.000581 0.814010 0.144520 0.031102
-1.000000 -1.000000 -1.000000 -1.000000 -1.000000 -1.000000 -1.000000
0.000042 0.000034 0.002307 0.000004 0.132912 0.000944 0.863756
-1.000000 -1.000000 -1.000000 -1.000000 -1.000000 -1.000000 -1.000000
0.002927 0.000669 0.042622 0.000110 0.102851 0.013881 0.836939
-1.000000 -1.000000 -1.000000 -1.000000 -1.000000 -1.000000 -1.000000
0.053011 0.003571 0.011199 0.009646 0.125622 0.070786 0.726164
-1.000000 -1.000000 -1.000000 -1.000000 -1.000000 -1.000000 -1.000000
0.007690 0.004652 0.159656 0.036997 0.033465 0.135707 0.621832
0.000083 0.000394 0.000299 0.000034 0.344036 0.654362 0.000792
0.000555 0.000070 0.096788 0.000199 0.000201 0.000138 0.902049
-1.000000 -1.000000 -1.000000 -1.000000 -1.000000 -1.000000 -1.000000
-1.000000 -1.000000 -1.000000 -1.000000 -1.000000 -1.000000 -1.000000
-1.000000 -1.000000 -1.000000 -1.000000 -1.000000 -1.000000 -1.000000
-1.000000 -1.000000 -1.000000 -1.000000 -1.000000 -1.000000 -1.000000
-1.000000 -1.000000 -1.000000 -1.000000 -1.000000 -1.000000 -1.000000
-1.000000 -1.000000 -1.000000 -1.000000 -1.000000 -1.000000 -1.000000
-1.000000 -1.000000 -1.000000 -1.000000 -1.000000 -1.000000 -1.000000
-1.000000 -1.000000 -1.000000 -1.000000 -1.000000 -1.000000 -1.000000
-1.000000 -1.000000 -1.000000 -1.000000 -1.000000 -1.000000 -1.000000
0.909482 0.004209 0.004695 0.000479 0.020496 0.039565 0.021074
-1.000000 -1.000000 -1.000000 -1.000000 -1.000000 -1.000000 -1.000000
-1.000000 -1.000000 -1.000000 -1.000000 -1.000000 -1.000000 -1.000000
-1.000000 -1.000000 -1.000000 -1.000000 -1.000000 -1.000000 -1.000000
0.001001 0.000150 0.000020 0.002097 0.989911 0.006802 0.000020
-1.000000 -1.000000 -1.000000 -1.000000 -1.000000 -1.000000 -1.000000
-1.000000 -1.000000 -1.000000 -1.000000 -1.000000 -1.000000 -1.000000
-1.000000 -1.000000 -1.000000 -1.000000 -1.000000 -1.000000 -1.000000
-1.000000 -1.000000 -1.000000 -1.000000 -1.000000 -1.000000 -1.000000
0.000415 0.000018 0.000092 0.000357 0.007972 0.000166 0.990980
-1.000000 -1.000000 -1.000000 -1.000000 -1.000000 -1.000000 -1.000000
-1.000000 -1.000000 -1.000000 -1.000000 -1.000000 -1.000000 -1.000000
-1.000000 -1.000000 -1.000000 -1.000000 -1.000000 -1.000000 -1.000000
-1.000000 -1.000000 -1.000000 -1.000000 -1.000000 -1.000000 -1.000000
-1.000000 -1.000000 -1.000000 -1.000000 -1.000000 -1.000000 -1.000000
-1.000000 -1.000000 -1.000000 -1.000000 -1.000000 -1.000000 -1.000000
0.000953 0.000710 0.015792 0.001251 0.140231 0.006123 0.834939
-1.000000 -1.000000 -1.000000 -1.000000 -1.000000 -1.000000 -1.000000
-1.000000 -1.000000 -1.000000 -1.000000 -1.000000 -1.000000 -1.000000
-1.000000 -1.000000 -1.000000 -1.000000 -1.000000 -1.000000 -1.000000
-1.000000 -1.000000 -1.000000 -1.000000 -1.000000 -1.000000 -1.000000
-1.000000 -1.000000 -1.000000 -1.000000 -1.000000 -1.000000 -1.000000
-1.000000 -1.000000 -1.000000 -1.000000 -1.000000 -1.000000 -1.000000
-1.000000 -1.000000 -1.000000 -1.000000 -1.000000 -1.000000 -1.000000
-1.000000 -1.000000 -1.000000 -1.000000 -1.000000 -1.000000 -1.000000
0.023495 0.002709 0.000755 0.016967 0.922854 0.028928 0.004291
-1.000000 -1.000000 -1.000000 -1.000000 -1.000000 -1.000000 -1.000000
-1.000000 -1.000000 -1.000000 -1.000000 -1.000000 -1.000000 -1.000000
0.000214 0.000126 0.000080 0.001526 0.980966 0.005994 0.011094
0.000508 0.000065 0.015107 0.000203 0.002350 0.000209 0.981557
-1.000000 -1.000000 -1.000000 -1.000000 -1.000000 -1.000000 -1.000000
0.000040 0.000021 0.000008 0.000212 0.992342 0.007342 0.000034
-1.000000 -1.000000 -1.000000 -1.000000 -1.000000 -1.000000 -1.000000
-1.000000 -1.000000 -1.000000 -1.000000 -1.000000 -1.000000 -1.000000
-1.000000 -1.000000 -1.000000 -1.000000 -1.000000 -1.000000 -1.000000
-1.000000 -1.000000 -1.000000 -1.000000 -1.000000 -1.000000 -1.000000
-1.000000 -1.000000 -1.000000 -1.000000 -1.000000 -1.000000 -1.000000
-1.000000 -1.000000 -1.000000 -1.000000 -1.000000 -1.000000 -1.000000
-1.000000 -1.000000 -1.000000 -1.000000 -1.000000 -1.000000 -1.000000
-1.000000 -1.000000 -1.000000 -1.000000 -1.000000 -1.000000 -1.000000
0.000013 0.000006 0.001567 0.001420 0.002114 0.000054 0.994826
-1.000000 -1.000000 -1.000000 -1.000000 -1.000000 -1.000000 -1.000000
-1.000000 -1.000000 -1.000000 -1.000000 -1.000000 -1.000000 -1.000000
-1.000000 -1.000000 -1.000000 -1.000000 -1.000000 -1.000000 -1.000000
-1.000000 -1.000000 -1.000000 -1.000000 -1.000000 -1.000000 -1.000000
-1.000000 -1.000000 -1.000000 -1.000000 -1.000000 -1.000000 -1.000000
-1.000000 -1.000000 -1.000000 -1.000000 -1.000000 -1.000000 -1.000000
-1.000000 -1.000000 -1.000000 -1.000000 -1.000000 -1.000000 -1.000000
0.020043 0.001618 0.000425 0.070482 0.894388 0.010485 0.002559
-1.000000 -1.000000 -1.000000 -1.000000 -1.000000 -1.000000 -1.000000
0.005768 0.000063 0.000000 0.000023 0.992058 0.002082 0.000006
0.000358 0.000030 0.000011 0.000096 0.996420 0.002905 0.000180
-1.000000 -1.000000 -1.000000 -1.000000 -1.000000 -1.000000 -1.000000
-1.000000 -1.000000 -1.000000 -1.000000 -1.000000 -1.000000 -1.000000
-1.000000 -1.000000 -1.000000 -1.000000 -1.000000 -1.000000 -1.000000
-1.000000 -1.000000 -1.000000 -1.000000 -1.000000 -1.000000 -1.000000
0.001119 0.000097 0.000051 0.000231 0.904188 0.093982 0.000331
0.000080 0.000133 0.000071 0.003643 0.886927 0.105610 0.003536
-1.000000 -1.000000 -1.000000 -1.000000 -1.000000 -1.000000 -1.000000
-1.000000 -1.000000 -1.000000 -1.000000 -1.000000 -1.000000 -1.000000
-1.000000 -1.000000 -1.000000 -1.000000 -1.000000 -1.000000 -1.000000
0.004228 0.001329 0.000296 0.094535 0.782655 0.116607 0.000350
-1.000000 -1.000000 -1.000000 -1.000000 -1.000000 -1.000000 -1.000000
-1.000000 -1.000000 -1.000000 -1.000000 -1.000000 -1.000000 -1.000000
-1.000000 -1.000000 -1.000000 -1.000000 -1.000000 -1.000000 -1.000000
-1.000000 -1.000000 -1.000000 -1.000000 -1.000000 -1.000000 -1.000000
-1.000000 -1.000000 -1.000000 -1.000000 -1.000000 -1.000000 -1.000000
0.018016 0.000970 0.001851 0.003426 0.808223 0.166448 0.001067
-1.000000 -1.000000 -1.000000 -1.000000 -1.000000 -1.000000 -1.000000
0.000037 0.000045 0.000137 0.000060 0.965652 0.023098 0.010972
-1.000000 -1.000000 -1.000000 -1.000000 -1.000000 -1.000000 -1.000000
-1.000000 -1.000000 -1.000000 -1.000000 -1.000000 -1.000000 -1.000000
-1.000000 -1.000000 -1.000000 -1.000000 -1.000000 -1.000000 -1.000000
-1.000000 -1.000000 -1.000000 -1.000000 -1.000000 -1.000000 -1.000000
0.002022 0.000261 0.001766 0.298226 0.547390 0.144804 0.005531
-1.000000 -1.000000 -1.000000 -1.000000 -1.000000 -1.000000 -1.000000
-1.000000 -1.000000 -1.000000 -1.000000 -1.000000 -1.000000 -1.000000
-1.000000 -1.000000 -1.000000 -1.000000 -1.000000 -1.000000 -1.000000
-1.000000 -1.000000 -1.000000 -1.000000 -1.000000 -1.000000 -1.000000
0.017022 0.001078 0.001705 0.032567 0.000456 0.941780 0.005391
-1.000000 -1.000000 -1.000000 -1.000000 -1.000000 -1.000000 -1.000000
0.020614 0.012497 0.011245 0.003426 0.741981 0.183621 0.026616
-1.000000 -1.000000 -1.000000 -1.000000 -1.000000 -1.000000 -1.000000
0.858954 0.077584 0.000053 0.000771 0.062459 0.000064 0.000115
0.000891 0.000361 0.001418 0.011268 0.883730 0.099992 0.002340
-1.000000 -1.000000 -1.000000 -1.000000 -1.000000 -1.000000 -1.000000
-1.000000 -1.000000 -1.000000 -1.000000 -1.000000 -1.000000 -1.000000
-1.000000 -1.000000 -1.000000 -1.000000 -1.000000 -1.000000 -1.000000
-1.000000 -1.000000 -1.000000 -1.000000 -1.000000 -1.000000 -1.000000
0.136642 0.049423 0.009518 0.587608 0.195336 0.008727 0.012746
-1.000000 -1.000000 -1.000000 -1.000000 -1.000000 -1.000000 -1.000000
-1.000000 -1.000000 -1.000000 -1.000000 -1.000000 -1.000000 -1.000000
0.005291 0.001545 0.017831 0.017449 0.436132 0.030337 0.491415
-1.000000 -1.000000 -1.000000 -1.000000 -1.000000 -1.000000 -1.000000
0.000002 0.000000 0.000000 0.999990 0.000001 0.000000 0.000007
-1.000000 -1.000000 -1.000000 -1.000000 -1.000000 -1.000000 -1.000000
-1.000000 -1.000000 -1.000000 -1.000000 -1.000000 -1.000000 -1.000000
-1.000000 -1.000000 -1.000000 -1.000000 -1.000000 -1.000000 -1.000000
-1.000000 -1.000000 -1.000000 -1.000000 -1.000000 -1.000000 -1.000000
0.000158 0.003731 0.000167 0.001897 0.014333 0.979599 0.000115
-1.000000 -1.000000 -1.000000 -1.000000 -1.000000 -1.000000 -1.000000
0.001024 0.004148 0.073536 0.018087 0.004988 0.897431 0.000785
0.016325 0.000177 0.000125 0.014190 0.922524 0.046105 0.000554
-1.000000 -1.000000 -1.000000 -1.000000 -1.000000 -1.000000 -1.000000
-1.000000 -1.000000 -1.000000 -1.000000 -1.000000 -1.000000 -1.000000
0.216743 0.013576 0.012952 0.091781 0.425222 0.174134 0.065591
0.002002 0.000469 0.004493 0.021075 0.834992 0.094680 0.042289
-1.000000 -1.000000 -1.000000 -1.000000 -1.000000 -1.000000 -1.000000
0.972384 0.005472 0.000249 0.000379 0.000885 0.020011 0.000621
-1.000000 -1.000000 -1.000000 -1.000000 -1.000000 -1.000000 -1.000000
-1.000000 -1.000000 -1.000000 -1.000000 -1.000000 -1.000000 -1.000000
-1.000000 -1.000000 -1.000000 -1.000000 -1.000000 -1.000000 -1.000000
0.000322 0.000455 0.000247 0.000194 0.393688 0.603418 0.001677
-1.000000 -1.000000 -1.000000 -1.000000 -1.000000 -1.000000 -1.000000
-1.000000 -1.000000 -1.000000 -1.000000 -1.000000 -1.000000 -1.000000
-1.000000 -1.000000 -1.000000 -1.000000 -1.000000 -1.000000 -1.000000
-1.000000 -1.000000 -1.000000 -1.000000 -1.000000 -1.000000 -1.000000
-1.000000 -1.000000 -1.000000 -1.000000 -1.000000 -1.000000 -1.000000
0.819018 0.004894 0.000143 0.109821 0.005937 0.059150 0.001036
-1.000000 -1.000000 -1.000000 -1.000000 -1.000000 -1.000000 -1.000000
-1.000000 -1.000000 -1.000000 -1.000000 -1.000000 -1.000000 -1.000000
-1.000000 -1.000000 -1.000000 -1.000000 -1.000000 -1.000000 -1.000000
-1.000000 -1.000000 -1.000000 -1.000000 -1.000000 -1.000000 -1.000000
