0.056784 0.031554 0.005222 0.015026 0.854013 0.032012 0.005389
-1.000000 -1.000000 -1.000000 -1.000000 -1.000000 -1.000000 -1.000000
0.000395 0.000417 0.002054 0.000244 0.886903 0.077473 0.032515
0.997263 0.001579 0.000059 0.000132 0.000366 0.000134 0.000466
-1.000000 -1.000000 -1.000000 -1.000000 -1.000000 -1.000000 -1.000000
-1.000000 -1.000000 -1.000000 -1.000000 -1.000000 -1.000000 -1.000000
0.513018 0.012946 0.000076 0.016655 0.439103 0.017534 0.000668
-1.000000 -1.000000 -1.000000 -1.000000 -1.000000 -1.000000 -1.000000
0.101393 0.001443 0.000045 0.019817 0.874944 0.001728 0.000631
0.999719 0.000275 0.000004 0.000001 0.000001 0.000001 0.000000
0.013636 0.000503 0.000024 0.000149 0.934917 0.050703 0.000069
-1.000000 -1.000000 -1.000000 -1.000000 -1.000000 -1.000000 -1.000000
-1.000000 -1.000000 -1.000000 -1.000000 -1.000000 -1.000000 -1.000000
0.601276 0.012636 0.000691 0.031526 0.318230 0.029929 0.005713
-1.000000 -1.000000 -1.000000 -1.000000 -1.000000 -1.000000 -1.000000
0.948335 0.031286 0.000147 0.000914 0.015988 0.003194 0.000136
-1.000000 -1.000000 -1.000000 -1.000000 -1.000000 -1.000000 -1.000000
-1.000000 -1.000000 -1.000000 -1.000000 -1.000000 -1.000000 -1.000000
-1.000000 -1.000000 -1.000000 -1.000000 -1.000000 -1.000000 -1.000000
-1.000000 -1.000000 -1.000000 -1.000000 -1.000000 -1.000000 -1.000000
0.048003 0.011717 0.000261 0.009877 0.814809 0.113042 0.002292
-1.000000 -1.000000 -1.000000 -1.000000 -1.000000 -1.000000 -1.000000
-1.000000 -1.000000 -1.000000 -1.000000 -1.000000 -1.000000 -1.000000
-1.000000 -1.000000 -1.000000 -1.000000 -1.000000 -1.000000 -1.000000
-1.000000 -1.000000 -1.000000 -1.000000 -1.000000 -1.000000 -1.000000
0.000124 0.000044 0.000013 0.861243 0.020478 0.117466 0.000632
-1.000000 -1.000000 -1.000000 -1.000000 -1.000000 -1.000000 -1.000000
-1.000000 -1.000000 -1.000000 -1.000000 -1.000000 -1.000000 -1.000000
-1.000000 -1.000000 -1.000000 -1.000000 -1.000000 -1.000000 -1.000000
-1.000000 -1.000000 -1.000000 -1.000000 -1.000000 -1.000000 -1.000000
-1.000000 -1.000000 -1.000000 -1.000000 -1.000000 -1.000000 -1.000000
-1.000000 -1.000000 -1.000000 -1.000000 -1.000000 -1.000000 -1.000000
-1.000000 -1.000000 -1.000000 -1.000000 -1.000000 -1.000000 -1.000000
-1.000000 -1.000000 -1.000000 -1.000000 -1.000000 -1.000000 -1.000000
0.002666 0.000057 0.000021 0.003334 0.988178 0.005584 0.000161
-1.000000 -1.000000 -1.000000 -1.000000 -1.000000 -1.000000 -1.000000
-1.000000 -1.000000 -1.000000 -1.000000 -1.000000 -1.000000 -1.000000
-1.000000 -1.000000 -1.000000 -1.000000 -1.000000 -1.000000 -1.000000
-1.000000 -1.000000 -1.000000 -1.000000 -1.000000 -1.000000 -1.000000
-1.000000 -1.000000 -1.000000 -1.000000 -1.000000 -1.000000 -1.000000
-1.000000 -1.000000 -1.000000 -1.000000 -1.000000 -1.000000 -1.000000
-1.000000 -1.000000 -1.000000 -1.000000 -1.000000 -1.000000 -1.000000
0.980592 0.001223 0.000122 0.010201 0.002724 0.001848 0.003290
0.208385 0.001045 0.173817 0.005428 0.004637 0.004451 0.602238
-1.000000 -1.000000 -1.000000 -1.000000 -1.000000 -1.000000 -1.000000
-1.000000 -1.000000 -1.000000 -1.000000 -1.000000 -1.000000 -1.000000
0.000586 0.000445 0.000185 0.480883 0.499264 0.018144 0.000493
-1.000000 -1.000000 -1.000000 -1.000000 -1.000000 -1.000000 -1.000000
0.032415 0.000606 0.000205 0.017788 0.585910 0.354917 0.008159
-1.000000 -1.000000 -1.000000 -1.000000 -1.000000 -1.000000 -1.000000
-1.000000 -1.000000 -1.000000 -1.000000 -1.000000 -1.000000 -1.000000
0.997148 0.001024 0.000056 0.000595 0.000208 0.000829 0.000140
-1.000000 -1.000000 -1.000000 -1.000000 -1.000000 -1.000000 -1.000000
0.043740 0.003708 0.010182 0.004463 0.790699 0.001044 0.146163
0.508856 0.002110 0.000035 0.000629 0.456560 0.031291 0.000520
-1.000000 -1.000000 -1.000000 -1.000000 -1.000000 -1.000000 -1.000000
0.174041 0.009855 0.000081 0.000341 0.813890 0.000201 0.001590
0.002135 0.000102 0.000618 0.000655 0.995542 0.000262 0.000686
-1.000000 -1.000000 -1.000000 -1.000000 -1.000000 -1.000000 -1.000000
-1.000000 -1.000000 -1.000000 -1.000000 -1.000000 -1.000000 -1.000000
-1.000000 -1.000000 -1.000000 -1.000000 -1.000000 -1.000000 -1.000000
0.777278 0.205238 0.000128 0.009294 0.006216 0.000022 0.001824
-1.000000 -1.000000 -1.000000 -1.000000 -1.000000 -1.000000 -1.000000
-1.000000 -1.000000 -1.000000 -1.000000 -1.000000 -1.000000 -1.000000
0.005104 0.000811 0.000009 0.004992 0.987854 0.001107 0.000123
-1.000000 -1.000000 -1.000000 -1.000000 -1.000000 -1.000000 -1.000000
0.000003 0.000007 0.000089 0.000009 0.877728 0.121245 0.000919
-1.000000 -1.000000 -1.000000 -1.000000 -1.000000 -1.000000 -1.000000
-1.000000 -1.000000 -1.000000 -1.000000 -1.000000 -1.000000 -1.000000
-1.000000 -1.000000 -1.000000 -1.000000 -1.000000 -1.000000 -1.000000
-1.000000 -1.000000 -1.000000 -1.000000 -1.000000 -1.000000 -1.000000
-1.000000 -1.000000 -1.000000 -1.000000 -1.000000 -1.000000 -1.000000
-1.000000 -1.000000 -1.000000 -1.000000 -1.000000 -1.000000 -1.000000
-1.000000 -1.000000 -1.000000 -1.000000 -1.000000 -1.000000 -1.000000
-1.000000 -1.000000 -1.000000 -1.000000 -1.000000 -1.000000 -1.000000
-1.000000 -1.000000 -1.000000 -1.000000 -1.000000 -1.000000 -1.000000
-1.000000 -1.000000 -1.000000 -1.000000 -1.000000 -1.000000 -1.000000
-1.000000 -1.000000 -1.000000 -1.000000 -1.000000 -1.000000 -1.000000
0.841879 0.000791 0.002117 0.043219 0.019665 0.009783 0.082546
-1.000000 -1.000000 -1.000000 -1.000000 -1.000000 -1.000000 -1.000000
-1.000000 -1.000000 -1.000000 -1.000000 -1.000000 -1.000000 -1.000000
0.220157 0.000344 0.001375 0.698761 0.000810 0.002471 0.076082
-1.000000 -1.000000 -1.000000 -1.000000 -1.000000 -1.000000 -1.000000
0.431904 0.002681 0.000056 0.000628 0.553418 0.011114 0.000200
0.729431 0.000115 0.000053 0.000311 0.076101 0.001267 0.192723
-1.000000 -1.000000 -1.000000 -1.000000 -1.000000 -1.000000 -1.000000
-1.000000 -1.000000 -1.000000 -1.000000 -1.000000 -1.000000 -1.000000
0.007610 0.001737 0.000094 0.001394 0.979785 0.009270 0.000109
-1.000000 -1.000000 -1.000000 -1.000000 -1.000000 -1.000000 -1.000000
-1.000000 -1.000000 -1.000000 -1.000000 -1.000000 -1.000000 -1.000000
-1.000000 -1.000000 -1.000000 -1.000000 -1.000000 -1.000000 -1.000000
-1.000000 -1.000000 -1.000000 -1.000000 -1.000000 -1.000000 -1.000000
-1.000000 -1.000000 -1.000000 -1.000000 -1.000000 -1.000000 -1.000000
-1.000000 -1.000000 -1.000000 -1.000000 -1.000000 -1.000000 -1.000000
0.000526 0.001894 0.001935 0.000365 0.587756 0.404945 0.002578
-1.000000 -1.000000 -1.000000 -1.000000 -1.000000 -1.000000 -1.000000
0.000855 0.000064 0.000020 0.000107 0.935430 0.063441 0.000082
0.682410 0.001684 0.000006 0.000148 0.309856 0.005709 0.000187
0.004731 0.000058 0.000009 0.000401 0.992138 0.002551 0.000112
-1.000000 -1.000000 -1.000000 -1.000000 -1.000000 -1.000000 -1.000000
-1.000000 -1.000000 -1.000000 -1.000000 -1.000000 -1.000000 -1.000000
-1.000000 -1.000000 -1.000000 -1.000000 -1.000000 -1.000000 -1.000000
-1.000000 -1.000000 -1.000000 -1.000000 -1.000000 -1.000000 -1.000000
-1.000000 -1.000000 -1.000000 -1.000000 -1.000000 -1.000000 -1.000000
-1.000000 -1.000000 -1.000000 -1.000000 -1.000000 -1.000000 -1.000000
0.186179 0.018278 0.001437 0.004951 0.649920 0.000570 0.138666
-1.000000 -1.000000 -1.000000 -1.000000 -1.000000 -1.000000 -1.000000
-1.000000 -1.000000 -1.000000 -1.000000 -1.000000 -1.000000 -1.000000
-1.000000 -1.000000 -1.000000 -1.000000 -1.000000 -1.000000 -1.000000
0.775902 0.014070 0.000098 0.000305 0.067802 0.141561 0.000263
0.007347 0.001301 0.093356 0.000069 0.088351 0.000121 0.809457
0.000033 0.000080 0.000008 0.000394 0.998976 0.000185 0.000324
-1.000000 -1.000000 -1.000000 -1.000000 -1.000000 -1.000000 -1.000000
-1.000000 -1.000000 -1.000000 -1.000000 -1.000000 -1.000000 -1.000000
-1.000000 -1.000000 -1.000000 -1.000000 -1.000000 -1.000000 -1.000000
0.020882 0.031590 0.000520 0.004735 0.060820 0.878874 0.002579
0.991855 0.002348 0.000306 0.000095 0.004416 0.000550 0.000431
0.602347 0.019027 0.189250 0.083464 0.011978 0.010677 0.083257
0.974103 0.016266 0.000123 0.000162 0.008676 0.000173 0.000496
-1.000000 -1.000000 -1.000000 -1.000000 -1.000000 -1.000000 -1.000000
-1.000000 -1.000000 -1.000000 -1.000000 -1.000000 -1.000000 -1.000000
-1.000000 -1.000000 -1.000000 -1.000000 -1.000000 -1.000000 -1.000000
0.996848 0.002548 0.000011 0.000122 0.000208 0.000023 0.000241
-1.000000 -1.000000 -1.000000 -1.000000 -1.000000 -1.000000 -1.000000
0.597674 0.246895 0.001765 0.000371 0.029922 0.122629 0.000746
-1.000000 -1.000000 -1.000000 -1.000000 -1.000000 -1.000000 -1.000000
-1.000000 -1.000000 -1.000000 -1.000000 -1.000000 -1.000000 -1.000000
-1.000000 -1.000000 -1.000000 -1.000000 -1.000000 -1.000000 -1.000000
0.000173 0.000432 0.006052 0.000130 0.110134 0.260914 0.622164
0.169615 0.020349 0.027817 0.014645 0.127563 0.173006 0.467005
-1.000000 -1.000000 -1.000000 -1.000000 -1.000000 -1.000000 -1.000000
-1.000000 -1.000000 -1.000000 -1.000000 -1.000000 -1.000000 -1.000000
-1.000000 -1.000000 -1.000000 -1.000000 -1.000000 -1.000000 -1.000000
-1.000000 -1.000000 -1.000000 -1.000000 -1.000000 -1.000000 -1.000000
-1.000000 -1.000000 -1.000000 -1.000000 -1.000000 -1.000000 -1.000000
-1.000000 -1.000000 -1.000000 -1.000000 -1.000000 -1.000000 -1.000000
0.017325 0.030624 0.000552 0.000299 0.946817 0.003419 0.000964
-1.000000 -1.000000 -1.000000 -1.000000 -1.000000 -1.000000 -1.000000
0.001979 0.000837 0.000314 0.845472 0.047437 0.102847 0.001114
-1.000000 -1.000000 -1.000000 -1.000000 -1.000000 -1.000000 -1.000000
0.033649 0.001800 0.000908 0.609724 0.018885 0.022569 0.312465
-1.000000 -1.000000 -1.000000 -1.000000 -1.000000 -1.000000 -1.000000
-1.000000 -1.000000 -1.000000 -1.000000 -1.000000 -1.000000 -1.000000
-1.000000 -1.000000 -1.000000 -1.000000 -1.000000 -1.000000 -1.000000
0.000409 0.000185 0.000083 0.001203 0.973347 0.005758 0.019015
-1.000000 -1.000000 -1.000000 -1.000000 -1.000000 -1.000000 -1.000000
-1.000000 -1.000000 -1.000000 -1.000000 -1.000000 -1.000000 -1.000000
-1.000000 -1.000000 -1.000000 -1.000000 -1.000000 -1.000000 -1.000000
0.102056 0.028321 0.004429 0.022541 0.020836 0.819924 0.001892
0.957173 0.010797 0.000081 0.000051 0.028489 0.000028 0.003381
-1.000000 -1.000000 -1.000000 -1.000000 -1.000000 -1.000000 -1.000000
-1.000000 -1.000000 -1.000000 -1.000000 -1.000000 -1.000000 -1.000000
-1.000000 -1.000000 -1.000000 -1.000000 -1.000000 -1.000000 -1.000000
-1.000000 -1.000000 -1.000000 -1.000000 -1.000000 -1.000000 -1.000000
-1.000000 -1.000000 -1.000000 -1.000000 -1.000000 -1.000000 -1.000000
0.995794 0.000262 0.000230 0.000013 0.000072 0.000010 0.003618
-1.000000 -1.000000 -1.000000 -1.000000 -1.000000 -1.000000 -1.000000
-1.000000 -1.000000 -1.000000 -1.000000 -1.000000 -1.000000 -1.000000
0.983209 0.002139 0.000095 0.000058 0.005364 0.000087 0.009049
-1.000000 -1.000000 -1.000000 -1.000000 -1.000000 -1.000000 -1.000000
-1.000000 -1.000000 -1.000000 -1.000000 -1.000000 -1.000000 -1.000000
-1.000000 -1.000000 -1.000000 -1.000000 -1.000000 -1.000000 -1.000000
-1.000000 -1.000000 -1.000000 -1.000000 -1.000000 -1.000000 -1.000000
0.000999 0.000889 0.000019 0.438843 0.555958 0.003041 0.000251
-1.000000 -1.000000 -1.000000 -1.000000 -1.000000 -1.000000 -1.000000
0.001867 0.004719 0.029060 0.000314 0.784204 0.150417 0.029419
0.001129 0.001155 0.001033 0.000067 0.552519 0.176578 0.267519
0.017313 0.001697 0.000050 0.010063 0.960102 0.010400 0.000375
0.031849 0.000926 0.260304 0.000205 0.005135 0.000697 0.700885
-1.000000 -1.000000 -1.000000 -1.000000 -1.000000 -1.000000 -1.000000
-1.000000 -1.000000 -1.000000 -1.000000 -1.000000 -1.000000 -1.000000
0.200097 0.174618 0.023051 0.020665 0.497174 0.005551 0.078843
-1.000000 -1.000000 -1.000000 -1.000000 -1.000000 -1.000000 -1.000000
0.997355 0.001939 0.000007 0.000006 0.000625 0.000054 0.000014
0.000086 0.000041 0.000004 0.000044 0.964149 0.035571 0.000105
-1.000000 -1.000000 -1.000000 -1.000000 -1.000000 -1.000000 -1.000000
-1.000000 -1.000000 -1.000000 -1.000000 -1.000000 -1.000000 -1.000000
0.105067 0.701872 0.000448 0.021920 0.064049 0.105854 0.000790
-1.000000 -1.000000 -1.000000 -1.000000 -1.000000 -1.000000 -1.000000
0.139550 0.001010 0.000557 0.000084 0.856461 0.001271 0.001067
-1.000000 -1.000000 -1.000000 -1.000000 -1.000000 -1.000000 -1.000000
0.013278 0.001146 0.000049 0.054244 0.928786 0.001795 0.000702
0.999088 0.000824 0.000024 0.000024 0.000031 0.000006 0.000004
-1.000000 -1.000000 -1.000000 -1.000000 -1.000000 -1.000000 -1.000000
-1.000000 -1.000000 -1.000000 -1.000000 -1.000000 -1.000000 -1.000000
-1.000000 -1.000000 -1.000000 -1.000000 -1.000000 -1.000000 -1.000000
0.002366 0.001258 0.001374 0.000395 0.831234 0.000945 0.162428
-1.000000 -1.000000 -1.000000 -1.000000 -1.000000 -1.000000 -1.000000
-1.000000 -1.000000 -1.000000 -1.000000 -1.000000 -1.000000 -1.000000
-1.000000 -1.000000 -1.000000 -1.000000 -1.000000 -1.000000 -1.000000
0.448309 0.027034 0.000748 0.001863 0.469622 0.004185 0.048239
-1.000000 -1.000000 -1.000000 -1.000000 -1.000000 -1.000000 -1.000000
-1.000000 -1.000000 -1.000000 -1.000000 -1.000000 -1.000000 -1.000000
-1.000000 -1.000000 -1.000000 -1.000000 -1.000000 -1.000000 -1.000000
-1.000000 -1.000000 -1.000000 -1.000000 -1.000000 -1.000000 -1.000000
-1.000000 -1.000000 -1.000000 -1.000000 -1.000000 -1.000000 -1.000000
0.001556 0.000060 0.000183 0.018918 0.974009 0.004765 0.000508
-1.000000 -1.000000 -1.000000 -1.000000 -1.000000 -1.000000 -1.000000
0.096793 0.022858 0.036229 0.268059 0.381928 0.182632 0.011500
-1.000000 -1.000000 -1.000000 -1.000000 -1.000000 -1.000000 -1.000000
-1.000000 -1.000000 -1.000000 -1.000000 -1.000000 -1.000000 -1.000000
0.001979 0.000837 0.000314 0.845472 0.047437 0.102847 0.001114
-1.000000 -1.000000 -1.000000 -1.000000 -1.000000 -1.000000 -1.000000
0.660169 0.056941 0.002240 0.175987 0.067246 0.035079 0.002339
0.888361 0.017576 0.001905 0.000477 0.030209 0.004436 0.057036
0.019893 0.003593 0.000036 0.002142 0.973487 0.000620 0.000228
-1.000000 -1.000000 -1.000000 -1.000000 -1.000000 -1.000000 -1.000000
0.001489 0.000275 0.000013 0.000559 0.991509 0.005079 0.001076
-1.000000 -1.000000 -1.000000 -1.000000 -1.000000 -1.000000 -1.000000
-1.000000 -1.000000 -1.000000 -1.000000 -1.000000 -1.000000 -1.000000
-1.000000 -1.000000 -1.000000 -1.000000 -1.000000 -1.000000 -1.000000
-1.000000 -1.000000 -1.000000 -1.000000 -1.000000 -1.000000 -1.000000
-1.000000 -1.000000 -1.000000 -1.000000 -1.000000 -1.000000 -1.000000
0.023491 0.003605 0.000471 0.001522 0.142803 0.827663 0.000445
-1.000000 -1.000000 -1.000000 -1.000000 -1.000000 -1.000000 -1.000000
-1.000000 -1.000000 -1.000000 -1.000000 -1.000000 -1.000000 -1.000000
-1.000000 -1.000000 -1.000000 -1.000000 -1.000000 -1.000000 -1.000000
-1.000000 -1.000000 -1.000000 -1.000000 -1.000000 -1.000000 -1.000000
-1.000000 -1.000000 -1.000000 -1.000000 -1.000000 -1.000000 -1.000000
-1.000000 -1.000000 -1.000000 -1.000000 -1.000000 -1.000000 -1.000000
-1.000000 -1.000000 -1.000000 -1.000000 -1.000000 -1.000000 -1.000000
0.147919 0.019543 0.000130 0.705743 0.119480 0.007052 0.000132
0.000271 0.000039 0.000006 0.000074 0.978002 0.021298 0.000309
0.988777 0.000899 0.000730 0.000036 0.004398 0.000031 0.005129
0.000012 0.000044 0.000009 0.000018 0.981817 0.016774 0.001326
-1.000000 -1.000000 -1.000000 -1.000000 -1.000000 -1.000000 -1.000000
-1.000000 -1.000000 -1.000000 -1.000000 -1.000000 -1.000000 -1.000000
0.019724 0.000680 0.000194 0.001870 0.976654 0.000523 0.000354
0.997820 0.000088 0.000311 0.000014 0.000075 0.000002 0.001690
-1.000000 -1.000000 -1.000000 -1.000000 -1.000000 -1.000000 -1.000000
-1.000000 -1.000000 -1.000000 -1.000000 -1.000000 -1.000000 -1.000000
0.966315 0.006802 0.000134 0.000008 0.025880 0.000617 0.000243
-1.000000 -1.000000 -1.000000 -1.000000 -1.000000 -1.000000 -1.000000
0.001157 0.000788 0.000468 0.000783 0.514233 0.481178 0.001393
-1.000000 -1.000000 -1.000000 -1.000000 -1.000000 -1.000000 -1.000000
-1.000000 -1.000000 -1.000000 -1.000000 -1.000000 -1.000000 -1.000000
0.050341 0.004551 0.000412 0.018195 0.922625 0.001672 0.002204
-1.000000 -1.000000 -1.000000 -1.000000 -1.000000 -1.000000 -1.000000
0.003228 0.000224 0.000063 0.127220 0.863998 0.003416 0.001852
-1.000000 -1.000000 -1.000000 -1.000000 -1.000000 -1.000000 -1.000000
-1.000000 -1.000000 -1.000000 -1.000000 -1.000000 -1.000000 -1.000000
-1.000000 -1.000000 -1.000000 -1.000000 -1.000000 -1.000000 -1.000000
-1.000000 -1.000000 -1.000000 -1.000000 -1.000000 -1.000000 -1.000000
-1.000000 -1.000000 -1.000000 -1.000000 -1.000000 -1.000000 -1.000000
-1.000000 -1.000000 -1.000000 -1.000000 -1.000000 -1.000000 -1.000000
-1.000000 -1.000000 -1.000000 -1.000000 -1.000000 -1.000000 -1.000000
0.923961 0.001239 0.000205 0.002862 0.067620 0.000478 0.003635
-1.000000 -1.000000 -1.000000 -1.000000 -1.000000 -1.000000 -1.000000
0.028665 0.006818 0.021694 0.004844 0.176868 0.731332 0.029779
-1.000000 -1.000000 -1.000000 -1.000000 -1.000000 -1.000000 -1.000000
-1.000000 -1.000000 -1.000000 -1.000000 -1.000000 -1.000000 -1.000000
-1.000000 -1.000000 -1.000000 -1.000000 -1.000000 -1.000000 -1.000000
-1.000000 -1.000000 -1.000000 -1.000000 -1.000000 -1.000000 -1.000000
-1.000000 -1.000000 -1.000000 -1.000000 -1.000000 -1.000000 -1.000000
-1.000000 -1.000000 -1.000000 -1.000000 -1.000000 -1.000000 -1.000000
-1.000000 -1.000000 -1.000000 -1.000000 -1.000000 -1.000000 -1.000000
-1.000000 -1.000000 -1.000000 -1.000000 -1.000000 -1.000000 -1.000000
-1.000000 -1.000000 -1.000000 -1.000000 -1.000000 -1.000000 -1.000000
0.005247 0.003744 0.014737 0.047599 0.520458 0.043105 0.365110
-1.000000 -1.000000 -1.000000 -1.000000 -1.000000 -1.000000 -1.000000
-1.000000 -1.000000 -1.000000 -1.000000 -1.000000 -1.000000 -1.000000
-1.000000 -1.000000 -1.000000 -1.000000 -1.000000 -1.000000 -1.000000
0.495553 0.001548 0.001035 0.001661 0.392883 0.105447 0.001873
-1.000000 -1.000000 -1.000000 -1.000000 -1.000000 -1.000000 -1.000000
-1.000000 -1.000000 -1.000000 -1.000000 -1.000000 -1.000000 -1.000000
-1.000000 -1.000000 -1.000000 -1.000000 -1.000000 -1.000000 -1.000000
-1.000000 -1.000000 -1.000000 -1.000000 -1.000000 -1.000000 -1.000000
0.000196 0.000214 0.000403 0.001324 0.128153 0.846245 0.023465
-1.000000 -1.000000 -1.000000 -1.000000 -1.000000 -1.000000 -1.000000
-1.000000 -1.000000 -1.000000 -1.000000 -1.000000 -1.000000 -1.000000
-1.000000 -1.000000 -1.000000 -1.000000 -1.000000 -1.000000 -1.000000
-1.000000 -1.000000 -1.000000 -1.000000 -1.000000 -1.000000 -1.000000
0.931552 0.009457 0.000170 0.055885 0.000391 0.001330 0.001216
-1.000000 -1.000000 -1.000000 -1.000000 -1.000000 -1.000000 -1.000000
-1.000000 -1.000000 -1.000000 -1.000000 -1.000000 -1.000000 -1.000000
0.072678 0.003271 0.000032 0.006900 0.893246 0.023654 0.000220
-1.000000 -1.000000 -1.000000 -1.000000 -1.000000 -1.000000 -1.000000
-1.000000 -1.000000 -1.000000 -1.000000 -1.000000 -1.000000 -1.000000
-1.000000 -1.000000 -1.000000 -1.000000 -1.000000 -1.000000 -1.000000
-1.000000 -1.000000 -1.000000 -1.000000 -1.000000 -1.000000 -1.000000
-1.000000 -1.000000 -1.000000 -1.000000 -1.000000 -1.000000 -1.000000
-1.000000 -1.000000 -1.000000 -1.000000 -1.000000 -1.000000 -1.000000
-1.000000 -1.000000 -1.000000 -1.000000 -1.000000 -1.000000 -1.000000
0.939944 0.015436 0.003492 0.000156 0.037985 0.000459 0.002527
-1.000000 -1.000000 -1.000000 -1.000000 -1.000000 -1.000000 -1.000000
-1.000000 -1.000000 -1.000000 -1.000000 -1.000000 -1.000000 -1.000000
-1.000000 -1.000000 -1.000000 -1.000000 -1.000000 -1.000000 -1.000000
-1.000000 -1.000000 -1.000000 -1.000000 -1.000000 -1.000000 -1.000000
0.993014 0.001425 0.000019 0.000968 0.002513 0.001980 0.000082
-1.000000 -1.000000 -1.000000 -1.000000 -1.000000 -1.000000 -1.000000
-1.000000 -1.000000 -1.000000 -1.000000 -1.000000 -1.000000 -1.000000
-1.000000 -1.000000 -1.000000 -1.000000 -1.000000 -1.000000 -1.000000
-1.000000 -1.000000 -1.000000 -1.000000 -1.000000 -1.000000 -1.000000
0.001709 0.000400 0.000142 0.004468 0.072074 0.920621 0.000586
-1.000000 -1.000000 -1.000000 -1.000000 -1.000000 -1.000000 -1.000000
-1.000000 -1.000000 -1.000000 -1.000000 -1.000000 -1.000000 -1.000000
-1.000000 -1.000000 -1.000000 -1.000000 -1.000000 -1.000000 -1.000000
-1.000000 -1.000000 -1.000000 -1.000000 -1.000000 -1.000000 -1.000000
0.006181 0.003413 0.000210 0.002929 0.093216 0.892198 0.001853
-1.000000 -1.000000 -1.000000 -1.000000 -1.000000 -1.000000 -1.000000
0.007304 0.000660 0.000256 0.006024 0.885964 0.099412 0.000380
0.998840 0.000245 0.000019 0.000730 0.000092 0.000009 0.000066
-1.000000 -1.000000 -1.000000 -1.000000 -1.000000 -1.000000 -1.000000
0.090123 0.007772 0.000255 0.008169 0.882581 0.010825 0.000276
-1.000000 -1.000000 -1.000000 -1.000000 -1.000000 -1.000000 -1.000000
-1.000000 -1.000000 -1.000000 -1.000000 -1.000000 -1.000000 -1.000000
0.990471 0.000396 0.000116 0.001079 0.000141 0.007652 0.000145
-1.000000 -1.000000 -1.000000 -1.000000 -1.000000 -1.000000 -1.000000
0.079741 0.002706 0.000221 0.141734 0.756727 0.012884 0.005987
0.996811 0.000168 0.000010 0.000231 0.000025 0.002545 0.000211
0.003624 0.000241 0.000003 0.000134 0.961913 0.034053 0.000031
-1.000000 -1.000000 -1.000000 -1.000000 -1.000000 -1.000000 -1.000000
0.035521 0.001327 0.000053 0.003528 0.948671 0.010750 0.000151
0.000141 0.000029 0.000001 0.000053 0.994117 0.005653 0.000006
0.462378 0.005104 0.000648 0.018818 0.462429 0.045207 0.005415
-1.000000 -1.000000 -1.000000 -1.000000 -1.000000 -1.000000 -1.000000
0.020634 0.002140 0.000112 0.004640 0.970570 0.001261 0.000643
-1.000000 -1.000000 -1.000000 -1.000000 -1.000000 -1.000000 -1.000000
-1.000000 -1.000000 -1.000000 -1.000000 -1.000000 -1.000000 -1.000000
-1.000000 -1.000000 -1.000000 -1.000000 -1.000000 -1.000000 -1.000000
-1.000000 -1.000000 -1.000000 -1.000000 -1.000000 -1.000000 -1.000000
-1.000000 -1.000000 -1.000000 -1.000000 -1.000000 -1.000000 -1.000000
0.204448 0.045016 0.101792 0.142982 0.081744 0.041192 0.382826
0.017744 0.099116 0.000445 0.000322 0.011127 0.870902 0.000345
0.000367 0.000124 0.000028 0.002999 0.979208 0.016752 0.000522
-1.000000 -1.000000 -1.000000 -1.000000 -1.000000 -1.000000 -1.000000
-1.000000 -1.000000 -1.000000 -1.000000 -1.000000 -1.000000 -1.000000
-1.000000 -1.000000 -1.000000 -1.000000 -1.000000 -1.000000 -1.000000
-1.000000 -1.000000 -1.000000 -1.000000 -1.000000 -1.000000 -1.000000
-1.000000 -1.000000 -1.000000 -1.000000 -1.000000 -1.000000 -1.000000
-1.000000 -1.000000 -1.000000 -1.000000 -1.000000 -1.000000 -1.000000
0.929350 0.000586 0.000020 0.000027 0.062555 0.000111 0.007352
0.065063 0.007464 0.000059 0.005228 0.921770 0.000155 0.000262
-1.000000 -1.000000 -1.000000 -1.000000 -1.000000 -1.000000 -1.000000
-1.000000 -1.000000 -1.000000 -1.000000 -1.000000 -1.000000 -1.000000
0.467112 0.037871 0.052671 0.006211 0.075843 0.004823 0.355468
-1.000000 -1.000000 -1.000000 -1.000000 -1.000000 -1.000000 -1.000000
-1.000000 -1.000000 -1.000000 -1.000000 -1.000000 -1.000000 -1.000000
-1.000000 -1.000000 -1.000000 -1.000000 -1.000000 -1.000000 -1.000000
-1.000000 -1.000000 -1.000000 -1.000000 -1.000000 -1.000000 -1.000000
-1.000000 -1.000000 -1.000000 -1.000000 -1.000000 -1.000000 -1.000000
0.952082 0.000190 0.000076 0.035275 0.000314 0.010594 0.001469
0.869038 0.001613 0.000737 0.008438 0.109817 0.005594 0.004762
-1.000000 -1.000000 -1.000000 -1.000000 -1.000000 -1.000000 -1.000000
-1.000000 -1.000000 -1.000000 -1.000000 -1.000000 -1.000000 -1.000000
-1.000000 -1.000000 -1.000000 -1.000000 -1.000000 -1.000000 -1.000000
-1.000000 -1.000000 -1.000000 -1.000000 -1.000000 -1.000000 -1.000000
0.008206 0.000101 0.000101 0.013135 0.959401 0.016681 0.002376
-1.000000 -1.000000 -1.000000 -1.000000 -1.000000 -1.000000 -1.000000
0.000081 0.000318 0.000408 0.030877 0.955570 0.006202 0.006544
-1.000000 -1.000000 -1.000000 -1.000000 -1.000000 -1.000000 -1.000000
-1.000000 -1.000000 -1.000000 -1.000000 -1.000000 -1.000000 -1.000000
-1.000000 -1.000000 -1.000000 -1.000000 -1.000000 -1.000000 -1.000000
-1.000000 -1.000000 -1.000000 -1.000000 -1.000000 -1.000000 -1.000000
0.489687 0.143235 0.013626 0.010260 0.252349 0.018757 0.072085
-1.000000 -1.000000 -1.000000 -1.000000 -1.000000 -1.000000 -1.000000
-1.000000 -1.000000 -1.000000 -1.000000 -1.000000 -1.000000 -1.000000
-1.000000 -1.000000 -1.000000 -1.000000 -1.000000 -1.000000 -1.000000
-1.000000 -1.000000 -1.000000 -1.000000 -1.000000 -1.000000 -1.000000
0.009219 0.001226 0.000088 0.001118 0.941970 0.022349 0.024030
-1.000000 -1.000000 -1.000000 -1.000000 -1.000000 -1.000000 -1.000000
0.093847 0.032806 0.000177 0.005040 0.861824 0.006021 0.000285
0.808133 0.002228 0.000150 0.161931 0.015458 0.010195 0.001904
-1.000000 -1.000000 -1.000000 -1.000000 -1.000000 -1.000000 -1.000000
-1.000000 -1.000000 -1.000000 -1.000000 -1.000000 -1.000000 -1.000000
-1.000000 -1.000000 -1.000000 -1.000000 -1.000000 -1.000000 -1.000000
0.005298 0.009402 0.002108 0.000427 0.898994 0.082871 0.000900
0.091193 0.001114 0.000093 0.253665 0.647653 0.003456 0.002825
0.980867 0.001864 0.000328 0.000706 0.003018 0.000186 0.013033
-1.000000 -1.000000 -1.000000 -1.000000 -1.000000 -1.000000 -1.000000
-1.000000 -1.000000 -1.000000 -1.000000 -1.000000 -1.000000 -1.000000
-1.000000 -1.000000 -1.000000 -1.000000 -1.000000 -1.000000 -1.000000
0.007211 0.000235 0.000467 0.039039 0.915506 0.031013 0.006530
-1.000000 -1.000000 -1.000000 -1.000000 -1.000000 -1.000000 -1.000000
-1.000000 -1.000000 -1.000000 -1.000000 -1.000000 -1.000000 -1.000000
-1.000000 -1.000000 -1.000000 -1.000000 -1.000000 -1.000000 -1.000000
-1.000000 -1.000000 -1.000000 -1.000000 -1.000000 -1.000000 -1.000000
-1.000000 -1.000000 -1.000000 -1.000000 -1.000000 -1.000000 -1.000000
0.665072 0.009030 0.000788 0.028603 0.224849 0.064137 0.007520
-1.000000 -1.000000 -1.000000 -1.000000 -1.000000 -1.000000 -1.000000
-1.000000 -1.000000 -1.000000 -1.000000 -1.000000 -1.000000 -1.000000
0.014231 0.000156 0.000065 0.012592 0.961373 0.001913 0.009669
0.003743 0.000396 0.003372 0.000367 0.829943 0.003010 0.159169
-1.000000 -1.000000 -1.000000 -1.000000 -1.000000 -1.000000 -1.000000
-1.000000 -1.000000 -1.000000 -1.000000 -1.000000 -1.000000 -1.000000
-1.000000 -1.000000 -1.000000 -1.000000 -1.000000 -1.000000 -1.000000
-1.000000 -1.000000 -1.000000 -1.000000 -1.000000 -1.000000 -1.000000
0.406068 0.003364 0.000005 0.000467 0.589818 0.000213 0.000065
0.068128 0.025066 0.000110 0.033793 0.800449 0.072341 0.000114
-1.000000 -1.000000 -1.000000 -1.000000 -1.000000 -1.000000 -1.000000
0.069607 0.000552 0.002398 0.119637 0.350819 0.004608 0.452378
-1.000000 -1.000000 -1.000000 -1.000000 -1.000000 -1.000000 -1.000000
-1.000000 -1.000000 -1.000000 -1.000000 -1.000000 -1.000000 -1.000000
-1.000000 -1.000000 -1.000000 -1.000000 -1.000000 -1.000000 -1.000000
0.459792 0.003737 0.000625 0.042446 0.257471 0.233804 0.002124
0.358194 0.024464 0.000119 0.042377 0.373097 0.201300 0.000450
0.997130 0.001565 0.000003 0.000066 0.000268 0.000944 0.000023
-1.000000 -1.000000 -1.000000 -1.000000 -1.000000 -1.000000 -1.000000
-1.000000 -1.000000 -1.000000 -1.000000 -1.000000 -1.000000 -1.000000
0.910581 0.083130 0.000015 0.005245 0.000184 0.000153 0.000691
0.024252 0.001614 0.000028 0.000660 0.967519 0.005858 0.000069
-1.000000 -1.000000 -1.000000 -1.000000 -1.000000 -1.000000 -1.000000
-1.000000 -1.000000 -1.000000 -1.000000 -1.000000 -1.000000 -1.000000
0.051804 0.000835 0.000025 0.002041 0.727377 0.217339 0.000579
-1.000000 -1.000000 -1.000000 -1.000000 -1.000000 -1.000000 -1.000000
0.047287 0.002287 0.000026 0.000251 0.947868 0.001401 0.000879
-1.000000 -1.000000 -1.000000 -1.000000 -1.000000 -1.000000 -1.000000
-1.000000 -1.000000 -1.000000 -1.000000 -1.000000 -1.000000 -1.000000
0.059189 0.000220 0.000229 0.000816 0.926831 0.003134 0.009581
0.557548 0.003864 0.001012 0.062701 0.314271 0.011388 0.049216
-1.000000 -1.000000 -1.000000 -1.000000 -1.000000 -1.000000 -1.000000
-1.000000 -1.000000 -1.000000 -1.000000 -1.000000 -1.000000 -1.000000
0.000781 0.000067 0.000001 0.000073 0.998551 0.000512 0.000015
-1.000000 -1.000000 -1.000000 -1.000000 -1.000000 -1.000000 -1.000000
0.421744 0.001561 0.000024 0.001052 0.560923 0.014497 0.000197
0.999080 0.000032 0.000072 0.000017 0.000173 0.000486 0.000140
-1.000000 -1.000000 -1.000000 -1.000000 -1.000000 -1.000000 -1.000000
-1.000000 -1.000000 -1.000000 -1.000000 -1.000000 -1.000000 -1.000000
-1.000000 -1.000000 -1.000000 -1.000000 -1.000000 -1.000000 -1.000000
0.535057 0.003246 0.000014 0.001265 0.435583 0.024730 0.000105
-1.000000 -1.000000 -1.000000 -1.000000 -1.000000 -1.000000 -1.000000
0.936492 0.001191 0.000035 0.000455 0.053605 0.000159 0.008064
-1.000000 -1.000000 -1.000000 -1.000000 -1.000000 -1.000000 -1.000000
0.008667 0.001336 0.000030 0.020174 0.968769 0.000625 0.000399
0.884825 0.007013 0.000948 0.026343 0.035825 0.018615 0.026431
-1.000000 -1.000000 -1.000000 -1.000000 -1.000000 -1.000000 -1.000000
0.000096 0.000109 0.000066 0.000153 0.957924 0.038419 0.003233
0.000764 0.000099 0.000192 0.000010 0.971928 0.016380 0.010627
-1.000000 -1.000000 -1.000000 -1.000000 -1.000000 -1.000000 -1.000000
-1.000000 -1.000000 -1.000000 -1.000000 -1.000000 -1.000000 -1.000000
0.950933 0.002478 0.000420 0.029083 0.000533 0.013481 0.003073
-1.000000 -1.000000 -1.000000 -1.000000 -1.000000 -1.000000 -1.000000
-1.000000 -1.000000 -1.000000 -1.000000 -1.000000 -1.000000 -1.000000
-1.000000 -1.000000 -1.000000 -1.000000 -1.000000 -1.000000 -1.000000
0.002375 0.003239 0.084333 0.000948 0.506189 0.166076 0.236840
0.106519 0.001662 0.001733 0.076186 0.770798 0.041895 0.001207
-1.000000 -1.000000 -1.000000 -1.000000 -1.000000 -1.000000 -1.000000
-1.000000 -1.000000 -1.000000 -1.000000 -1.000000 -1.000000 -1.000000
-1.000000 -1.000000 -1.000000 -1.000000 -1.000000 -1.000000 -1.000000
-1.000000 -1.000000 -1.000000 -1.000000 -1.000000 -1.000000 -1.000000
-1.000000 -1.000000 -1.000000 -1.000000 -1.000000 -1.000000 -1.000000
-1.000000 -1.000000 -1.000000 -1.000000 -1.000000 -1.000000 -1.000000
0.840414 0.119161 0.000291 0.000906 0.009140 0.019699 0.010390
0.344771 0.004714 0.000077 0.000012 0.633334 0.016760 0.000333
-1.000000 -1.000000 -1.000000 -1.000000 -1.000000 -1.000000 -1.000000
-1.000000 -1.000000 -1.000000 -1.000000 -1.000000 -1.000000 -1.000000
-1.000000 -1.000000 -1.000000 -1.000000 -1.000000 -1.000000 -1.000000
0.001545 0.000057 0.000005 0.000046 0.998248 0.000063 0.000036
-1.000000 -1.000000 -1.000000 -1.000000 -1.000000 -1.000000 -1.000000
-1.000000 -1.000000 -1.000000 -1.000000 -1.000000 -1.000000 -1.000000
-1.000000 -1.000000 -1.000000 -1.000000 -1.000000 -1.000000 -1.000000
0.899866 0.002264 0.000048 0.039125 0.009499 0.048855 0.000343
0.001592 0.000006 0.000006 0.000122 0.996827 0.001335 0.000111
-1.000000 -1.000000 -1.000000 -1.000000 -1.000000 -1.000000 -1.000000
-1.000000 -1.000000 -1.000000 -1.000000 -1.000000 -1.000000 -1.000000
-1.000000 -1.000000 -1.000000 -1.000000 -1.000000 -1.000000 -1.000000
-1.000000 -1.000000 -1.000000 -1.000000 -1.000000 -1.000000 -1.000000
-1.000000 -1.000000 -1.000000 -1.000000 -1.000000 -1.000000 -1.000000
-1.000000 -1.000000 -1.000000 -1.000000 -1.000000 -1.000000 -1.000000
-1.000000 -1.000000 -1.000000 -1.000000 -1.000000 -1.000000 -1.000000
-1.000000 -1.000000 -1.000000 -1.000000 -1.000000 -1.000000 -1.000000
-1.000000 -1.000000 -1.000000 -1.000000 -1.000000 -1.000000 -1.000000
-1.000000 -1.000000 -1.000000 -1.000000 -1.000000 -1.000000 -1.000000
0.155488 0.000928 0.000017 0.000547 0.839676 0.003319 0.000024
0.040833 0.001086 0.004891 0.018307 0.293806 0.498640 0.142437
-1.000000 -1.000000 -1.000000 -1.000000 -1.000000 -1.000000 -1.000000
0.695693 0.000588 0.000009 0.000035 0.298093 0.005421 0.000160
-1.000000 -1.000000 -1.000000 -1.000000 -1.000000 -1.000000 -1.000000
-1.000000 -1.000000 -1.000000 -1.000000 -1.000000 -1.000000 -1.000000
-1.000000 -1.000000 -1.000000 -1.000000 -1.000000 -1.000000 -1.000000
-1.000000 -1.000000 -1.000000 -1.000000 -1.000000 -1.000000 -1.000000
-1.000000 -1.000000 -1.000000 -1.000000 -1.000000 -1.000000 -1.000000
-1.000000 -1.000000 -1.000000 -1.000000 -1.000000 -1.000000 -1.000000
0.053606 0.734292 0.001885 0.000701 0.153291 0.054094 0.002131
-1.000000 -1.000000 -1.000000 -1.000000 -1.000000 -1.000000 -1.000000
0.134848 0.008516 0.000316 0.013079 0.735691 0.105929 0.001621
-1.000000 -1.000000 -1.000000 -1.000000 -1.000000 -1.000000 -1.000000
0.977259 0.017070 0.000066 0.000322 0.002359 0.002888 0.000037
-1.000000 -1.000000 -1.000000 -1.000000 -1.000000 -1.000000 -1.000000
-1.000000 -1.000000 -1.000000 -1.000000 -1.000000 -1.000000 -1.000000
-1.000000 -1.000000 -1.000000 -1.000000 -1.000000 -1.000000 -1.000000
-1.000000 -1.000000 -1.000000 -1.000000 -1.000000 -1.000000 -1.000000
-1.000000 -1.000000 -1.000000 -1.000000 -1.000000 -1.000000 -1.000000
-1.000000 -1.000000 -1.000000 -1.000000 -1.000000 -1.000000 -1.000000
0.003346 0.000094 0.000026 0.000555 0.987062 0.005069 0.003848
-1.000000 -1.000000 -1.000000 -1.000000 -1.000000 -1.000000 -1.000000
-1.000000 -1.000000 -1.000000 -1.000000 -1.000000 -1.000000 -1.000000
0.063498 0.001581 0.000433 0.003907 0.895123 0.034202 0.001256
-1.000000 -1.000000 -1.000000 -1.000000 -1.000000 -1.000000 -1.000000
-1.000000 -1.000000 -1.000000 -1.000000 -1.000000 -1.000000 -1.000000
-1.000000 -1.000000 -1.000000 -1.000000 -1.000000 -1.000000 -1.000000
0.000249 0.000053 0.000138 0.000032 0.995322 0.001228 0.002978
-1.000000 -1.000000 -1.000000 -1.000000 -1.000000 -1.000000 -1.000000
0.239869 0.001727 0.000190 0.000558 0.494215 0.002176 0.261266
-1.000000 -1.000000 -1.000000 -1.000000 -1.000000 -1.000000 -1.000000
-1.000000 -1.000000 -1.000000 -1.000000 -1.000000 -1.000000 -1.000000
-1.000000 -1.000000 -1.000000 -1.000000 -1.000000 -1.000000 -1.000000
0.004128 0.036731 0.000301 0.002262 0.926147 0.029681 0.000749
-1.000000 -1.000000 -1.000000 -1.000000 -1.000000 -1.000000 -1.000000
-1.000000 -1.000000 -1.000000 -1.000000 -1.000000 -1.000000 -1.000000
-1.000000 -1.000000 -1.000000 -1.000000 -1.000000 -1.000000 -1.000000
0.515188 0.017700 0.001341 0.021521 0.328369 0.107874 0.008007
-1.000000 -1.000000 -1.000000 -1.000000 -1.000000 -1.000000 -1.000000
-1.000000 -1.000000 -1.000000 -1.000000 -1.000000 -1.000000 -1.000000
-1.000000 -1.000000 -1.000000 -1.000000 -1.000000 -1.000000 -1.000000
0.000044 0.000009 0.000012 0.000097 0.996541 0.001650 0.001647
-1.000000 -1.000000 -1.000000 -1.000000 -1.000000 -1.000000 -1.000000
0.001880 0.005742 0.007368 0.000972 0.627173 0.342917 0.013948
-1.000000 -1.000000 -1.000000 -1.000000 -1.000000 -1.000000 -1.000000
-1.000000 -1.000000 -1.000000 -1.000000 -1.000000 -1.000000 -1.000000
0.736578 0.003697 0.000060 0.000456 0.252015 0.006832 0.000363
-1.000000 -1.000000 -1.000000 -1.000000 -1.000000 -1.000000 -1.000000
-1.000000 -1.000000 -1.000000 -1.000000 -1.000000 -1.000000 -1.000000
0.528217 0.005678 0.012876 0.002453 0.190212 0.090108 0.170457
-1.000000 -1.000000 -1.000000 -1.000000 -1.000000 -1.000000 -1.000000
-1.000000 -1.000000 -1.000000 -1.000000 -1.000000 -1.000000 -1.000000
-1.000000 -1.000000 -1.000000 -1.000000 -1.000000 -1.000000 -1.000000
0.000045 0.000023 0.000051 0.000014 0.995279 0.000508 0.004080
0.000280 0.000071 0.000012 0.000040 0.931323 0.068225 0.000049
0.952898 0.000732 0.000581 0.000041 0.000358 0.000017 0.045373
0.010669 0.001072 0.000125 0.046364 0.698448 0.243139 0.000182
-1.000000 -1.000000 -1.000000 -1.000000 -1.000000 -1.000000 -1.000000
0.862371 0.021708 0.000025 0.001161 0.113928 0.000715 0.000092
0.009342 0.024189 0.005251 0.009061 0.661666 0.278892 0.011599
-1.000000 -1.000000 -1.000000 -1.000000 -1.000000 -1.000000 -1.000000
-1.000000 -1.000000 -1.000000 -1.000000 -1.000000 -1.000000 -1.000000
-1.000000 -1.000000 -1.000000 -1.000000 -1.000000 -1.000000 -1.000000
-1.000000 -1.000000 -1.000000 -1.000000 -1.000000 -1.000000 -1.000000
-1.000000 -1.000000 -1.000000 -1.000000 -1.000000 -1.000000 -1.000000
-1.000000 -1.000000 -1.000000 -1.000000 -1.000000 -1.000000 -1.000000
-1.000000 -1.000000 -1.000000 -1.000000 -1.000000 -1.000000 -1.000000
-1.000000 -1.000000 -1.000000 -1.000000 -1.000000 -1.000000 -1.000000
-1.000000 -1.000000 -1.000000 -1.000000 -1.000000 -1.000000 -1.000000
0.134112 0.001350 0.001525 0.003444 0.696094 0.007421 0.156054
0.000024 0.000235 0.000044 0.000067 0.000066 0.999548 0.000015
0.027881 0.040922 0.100129 0.008003 0.209417 0.001543 0.612106
0.220338 0.136897 0.000278 0.000199 0.016652 0.625508 0.000127
-1.000000 -1.000000 -1.000000 -1.000000 -1.000000 -1.000000 -1.000000
-1.000000 -1.000000 -1.000000 -1.000000 -1.000000 -1.000000 -1.000000
-1.000000 -1.000000 -1.000000 -1.000000 -1.000000 -1.000000 -1.000000
-1.000000 -1.000000 -1.000000 -1.000000 -1.000000 -1.000000 -1.000000
-1.000000 -1.000000 -1.000000 -1.000000 -1.000000 -1.000000 -1.000000
-1.000000 -1.000000 -1.000000 -1.000000 -1.000000 -1.000000 -1.000000
-1.000000 -1.000000 -1.000000 -1.000000 -1.000000 -1.000000 -1.000000
-1.000000 -1.000000 -1.000000 -1.000000 -1.000000 -1.000000 -1.000000
0.027594 0.035593 0.000139 0.107570 0.775713 0.053252 0.000139
-1.000000 -1.000000 -1.000000 -1.000000 -1.000000 -1.000000 -1.000000
-1.000000 -1.000000 -1.000000 -1.000000 -1.000000 -1.000000 -1.000000
0.893294 0.058251 0.000119 0.002627 0.040978 0.003420 0.001311
-1.000000 -1.000000 -1.000000 -1.000000 -1.000000 -1.000000 -1.000000
0.010373 0.002126 0.000429 0.926082 0.059395 0.000265 0.001329
0.710864 0.087851 0.000336 0.000376 0.069605 0.130576 0.000391
0.012289 0.022252 0.000184 0.002231 0.907608 0.054954 0.000481
-1.000000 -1.000000 -1.000000 -1.000000 -1.000000 -1.000000 -1.000000
0.094197 0.007943 0.006115 0.316245 0.505447 0.031832 0.038222
0.000661 0.000040 0.000045 0.093068 0.900459 0.003095 0.002634
0.000681 0.000026 0.000003 0.000323 0.991457 0.007498 0.000012
-1.000000 -1.000000 -1.000000 -1.000000 -1.000000 -1.000000 -1.000000
0.039704 0.000884 0.000909 0.016942 0.838664 0.012475 0.090422
-1.000000 -1.000000 -1.000000 -1.000000 -1.000000 -1.000000 -1.000000
-1.000000 -1.000000 -1.000000 -1.000000 -1.000000 -1.000000 -1.000000
-1.000000 -1.000000 -1.000000 -1.000000 -1.000000 -1.000000 -1.000000
-1.000000 -1.000000 -1.000000 -1.000000 -1.000000 -1.000000 -1.000000
-1.000000 -1.000000 -1.000000 -1.000000 -1.000000 -1.000000 -1.000000
0.943685 0.009220 0.000658 0.023605 0.012791 0.001785 0.008256
0.115161 0.005187 0.000621 0.001891 0.686384 0.188056 0.002699
-1.000000 -1.000000 -1.000000 -1.000000 -1.000000 -1.000000 -1.000000
0.194245 0.066254 0.002635 0.000165 0.696944 0.034732 0.005025
-1.000000 -1.000000 -1.000000 -1.000000 -1.000000 -1.000000 -1.000000
-1.000000 -1.000000 -1.000000 -1.000000 -1.000000 -1.000000 -1.000000
-1.000000 -1.000000 -1.000000 -1.000000 -1.000000 -1.000000 -1.000000
-1.000000 -1.000000 -1.000000 -1.000000 -1.000000 -1.000000 -1.000000
-1.000000 -1.000000 -1.000000 -1.000000 -1.000000 -1.000000 -1.000000
0.000635 0.000121 0.000023 0.020234 0.977715 0.000714 0.000557
0.005348 0.021009 0.000017 0.077156 0.893582 0.001767 0.001120
0.000224 0.000068 0.000037 0.000225 0.992501 0.004210 0.002735
-1.000000 -1.000000 -1.000000 -1.000000 -1.000000 -1.000000 -1.000000
-1.000000 -1.000000 -1.000000 -1.000000 -1.000000 -1.000000 -1.000000
0.997711 0.000068 0.000001 0.000012 0.002187 0.000007 0.000013
0.000281 0.000013 0.000003 0.000002 0.998544 0.000296 0.000861
-1.000000 -1.000000 -1.000000 -1.000000 -1.000000 -1.000000 -1.000000
-1.000000 -1.000000 -1.000000 -1.000000 -1.000000 -1.000000 -1.000000
-1.000000 -1.000000 -1.000000 -1.000000 -1.000000 -1.000000 -1.000000
0.245733 0.000140 0.000010 0.000004 0.753415 0.000333 0.000365
-1.000000 -1.000000 -1.000000 -1.000000 -1.000000 -1.000000 -1.000000
-1.000000 -1.000000 -1.000000 -1.000000 -1.000000 -1.000000 -1.000000
0.000278 0.000295 0.001481 0.000127 0.661286 0.184192 0.152342
-1.000000 -1.000000 -1.000000 -1.000000 -1.000000 -1.000000 -1.000000
-1.000000 -1.000000 -1.000000 -1.000000 -1.000000 -1.000000 -1.000000
0.000924 0.000048 0.000044 0.000180 0.988172 0.000658 0.009974
-1.000000 -1.000000 -1.000000 -1.000000 -1.000000 -1.000000 -1.000000
-1.000000 -1.000000 -1.000000 -1.000000 -1.000000 -1.000000 -1.000000
-1.000000 -1.000000 -1.000000 -1.000000 -1.000000 -1.000000 -1.000000
0.012942 0.001269 0.000521 0.022143 0.792857 0.164898 0.005370
-1.000000 -1.000000 -1.000000 -1.000000 -1.000000 -1.000000 -1.000000
-1.000000 -1.000000 -1.000000 -1.000000 -1.000000 -1.000000 -1.000000
-1.000000 -1.000000 -1.000000 -1.000000 -1.000000 -1.000000 -1.000000
-1.000000 -1.000000 -1.000000 -1.000000 -1.000000 -1.000000 -1.000000
0.068365 0.020696 0.000149 0.000455 0.718110 0.191858 0.000367
-1.000000 -1.000000 -1.000000 -1.000000 -1.000000 -1.000000 -1.000000
-1.000000 -1.000000 -1.000000 -1.000000 -1.000000 -1.000000 -1.000000
-1.000000 -1.000000 -1.000000 -1.000000 -1.000000 -1.000000 -1.000000
0.989002 0.006218 0.000172 0.000002 0.003762 0.000088 0.000755
0.237271 0.001082 0.000008 0.000225 0.761330 0.000037 0.000048
-1.000000 -1.000000 -1.000000 -1.000000 -1.000000 -1.000000 -1.000000
-1.000000 -1.000000 -1.000000 -1.000000 -1.000000 -1.000000 -1.000000
-1.000000 -1.000000 -1.000000 -1.000000 -1.000000 -1.000000 -1.000000
-1.000000 -1.000000 -1.000000 -1.000000 -1.000000 -1.000000 -1.000000
-1.000000 -1.000000 -1.000000 -1.000000 -1.000000 -1.000000 -1.000000
-1.000000 -1.000000 -1.000000 -1.000000 -1.000000 -1.000000 -1.000000
0.000790 0.000067 0.000003 0.000795 0.998062 0.000275 0.000008
-1.000000 -1.000000 -1.000000 -1.000000 -1.000000 -1.000000 -1.000000
-1.000000 -1.000000 -1.000000 -1.000000 -1.000000 -1.000000 -1.000000
0.027392 0.000252 0.000012 0.000119 0.791138 0.181011 0.000076
-1.000000 -1.000000 -1.000000 -1.000000 -1.000000 -1.000000 -1.000000
-1.000000 -1.000000 -1.000000 -1.000000 -1.000000 -1.000000 -1.000000
-1.000000 -1.000000 -1.000000 -1.000000 -1.000000 -1.000000 -1.000000
0.117774 0.002787 0.000114 0.000050 0.632991 0.246205 0.000078
-1.000000 -1.000000 -1.000000 -1.000000 -1.000000 -1.000000 -1.000000
-1.000000 -1.000000 -1.000000 -1.000000 -1.000000 -1.000000 -1.000000
0.994500 0.000083 0.000017 0.000308 0.001911 0.000648 0.002533
-1.000000 -1.000000 -1.000000 -1.000000 -1.000000 -1.000000 -1.000000
-1.000000 -1.000000 -1.000000 -1.000000 -1.000000 -1.000000 -1.000000
0.995999 0.001869 0.000043 0.000006 0.001895 0.000072 0.000116
-1.000000 -1.000000 -1.000000 -1.000000 -1.000000 -1.000000 -1.000000
0.034705 0.075315 0.000016 0.064432 0.824149 0.000305 0.001078
-1.000000 -1.000000 -1.000000 -1.000000 -1.000000 -1.000000 -1.000000
-1.000000 -1.000000 -1.000000 -1.000000 -1.000000 -1.000000 -1.000000
-1.000000 -1.000000 -1.000000 -1.000000 -1.000000 -1.000000 -1.000000
-1.000000 -1.000000 -1.000000 -1.000000 -1.000000 -1.000000 -1.000000
-1.000000 -1.000000 -1.000000 -1.000000 -1.000000 -1.000000 -1.000000
0.019099 0.022144 0.020964 0.000440 0.519543 0.391937 0.025873
0.000994 0.000060 0.000070 0.000039 0.966849 0.030989 0.000999
0.010623 0.000638 0.000059 0.000779 0.975023 0.011753 0.001124
-1.000000 -1.000000 -1.000000 -1.000000 -1.000000 -1.000000 -1.000000
-1.000000 -1.000000 -1.000000 -1.000000 -1.000000 -1.000000 -1.000000
-1.000000 -1.000000 -1.000000 -1.000000 -1.000000 -1.000000 -1.000000
-1.000000 -1.000000 -1.000000 -1.000000 -1.000000 -1.000000 -1.000000
-1.000000 -1.000000 -1.000000 -1.000000 -1.000000 -1.000000 -1.000000
0.990013 0.003394 0.000051 0.002330 0.002338 0.001671 0.000202
-1.000000 -1.000000 -1.000000 -1.000000 -1.000000 -1.000000 -1.000000
-1.000000 -1.000000 -1.000000 -1.000000 -1.000000 -1.000000 -1.000000
-1.000000 -1.000000 -1.000000 -1.000000 -1.000000 -1.000000 -1.000000
0.496372 0.018719 0.000690 0.003255 0.442216 0.028605 0.010143
-1.000000 -1.000000 -1.000000 -1.000000 -1.000000 -1.000000 -1.000000
0.990092 0.006829 0.000039 0.000865 0.001023 0.000810 0.000342
0.020687 0.005099 0.000113 0.017313 0.939720 0.016359 0.000709
0.271703 0.005046 0.000195 0.040364 0.656451 0.024064 0.002177
-1.000000 -1.000000 -1.000000 -1.000000 -1.000000 -1.000000 -1.000000
-1.000000 -1.000000 -1.000000 -1.000000 -1.000000 -1.000000 -1.000000
0.000431 0.009879 0.001251 0.000067 0.022294 0.964887 0.001191
-1.000000 -1.000000 -1.000000 -1.000000 -1.000000 -1.000000 -1.000000
-1.000000 -1.000000 -1.000000 -1.000000 -1.000000 -1.000000 -1.000000
-1.000000 -1.000000 -1.000000 -1.000000 -1.000000 -1.000000 -1.000000
0.999353 0.000079 0.000067 0.000084 0.000035 0.000025 0.000357
-1.000000 -1.000000 -1.000000 -1.000000 -1.000000 -1.000000 -1.000000
-1.000000 -1.000000 -1.000000 -1.000000 -1.000000 -1.000000 -1.000000
-1.000000 -1.000000 -1.000000 -1.000000 -1.000000 -1.000000 -1.000000
-1.000000 -1.000000 -1.000000 -1.000000 -1.000000 -1.000000 -1.000000
-1.000000 -1.000000 -1.000000 -1.000000 -1.000000 -1.000000 -1.000000
0.487010 0.259540 0.002128 0.003760 0.093208 0.153418 0.000935
0.000011 0.000020 0.000004 0.024296 0.973847 0.001750 0.000073
0.382340 0.001319 0.000014 0.000459 0.610137 0.005241 0.000490
0.003090 0.003041 0.001861 0.036904 0.334275 0.620450 0.000378
0.007199 0.000205 0.000038 0.000087 0.819459 0.001525 0.171486
0.001315 0.000391 0.026324 0.007749 0.070030 0.002355 0.891837
-1.000000 -1.000000 -1.000000 -1.000000 -1.000000 -1.000000 -1.000000
-1.000000 -1.000000 -1.000000 -1.000000 -1.000000 -1.000000 -1.000000
-1.000000 -1.000000 -1.000000 -1.000000 -1.000000 -1.000000 -1.000000
-1.000000 -1.000000 -1.000000 -1.000000 -1.000000 -1.000000 -1.000000
-1.000000 -1.000000 -1.000000 -1.000000 -1.000000 -1.000000 -1.000000
0.991201 0.000827 0.000032 0.001498 0.001799 0.004507 0.000136
-1.000000 -1.000000 -1.000000 -1.000000 -1.000000 -1.000000 -1.000000
-1.000000 -1.000000 -1.000000 -1.000000 -1.000000 -1.000000 -1.000000
0.947074 0.025913 0.000121 0.011490 0.010867 0.003231 0.001303
0.989448 0.001835 0.000903 0.005794 0.000548 0.000265 0.001208
-1.000000 -1.000000 -1.000000 -1.000000 -1.000000 -1.000000 -1.000000
-1.000000 -1.000000 -1.000000 -1.000000 -1.000000 -1.000000 -1.000000
-1.000000 -1.000000 -1.000000 -1.000000 -1.000000 -1.000000 -1.000000
-1.000000 -1.000000 -1.000000 -1.000000 -1.000000 -1.000000 -1.000000
0.994950 0.000079 0.000018 0.000377 0.001559 0.000723 0.002293
0.395110 0.000642 0.000054 0.000285 0.603075 0.000453 0.000382
-1.000000 -1.000000 -1.000000 -1.000000 -1.000000 -1.000000 -1.000000
-1.000000 -1.000000 -1.000000 -1.000000 -1.000000 -1.000000 -1.000000
0.022583 0.000856 0.000143 0.073785 0.593380 0.307842 0.001411
-1.000000 -1.000000 -1.000000 -1.000000 -1.000000 -1.000000 -1.000000
-1.000000 -1.000000 -1.000000 -1.000000 -1.000000 -1.000000 -1.000000
-1.000000 -1.000000 -1.000000 -1.000000 -1.000000 -1.000000 -1.000000
-1.000000 -1.000000 -1.000000 -1.000000 -1.000000 -1.000000 -1.000000
-1.000000 -1.000000 -1.000000 -1.000000 -1.000000 -1.000000 -1.000000
0.049552 0.000535 0.000191 0.000860 0.903031 0.044850 0.000981
0.000019 0.000008 0.000003 0.000003 0.962188 0.037638 0.000140
-1.000000 -1.000000 -1.000000 -1.000000 -1.000000 -1.000000 -1.000000
-1.000000 -1.000000 -1.000000 -1.000000 -1.000000 -1.000000 -1.000000
-1.000000 -1.000000 -1.000000 -1.000000 -1.000000 -1.000000 -1.000000
-1.000000 -1.000000 -1.000000 -1.000000 -1.000000 -1.000000 -1.000000
-1.000000 -1.000000 -1.000000 -1.000000 -1.000000 -1.000000 -1.000000
-1.000000 -1.000000 -1.000000 -1.000000 -1.000000 -1.000000 -1.000000
-1.000000 -1.000000 -1.000000 -1.000000 -1.000000 -1.000000 -1.000000
-1.000000 -1.000000 -1.000000 -1.000000 -1.000000 -1.000000 -1.000000
0.348999 0.001168 0.000147 0.105532 0.185989 0.357663 0.000503
0.001419 0.003028 0.000495 0.000366 0.002762 0.991091 0.000840
-1.000000 -1.000000 -1.000000 -1.000000 -1.000000 -1.000000 -1.000000
-1.000000 -1.000000 -1.000000 -1.000000 -1.000000 -1.000000 -1.000000
0.999719 0.000111 0.000001 0.000004 0.000042 0.000001 0.000122
-1.000000 -1.000000 -1.000000 -1.000000 -1.000000 -1.000000 -1.000000
-1.000000 -1.000000 -1.000000 -1.000000 -1.000000 -1.000000 -1.000000
0.153025 0.019729 0.000726 0.000524 0.439645 0.374929 0.011421
-1.000000 -1.000000 -1.000000 -1.000000 -1.000000 -1.000000 -1.000000
-1.000000 -1.000000 -1.000000 -1.000000 -1.000000 -1.000000 -1.000000
0.298268 0.001323 0.000012 0.000321 0.688488 0.011464 0.000124
0.210783 0.004677 0.000040 0.711429 0.044752 0.028041 0.000279
0.329318 0.317022 0.005708 0.007350 0.315940 0.008810 0.015852
-1.000000 -1.000000 -1.000000 -1.000000 -1.000000 -1.000000 -1.000000
-1.000000 -1.000000 -1.000000 -1.000000 -1.000000 -1.000000 -1.000000
0.873694 0.000366 0.000005 0.000166 0.121110 0.004614 0.000047
-1.000000 -1.000000 -1.000000 -1.000000 -1.000000 -1.000000 -1.000000
0.000061 0.000097 0.000032 0.000323 0.992508 0.003244 0.003735
-1.000000 -1.000000 -1.000000 -1.000000 -1.000000 -1.000000 -1.000000
0.555214 0.001081 0.000004 0.004100 0.436326 0.003225 0.000052
0.000151 0.000217 0.000026 0.003423 0.988249 0.004127 0.003806
-1.000000 -1.000000 -1.000000 -1.000000 -1.000000 -1.000000 -1.000000
-1.000000 -1.000000 -1.000000 -1.000000 -1.000000 -1.000000 -1.000000
-1.000000 -1.000000 -1.000000 -1.000000 -1.000000 -1.000000 -1.000000
-1.000000 -1.000000 -1.000000 -1.000000 -1.000000 -1.000000 -1.000000
-1.000000 -1.000000 -1.000000 -1.000000 -1.000000 -1.000000 -1.000000
-1.000000 -1.000000 -1.000000 -1.000000 -1.000000 -1.000000 -1.000000
-1.000000 -1.000000 -1.000000 -1.000000 -1.000000 -1.000000 -1.000000
-1.000000 -1.000000 -1.000000 -1.000000 -1.000000 -1.000000 -1.000000
-1.000000 -1.000000 -1.000000 -1.000000 -1.000000 -1.000000 -1.000000
-1.000000 -1.000000 -1.000000 -1.000000 -1.000000 -1.000000 -1.000000
-1.000000 -1.000000 -1.000000 -1.000000 -1.000000 -1.000000 -1.000000
-1.000000 -1.000000 -1.000000 -1.000000 -1.000000 -1.000000 -1.000000
0.517157 0.006329 0.000103 0.001167 0.465231 0.009055 0.000958
0.004528 0.000121 0.000022 0.000941 0.918907 0.000067 0.075413
-1.000000 -1.000000 -1.000000 -1.000000 -1.000000 -1.000000 -1.000000
-1.000000 -1.000000 -1.000000 -1.000000 -1.000000 -1.000000 -1.000000
-1.000000 -1.000000 -1.000000 -1.000000 -1.000000 -1.000000 -1.000000
-1.000000 -1.000000 -1.000000 -1.000000 -1.000000 -1.000000 -1.000000
-1.000000 -1.000000 -1.000000 -1.000000 -1.000000 -1.000000 -1.000000
-1.000000 -1.000000 -1.000000 -1.000000 -1.000000 -1.000000 -1.000000
-1.000000 -1.000000 -1.000000 -1.000000 -1.000000 -1.000000 -1.000000
0.002059 0.001038 0.051038 0.488131 0.353929 0.098161 0.005644
-1.000000 -1.000000 -1.000000 -1.000000 -1.000000 -1.000000 -1.000000
-1.000000 -1.000000 -1.000000 -1.000000 -1.000000 -1.000000 -1.000000
0.000420 0.000009 0.000001 0.000019 0.997299 0.002236 0.000017
0.038228 0.001989 0.046473 0.000099 0.427393 0.003180 0.482638
0.052222 0.010589 0.000447 0.002556 0.004425 0.929323 0.000438
0.002243 0.000155 0.000179 0.049179 0.468408 0.479685 0.000151
0.005736 0.002121 0.000002 0.002173 0.988890 0.000916 0.000161
-1.000000 -1.000000 -1.000000 -1.000000 -1.000000 -1.000000 -1.000000
-1.000000 -1.000000 -1.000000 -1.000000 -1.000000 -1.000000 -1.000000
-1.000000 -1.000000 -1.000000 -1.000000 -1.000000 -1.000000 -1.000000
-1.000000 -1.000000 -1.000000 -1.000000 -1.000000 -1.000000 -1.000000
-1.000000 -1.000000 -1.000000 -1.000000 -1.000000 -1.000000 -1.000000
-1.000000 -1.000000 -1.000000 -1.000000 -1.000000 -1.000000 -1.000000
0.001532 0.000721 0.000663 0.000455 0.280789 0.714644 0.001196
-1.000000 -1.000000 -1.000000 -1.000000 -1.000000 -1.000000 -1.000000
-1.000000 -1.000000 -1.000000 -1.000000 -1.000000 -1.000000 -1.000000
-1.000000 -1.000000 -1.000000 -1.000000 -1.000000 -1.000000 -1.000000
-1.000000 -1.000000 -1.000000 -1.000000 -1.000000 -1.000000 -1.000000
0.001809 0.004615 0.003255 0.182200 0.771479 0.029812 0.006830
-1.000000 -1.000000 -1.000000 -1.000000 -1.000000 -1.000000 -1.000000
0.873373 0.015112 0.000379 0.002269 0.095232 0.001686 0.011950
-1.000000 -1.000000 -1.000000 -1.000000 -1.000000 -1.000000 -1.000000
-1.000000 -1.000000 -1.000000 -1.000000 -1.000000 -1.000000 -1.000000
-1.000000 -1.000000 -1.000000 -1.000000 -1.000000 -1.000000 -1.000000
0.106860 0.020840 0.003815 0.000357 0.001184 0.865412 0.001531
-1.000000 -1.000000 -1.000000 -1.000000 -1.000000 -1.000000 -1.000000
-1.000000 -1.000000 -1.000000 -1.000000 -1.000000 -1.000000 -1.000000
0.961175 0.000453 0.000007 0.000120 0.037893 0.000074 0.000278
-1.000000 -1.000000 -1.000000 -1.000000 -1.000000 -1.000000 -1.000000
0.957173 0.010797 0.000081 0.000051 0.028489 0.000028 0.003381
0.999911 0.000016 0.000011 0.000006 0.000008 0.000001 0.000046
0.366118 0.007768 0.000126 0.005803 0.617032 0.002620 0.000533
-1.000000 -1.000000 -1.000000 -1.000000 -1.000000 -1.000000 -1.000000
0.984366 0.002917 0.000171 0.000195 0.007088 0.000393 0.004871
-1.000000 -1.000000 -1.000000 -1.000000 -1.000000 -1.000000 -1.000000
-1.000000 -1.000000 -1.000000 -1.000000 -1.000000 -1.000000 -1.000000
-1.000000 -1.000000 -1.000000 -1.000000 -1.000000 -1.000000 -1.000000
0.018666 0.000873 0.000019 0.014583 0.963912 0.001809 0.000139
0.001525 0.000178 0.000269 0.000766 0.429383 0.563857 0.004023
-1.000000 -1.000000 -1.000000 -1.000000 -1.000000 -1.000000 -1.000000
0.129072 0.272591 0.004392 0.000131 0.324518 0.248023 0.021273
-1.000000 -1.000000 -1.000000 -1.000000 -1.000000 -1.000000 -1.000000
0.002244 0.000373 0.000018 0.000092 0.994282 0.001084 0.001907
0.049116 0.000503 0.000017 0.000018 0.927373 0.022908 0.000065
0.003400 0.001946 0.000518 0.157190 0.770409 0.053196 0.013342
-1.000000 -1.000000 -1.000000 -1.000000 -1.000000 -1.000000 -1.000000
-1.000000 -1.000000 -1.000000 -1.000000 -1.000000 -1.000000 -1.000000
-1.000000 -1.000000 -1.000000 -1.000000 -1.000000 -1.000000 -1.000000
0.081713 0.000698 0.000017 0.007695 0.903469 0.006110 0.000298
-1.000000 -1.000000 -1.000000 -1.000000 -1.000000 -1.000000 -1.000000
0.091604 0.000827 0.000409 0.013826 0.838109 0.009015 0.046208
0.004318 0.000527 0.000022 0.000510 0.992936 0.001346 0.000343
0.033095 0.004204 0.001256 0.004155 0.938728 0.010336 0.008226
0.259241 0.004657 0.000153 0.001219 0.381785 0.352750 0.000195
-1.000000 -1.000000 -1.000000 -1.000000 -1.000000 -1.000000 -1.000000
0.001466 0.000673 0.373988 0.005015 0.002909 0.002450 0.613500
-1.000000 -1.000000 -1.000000 -1.000000 -1.000000 -1.000000 -1.000000
-1.000000 -1.000000 -1.000000 -1.000000 -1.000000 -1.000000 -1.000000
-1.000000 -1.000000 -1.000000 -1.000000 -1.000000 -1.000000 -1.000000
-1.000000 -1.000000 -1.000000 -1.000000 -1.000000 -1.000000 -1.000000
0.844091 0.128433 0.000027 0.019834 0.007505 0.000030 0.000080
-1.000000 -1.000000 -1.000000 -1.000000 -1.000000 -1.000000 -1.000000
0.095110 0.003330 0.000240 0.000062 0.873688 0.000140 0.027430
-1.000000 -1.000000 -1.000000 -1.000000 -1.000000 -1.000000 -1.000000
-1.000000 -1.000000 -1.000000 -1.000000 -1.000000 -1.000000 -1.000000
0.000328 0.001425 0.004117 0.003974 0.913066 0.049955 0.027134
-1.000000 -1.000000 -1.000000 -1.000000 -1.000000 -1.000000 -1.000000
-1.000000 -1.000000 -1.000000 -1.000000 -1.000000 -1.000000 -1.000000
0.000040 0.000003 0.000001 0.000237 0.999315 0.000311 0.000092
-1.000000 -1.000000 -1.000000 -1.000000 -1.000000 -1.000000 -1.000000
-1.000000 -1.000000 -1.000000 -1.000000 -1.000000 -1.000000 -1.000000
0.174166 0.314598 0.005022 0.090797 0.346619 0.054031 0.014767
0.966174 0.000067 0.000000 0.000040 0.031003 0.002710 0.000005
-1.000000 -1.000000 -1.000000 -1.000000 -1.000000 -1.000000 -1.000000
-1.000000 -1.000000 -1.000000 -1.000000 -1.000000 -1.000000 -1.000000
0.975717 0.010965 0.000053 0.011455 0.000266 0.000304 0.001241
-1.000000 -1.000000 -1.000000 -1.000000 -1.000000 -1.000000 -1.000000
0.046621 0.001564 0.002083 0.114548 0.799128 0.027700 0.008356
0.030893 0.000997 0.000924 0.000037 0.960241 0.000650 0.006258
-1.000000 -1.000000 -1.000000 -1.000000 -1.000000 -1.000000 -1.000000
-1.000000 -1.000000 -1.000000 -1.000000 -1.000000 -1.000000 -1.000000
0.143426 0.025459 0.000525 0.006507 0.759207 0.061675 0.003202
-1.000000 -1.000000 -1.000000 -1.000000 -1.000000 -1.000000 -1.000000
0.028485 0.000100 0.000078 0.000746 0.004797 0.965693 0.000101
-1.000000 -1.000000 -1.000000 -1.000000 -1.000000 -1.000000 -1.000000
-1.000000 -1.000000 -1.000000 -1.000000 -1.000000 -1.000000 -1.000000
-1.000000 -1.000000 -1.000000 -1.000000 -1.000000 -1.000000 -1.000000
-1.000000 -1.000000 -1.000000 -1.000000 -1.000000 -1.000000 -1.000000
-1.000000 -1.000000 -1.000000 -1.000000 -1.000000 -1.000000 -1.000000
0.119972 0.007805 0.000342 0.000528 0.463777 0.407454 0.000122
-1.000000 -1.000000 -1.000000 -1.000000 -1.000000 -1.000000 -1.000000
-1.000000 -1.000000 -1.000000 -1.000000 -1.000000 -1.000000 -1.000000
-1.000000 -1.000000 -1.000000 -1.000000 -1.000000 -1.000000 -1.000000
-1.000000 -1.000000 -1.000000 -1.000000 -1.000000 -1.000000 -1.000000
-1.000000 -1.000000 -1.000000 -1.000000 -1.000000 -1.000000 -1.000000
-1.000000 -1.000000 -1.000000 -1.000000 -1.000000 -1.000000 -1.000000
0.034830 0.019119 0.007454 0.000306 0.011457 0.911788 0.015045
0.004087 0.000031 0.000013 0.001859 0.984596 0.009362 0.000052
-1.000000 -1.000000 -1.000000 -1.000000 -1.000000 -1.000000 -1.000000
-1.000000 -1.000000 -1.000000 -1.000000 -1.000000 -1.000000 -1.000000
0.099765 0.077925 0.002391 0.375776 0.291808 0.130851 0.021485
-1.000000 -1.000000 -1.000000 -1.000000 -1.000000 -1.000000 -1.000000
-1.000000 -1.000000 -1.000000 -1.000000 -1.000000 -1.000000 -1.000000
0.017612 0.000207 0.000013 0.000700 0.978249 0.003197 0.000024
-1.000000 -1.000000 -1.000000 -1.000000 -1.000000 -1.000000 -1.000000
-1.000000 -1.000000 -1.000000 -1.000000 -1.000000 -1.000000 -1.000000
-1.000000 -1.000000 -1.000000 -1.000000 -1.000000 -1.000000 -1.000000
-1.000000 -1.000000 -1.000000 -1.000000 -1.000000 -1.000000 -1.000000
-1.000000 -1.000000 -1.000000 -1.000000 -1.000000 -1.000000 -1.000000
0.078045 0.002073 0.004619 0.476336 0.285465 0.139911 0.013551
0.032547 0.000455 0.000052 0.035406 0.917389 0.013053 0.001098
0.001860 0.000023 0.000001 0.000244 0.997774 0.000083 0.000015
-1.000000 -1.000000 -1.000000 -1.000000 -1.000000 -1.000000 -1.000000
-1.000000 -1.000000 -1.000000 -1.000000 -1.000000 -1.000000 -1.000000
-1.000000 -1.000000 -1.000000 -1.000000 -1.000000 -1.000000 -1.000000
-1.000000 -1.000000 -1.000000 -1.000000 -1.000000 -1.000000 -1.000000
-1.000000 -1.000000 -1.000000 -1.000000 -1.000000 -1.000000 -1.000000
-1.000000 -1.000000 -1.000000 -1.000000 -1.000000 -1.000000 -1.000000
-1.000000 -1.000000 -1.000000 -1.000000 -1.000000 -1.000000 -1.000000
-1.000000 -1.000000 -1.000000 -1.000000 -1.000000 -1.000000 -1.000000
0.002641 0.000272 0.000064 0.012146 0.975805 0.006706 0.002367
-1.000000 -1.000000 -1.000000 -1.000000 -1.000000 -1.000000 -1.000000
-1.000000 -1.000000 -1.000000 -1.000000 -1.000000 -1.000000 -1.000000
-1.000000 -1.000000 -1.000000 -1.000000 -1.000000 -1.000000 -1.000000
0.579017 0.000840 0.000062 0.000606 0.404103 0.015078 0.000293
-1.000000 -1.000000 -1.000000 -1.000000 -1.000000 -1.000000 -1.000000
-1.000000 -1.000000 -1.000000 -1.000000 -1.000000 -1.000000 -1.000000
-1.000000 -1.000000 -1.000000 -1.000000 -1.000000 -1.000000 -1.000000
-1.000000 -1.000000 -1.000000 -1.000000 -1.000000 -1.000000 -1.000000
0.937172 0.003038 0.000662 0.000204 0.057737 0.000855 0.000332
-1.000000 -1.000000 -1.000000 -1.000000 -1.000000 -1.000000 -1.000000
0.002699 0.000438 0.000294 0.006151 0.377681 0.611942 0.000796
-1.000000 -1.000000 -1.000000 -1.000000 -1.000000 -1.000000 -1.000000
-1.000000 -1.000000 -1.000000 -1.000000 -1.000000 -1.000000 -1.000000
-1.000000 -1.000000 -1.000000 -1.000000 -1.000000 -1.000000 -1.000000
-1.000000 -1.000000 -1.000000 -1.000000 -1.000000 -1.000000 -1.000000
-1.000000 -1.000000 -1.000000 -1.000000 -1.000000 -1.000000 -1.000000
0.501507 0.454060 0.000121 0.000196 0.041737 0.001646 0.000733
0.385373 0.525067 0.007771 0.002360 0.038604 0.037139 0.003686
0.476748 0.015236 0.218440 0.000343 0.017000 0.004723 0.267511
-1.000000 -1.000000 -1.000000 -1.000000 -1.000000 -1.000000 -1.000000
-1.000000 -1.000000 -1.000000 -1.000000 -1.000000 -1.000000 -1.000000
0.065081 0.000602 0.000159 0.018774 0.904059 0.006389 0.004935
-1.000000 -1.000000 -1.000000 -1.000000 -1.000000 -1.000000 -1.000000
-1.000000 -1.000000 -1.000000 -1.000000 -1.000000 -1.000000 -1.000000
-1.000000 -1.000000 -1.000000 -1.000000 -1.000000 -1.000000 -1.000000
-1.000000 -1.000000 -1.000000 -1.000000 -1.000000 -1.000000 -1.000000
-1.000000 -1.000000 -1.000000 -1.000000 -1.000000 -1.000000 -1.000000
0.872186 0.065947 0.000079 0.003974 0.005879 0.051891 0.000043
-1.000000 -1.000000 -1.000000 -1.000000 -1.000000 -1.000000 -1.000000
0.014225 0.001217 0.001820 0.006831 0.889510 0.073088 0.013309
0.528217 0.005678 0.012876 0.002453 0.190212 0.090108 0.170457
-1.000000 -1.000000 -1.000000 -1.000000 -1.000000 -1.000000 -1.000000
-1.000000 -1.000000 -1.000000 -1.000000 -1.000000 -1.000000 -1.000000
-1.000000 -1.000000 -1.000000 -1.000000 -1.000000 -1.000000 -1.000000
0.065153 0.011988 0.006965 0.106575 0.759410 0.021050 0.028858
0.850221 0.006811 0.000010 0.000067 0.139064 0.003734 0.000094
0.016325 0.001529 0.142428 0.000027 0.588152 0.002030 0.249508
-1.000000 -1.000000 -1.000000 -1.000000 -1.000000 -1.000000 -1.000000
0.000227 0.000006 0.000000 0.000029 0.999713 0.000023 0.000003
-1.000000 -1.000000 -1.000000 -1.000000 -1.000000 -1.000000 -1.000000
-1.000000 -1.000000 -1.000000 -1.000000 -1.000000 -1.000000 -1.000000
-1.000000 -1.000000 -1.000000 -1.000000 -1.000000 -1.000000 -1.000000
-1.000000 -1.000000 -1.000000 -1.000000 -1.000000 -1.000000 -1.000000
-1.000000 -1.000000 -1.000000 -1.000000 -1.000000 -1.000000 -1.000000
0.328186 0.026947 0.000183 0.001203 0.619221 0.024019 0.000242
-1.000000 -1.000000 -1.000000 -1.000000 -1.000000 -1.000000 -1.000000
0.363231 0.000556 0.000625 0.562056 0.000817 0.070726 0.001989
-1.000000 -1.000000 -1.000000 -1.000000 -1.000000 -1.000000 -1.000000
0.768775 0.197844 0.000021 0.000055 0.033120 0.000038 0.000148
-1.000000 -1.000000 -1.000000 -1.000000 -1.000000 -1.000000 -1.000000
0.947333 0.048504 0.000031 0.000005 0.003440 0.000595 0.000093
-1.000000 -1.000000 -1.000000 -1.000000 -1.000000 -1.000000 -1.000000
-1.000000 -1.000000 -1.000000 -1.000000 -1.000000 -1.000000 -1.000000
-1.000000 -1.000000 -1.000000 -1.000000 -1.000000 -1.000000 -1.000000
-1.000000 -1.000000 -1.000000 -1.000000 -1.000000 -1.000000 -1.000000
0.037218 0.001023 0.000061 0.015961 0.752604 0.192942 0.000190
-1.000000 -1.000000 -1.000000 -1.000000 -1.000000 -1.000000 -1.000000
-1.000000 -1.000000 -1.000000 -1.000000 -1.000000 -1.000000 -1.000000
0.989190 0.000185 0.000854 0.000037 0.000238 0.000026 0.009471
-1.000000 -1.000000 -1.000000 -1.000000 -1.000000 -1.000000 -1.000000
0.960038 0.033789 0.000039 0.000300 0.003792 0.001636 0.000404
0.001632 0.000211 0.001260 0.026001 0.501122 0.469300 0.000474
0.001490 0.007408 0.002180 0.050370 0.920023 0.014389 0.004140
0.002040 0.000518 0.000430 0.000161 0.812998 0.183499 0.000354
-1.000000 -1.000000 -1.000000 -1.000000 -1.000000 -1.000000 -1.000000
-1.000000 -1.000000 -1.000000 -1.000000 -1.000000 -1.000000 -1.000000
-1.000000 -1.000000 -1.000000 -1.000000 -1.000000 -1.000000 -1.000000
0.000391 0.000285 0.001134 0.006778 0.041317 0.000551 0.949544
-1.000000 -1.000000 -1.000000 -1.000000 -1.000000 -1.000000 -1.000000
-1.000000 -1.000000 -1.000000 -1.000000 -1.000000 -1.000000 -1.000000
-1.000000 -1.000000 -1.000000 -1.000000 -1.000000 -1.000000 -1.000000
-1.000000 -1.000000 -1.000000 -1.000000 -1.000000 -1.000000 -1.000000
-1.000000 -1.000000 -1.000000 -1.000000 -1.000000 -1.000000 -1.000000
0.911562 0.023076 0.007618 0.000673 0.002638 0.046063 0.008371
0.493655 0.013190 0.003305 0.079557 0.139984 0.241425 0.028884
-1.000000 -1.000000 -1.000000 -1.000000 -1.000000 -1.000000 -1.000000
-1.000000 -1.000000 -1.000000 -1.000000 -1.000000 -1.000000 -1.000000
-1.000000 -1.000000 -1.000000 -1.000000 -1.000000 -1.000000 -1.000000
-1.000000 -1.000000 -1.000000 -1.000000 -1.000000 -1.000000 -1.000000
-1.000000 -1.000000 -1.000000 -1.000000 -1.000000 -1.000000 -1.000000
0.121643 0.003601 0.000021 0.000958 0.872580 0.000649 0.000548
0.000269 0.000364 0.000665 0.282298 0.709760 0.005883 0.000762
-1.000000 -1.000000 -1.000000 -1.000000 -1.000000 -1.000000 -1.000000
0.777440 0.000359 0.000005 0.000017 0.217111 0.005015 0.000054
0.004668 0.005574 0.000323 0.018178 0.433702 0.511516 0.026038
-1.000000 -1.000000 -1.000000 -1.000000 -1.000000 -1.000000 -1.000000
0.014108 0.000070 0.000001 0.001222 0.914994 0.069595 0.000009
-1.000000 -1.000000 -1.000000 -1.000000 -1.000000 -1.000000 -1.000000
-1.000000 -1.000000 -1.000000 -1.000000 -1.000000 -1.000000 -1.000000
-1.000000 -1.000000 -1.000000 -1.000000 -1.000000 -1.000000 -1.000000
-1.000000 -1.000000 -1.000000 -1.000000 -1.000000 -1.000000 -1.000000
-1.000000 -1.000000 -1.000000 -1.000000 -1.000000 -1.000000 -1.000000
0.000113 0.000103 0.000046 0.000070 0.781353 0.217948 0.000367
-1.000000 -1.000000 -1.000000 -1.000000 -1.000000 -1.000000 -1.000000
