0.000022 0.000041 0.006737 0.000219 0.008069 0.000319 0.984594
-1.000000 -1.000000 -1.000000 -1.000000 -1.000000 -1.000000 -1.000000
0.000911 0.000136 0.000045 0.000113 0.279773 0.004684 0.714337
-1.000000 -1.000000 -1.000000 -1.000000 -1.000000 -1.000000 -1.000000
-1.000000 -1.000000 -1.000000 -1.000000 -1.000000 -1.000000 -1.000000
0.013222 0.002088 0.000796 0.005272 0.653259 0.000742 0.324621
0.000102 0.000050 0.007929 0.000063 0.007092 0.000366 0.984397
-1.000000 -1.000000 -1.000000 -1.000000 -1.000000 -1.000000 -1.000000
-1.000000 -1.000000 -1.000000 -1.000000 -1.000000 -1.000000 -1.000000
-1.000000 -1.000000 -1.000000 -1.000000 -1.000000 -1.000000 -1.000000
-1.000000 -1.000000 -1.000000 -1.000000 -1.000000 -1.000000 -1.000000
-1.000000 -1.000000 -1.000000 -1.000000 -1.000000 -1.000000 -1.000000
-1.000000 -1.000000 -1.000000 -1.000000 -1.000000 -1.000000 -1.000000
-1.000000 -1.000000 -1.000000 -1.000000 -1.000000 -1.000000 -1.000000
-1.000000 -1.000000 -1.000000 -1.000000 -1.000000 -1.000000 -1.000000
0.000846 0.000170 0.001954 0.493606 0.027233 0.000373 0.475818
-1.000000 -1.000000 -1.000000 -1.000000 -1.000000 -1.000000 -1.000000
0.000025 0.000017 0.000101 0.000300 0.623899 0.001964 0.373694
-1.000000 -1.000000 -1.000000 -1.000000 -1.000000 -1.000000 -1.000000
0.000036 0.000055 0.001273 0.000057 0.339025 0.030909 0.628644
0.000104 0.000043 0.000702 0.002002 0.001644 0.000510 0.994995
-1.000000 -1.000000 -1.000000 -1.000000 -1.000000 -1.000000 -1.000000
-1.000000 -1.000000 -1.000000 -1.000000 -1.000000 -1.000000 -1.000000
-1.000000 -1.000000 -1.000000 -1.000000 -1.000000 -1.000000 -1.000000
-1.000000 -1.000000 -1.000000 -1.000000 -1.000000 -1.000000 -1.000000
0.000363 0.000113 0.000037 0.000185 0.941264 0.000301 0.057738
0.000049 0.000012 0.002270 0.000061 0.001775 0.000577 0.995256
-1.000000 -1.000000 -1.000000 -1.000000 -1.000000 -1.000000 -1.000000
-1.000000 -1.000000 -1.000000 -1.000000 -1.000000 -1.000000 -1.000000
0.000018 0.000016 0.007655 0.000003 0.003163 0.000611 0.988534
0.000272 0.000042 0.011494 0.000014 0.003096 0.000096 0.984986
0.000007 0.000049 0.000361 0.000183 0.035408 0.000059 0.963932
0.002256 0.000027 0.000015 0.000136 0.071815 0.000495 0.925256
-1.000000 -1.000000 -1.000000 -1.000000 -1.000000 -1.000000 -1.000000
-1.000000 -1.000000 -1.000000 -1.000000 -1.000000 -1.000000 -1.000000
-1.000000 -1.000000 -1.000000 -1.000000 -1.000000 -1.000000 -1.000000
0.023296 0.003514 0.015046 0.003642 0.762277 0.008181 0.184044
-1.000000 -1.000000 -1.000000 -1.000000 -1.000000 -1.000000 -1.000000
-1.000000 -1.000000 -1.000000 -1.000000 -1.000000 -1.000000 -1.000000
0.000011 0.000005 0.000016 0.000071 0.022981 0.002134 0.974783
0.056292 0.005736 0.000138 0.477106 0.413449 0.027068 0.020212
0.001014 0.000296 0.005725 0.031048 0.134630 0.019500 0.807787
-1.000000 -1.000000 -1.000000 -1.000000 -1.000000 -1.000000 -1.000000
-1.000000 -1.000000 -1.000000 -1.000000 -1.000000 -1.000000 -1.000000
0.000079 0.000172 0.007647 0.002777 0.019329 0.001549 0.968448
0.000023 0.000012 0.000220 0.000126 0.001630 0.000009 0.997979
0.000003 0.000030 0.000460 0.000365 0.607469 0.000339 0.391332
-1.000000 -1.000000 -1.000000 -1.000000 -1.000000 -1.000000 -1.000000
-1.000000 -1.000000 -1.000000 -1.000000 -1.000000 -1.000000 -1.000000
-1.000000 -1.000000 -1.000000 -1.000000 -1.000000 -1.000000 -1.000000
0.000140 0.000031 0.002096 0.000107 0.002405 0.000156 0.995065
0.000012 0.000005 0.000296 0.000162 0.000397 0.000046 0.999082
-1.000000 -1.000000 -1.000000 -1.000000 -1.000000 -1.000000 -1.000000
-1.000000 -1.000000 -1.000000 -1.000000 -1.000000 -1.000000 -1.000000
0.195265 0.004735 0.002040 0.001080 0.270980 0.001533 0.524368
0.000004 0.000003 0.000095 0.000008 0.015172 0.000103 0.984614
-1.000000 -1.000000 -1.000000 -1.000000 -1.000000 -1.000000 -1.000000
-1.000000 -1.000000 -1.000000 -1.000000 -1.000000 -1.000000 -1.000000
-1.000000 -1.000000 -1.000000 -1.000000 -1.000000 -1.000000 -1.000000
0.000316 0.000367 0.000267 0.011746 0.979398 0.005577 0.002331
-1.000000 -1.000000 -1.000000 -1.000000 -1.000000 -1.000000 -1.000000
-1.000000 -1.000000 -1.000000 -1.000000 -1.000000 -1.000000 -1.000000
0.000341 0.000089 0.001647 0.002128 0.003441 0.000236 0.992117
-1.000000 -1.000000 -1.000000 -1.000000 -1.000000 -1.000000 -1.000000
0.058635 0.001422 0.008009 0.001513 0.005816 0.000518 0.924087
0.000046 0.000306 0.039053 0.000212 0.278715 0.001656 0.680011
-1.000000 -1.000000 -1.000000 -1.000000 -1.000000 -1.000000 -1.000000
-1.000000 -1.000000 -1.000000 -1.000000 -1.000000 -1.000000 -1.000000
0.000135 0.000029 0.008828 0.000542 0.000067 0.000121 0.990279
-1.000000 -1.000000 -1.000000 -1.000000 -1.000000 -1.000000 -1.000000
-1.000000 -1.000000 -1.000000 -1.000000 -1.000000 -1.000000 -1.000000
-1.000000 -1.000000 -1.000000 -1.000000 -1.000000 -1.000000 -1.000000
-1.000000 -1.000000 -1.000000 -1.000000 -1.000000 -1.000000 -1.000000
-1.000000 -1.000000 -1.000000 -1.000000 -1.000000 -1.000000 -1.000000
-1.000000 -1.000000 -1.000000 -1.000000 -1.000000 -1.000000 -1.000000
-1.000000 -1.000000 -1.000000 -1.000000 -1.000000 -1.000000 -1.000000
-1.000000 -1.000000 -1.000000 -1.000000 -1.000000 -1.000000 -1.000000
-1.000000 -1.000000 -1.000000 -1.000000 -1.000000 -1.000000 -1.000000
0.019427 0.000143 0.000060 0.005415 0.947470 0.026851 0.000635
0.000405 0.000079 0.001491 0.000142 0.726140 0.005312 0.266431
-1.000000 -1.000000 -1.000000 -1.000000 -1.000000 -1.000000 -1.000000
-1.000000 -1.000000 -1.000000 -1.000000 -1.000000 -1.000000 -1.000000
-1.000000 -1.000000 -1.000000 -1.000000 -1.000000 -1.000000 -1.000000
0.000725 0.000564 0.004984 0.013638 0.869158 0.001966 0.108966
0.005719 0.000907 0.020255 0.011158 0.590176 0.007733 0.364053
-1.000000 -1.000000 -1.000000 -1.000000 -1.000000 -1.000000 -1.000000
-1.000000 -1.000000 -1.000000 -1.000000 -1.000000 -1.000000 -1.000000
0.004377 0.000080 0.005840 0.000060 0.000651 0.000020 0.988973
-1.000000 -1.000000 -1.000000 -1.000000 -1.000000 -1.000000 -1.000000
-1.000000 -1.000000 -1.000000 -1.000000 -1.000000 -1.000000 -1.000000
0.002502 0.002912 0.044067 0.001360 0.184969 0.005433 0.758757
0.009857 0.004997 0.000018 0.002895 0.979394 0.000597 0.002242
-1.000000 -1.000000 -1.000000 -1.000000 -1.000000 -1.000000 -1.000000
-1.000000 -1.000000 -1.000000 -1.000000 -1.000000 -1.000000 -1.000000
-1.000000 -1.000000 -1.000000 -1.000000 -1.000000 -1.000000 -1.000000
-1.000000 -1.000000 -1.000000 -1.000000 -1.000000 -1.000000 -1.000000
0.000802 0.000005 0.000288 0.000117 0.003761 0.000025 0.995003
-1.000000 -1.000000 -1.000000 -1.000000 -1.000000 -1.000000 -1.000000
0.000004 0.000003 0.000095 0.000008 0.015172 0.000103 0.984614
-1.000000 -1.000000 -1.000000 -1.000000 -1.000000 -1.000000 -1.000000
0.000371 0.000080 0.000099 0.000007 0.637570 0.000501 0.361373
0.000173 0.000032 0.002042 0.033064 0.000482 0.000035 0.964172
-1.000000 -1.000000 -1.000000 -1.000000 -1.000000 -1.000000 -1.000000
-1.000000 -1.000000 -1.000000 -1.000000 -1.000000 -1.000000 -1.000000
-1.000000 -1.000000 -1.000000 -1.000000 -1.000000 -1.000000 -1.000000
-1.000000 -1.000000 -1.000000 -1.000000 -1.000000 -1.000000 -1.000000
-1.000000 -1.000000 -1.000000 -1.000000 -1.000000 -1.000000 -1.000000
-1.000000 -1.000000 -1.000000 -1.000000 -1.000000 -1.000000 -1.000000
0.001325 0.000510 0.308713 0.000063 0.327438 0.013439 0.348512
-1.000000 -1.000000 -1.000000 -1.000000 -1.000000 -1.000000 -1.000000
-1.000000 -1.000000 -1.000000 -1.000000 -1.000000 -1.000000 -1.000000
0.000072 0.000023 0.000035 0.000064 0.036548 0.000188 0.963070
0.000378 0.000008 0.000129 0.801748 0.000134 0.000178 0.197425
-1.000000 -1.000000 -1.000000 -1.000000 -1.000000 -1.000000 -1.000000
0.000478 0.000003 0.000010 0.000105 0.012174 0.000471 0.986760
-1.000000 -1.000000 -1.000000 -1.000000 -1.000000 -1.000000 -1.000000
0.000001 0.000000 0.000010 0.000083 0.000037 0.000001 0.999867
-1.000000 -1.000000 -1.000000 -1.000000 -1.000000 -1.000000 -1.000000
-1.000000 -1.000000 -1.000000 -1.000000 -1.000000 -1.000000 -1.000000
0.000286 0.000324 0.146356 0.000847 0.262677 0.076363 0.513147
0.000005 0.000000 0.000002 0.993115 0.000000 0.000000 0.006877
-1.000000 -1.000000 -1.000000 -1.000000 -1.000000 -1.000000 -1.000000
-1.000000 -1.000000 -1.000000 -1.000000 -1.000000 -1.000000 -1.000000
-1.000000 -1.000000 -1.000000 -1.000000 -1.000000 -1.000000 -1.000000
0.059315 0.042380 0.006745 0.539192 0.112551 0.135815 0.104000
-1.000000 -1.000000 -1.000000 -1.000000 -1.000000 -1.000000 -1.000000
-1.000000 -1.000000 -1.000000 -1.000000 -1.000000 -1.000000 -1.000000
0.000034 0.000000 0.000005 0.000041 0.003756 0.000109 0.996055
0.000015 0.000029 0.000009 0.996392 0.001393 0.000273 0.001889
-1.000000 -1.000000 -1.000000 -1.000000 -1.000000 -1.000000 -1.000000
0.000124 0.000007 0.000074 0.001082 0.005698 0.001251 0.991763
-1.000000 -1.000000 -1.000000 -1.000000 -1.000000 -1.000000 -1.000000
-1.000000 -1.000000 -1.000000 -1.000000 -1.000000 -1.000000 -1.000000
0.001793 0.000272 0.000399 0.000005 0.937517 0.001457 0.058557
-1.000000 -1.000000 -1.000000 -1.000000 -1.000000 -1.000000 -1.000000
0.000475 0.000947 0.000132 0.000419 0.792365 0.204578 0.001084
0.000048 0.000067 0.004194 0.000047 0.689792 0.000538 0.305314
-1.000000 -1.000000 -1.000000 -1.000000 -1.000000 -1.000000 -1.000000
-1.000000 -1.000000 -1.000000 -1.000000 -1.000000 -1.000000 -1.000000
0.029063 0.000127 0.000940 0.000709 0.057617 0.002071 0.909472
0.002262 0.001257 0.000340 0.067282 0.116159 0.001978 0.810721
-1.000000 -1.000000 -1.000000 -1.000000 -1.000000 -1.000000 -1.000000
-1.000000 -1.000000 -1.000000 -1.000000 -1.000000 -1.000000 -1.000000
-1.000000 -1.000000 -1.000000 -1.000000 -1.000000 -1.000000 -1.000000
-1.000000 -1.000000 -1.000000 -1.000000 -1.000000 -1.000000 -1.000000
0.000228 0.000169 0.000112 0.000047 0.817085 0.005523 0.176837
-1.000000 -1.000000 -1.000000 -1.000000 -1.000000 -1.000000 -1.000000
0.000238 0.000235 0.047836 0.000076 0.000972 0.000251 0.950392
0.000506 0.000868 0.005536 0.005606 0.051262 0.000537 0.935686
-1.000000 -1.000000 -1.000000 -1.000000 -1.000000 -1.000000 -1.000000
-1.000000 -1.000000 -1.000000 -1.000000 -1.000000 -1.000000 -1.000000
0.000007 0.000016 0.000186 0.000048 0.230494 0.015480 0.753768
0.008842 0.001696 0.001966 0.928736 0.016581 0.025905 0.016274
-1.000000 -1.000000 -1.000000 -1.000000 -1.000000 -1.000000 -1.000000
0.000006 0.000024 0.000072 0.000007 0.127958 0.000190 0.871744
-1.000000 -1.000000 -1.000000 -1.000000 -1.000000 -1.000000 -1.000000
-1.000000 -1.000000 -1.000000 -1.000000 -1.000000 -1.000000 -1.000000
-1.000000 -1.000000 -1.000000 -1.000000 -1.000000 -1.000000 -1.000000
0.000240 0.000032 0.071568 0.000047 0.002933 0.000692 0.924489
-1.000000 -1.000000 -1.000000 -1.000000 -1.000000 -1.000000 -1.000000
-1.000000 -1.000000 -1.000000 -1.000000 -1.000000 -1.000000 -1.000000
0.003402 0.000949 0.004607 0.013391 0.559984 0.010757 0.406911
-1.000000 -1.000000 -1.000000 -1.000000 -1.000000 -1.000000 -1.000000
-1.000000 -1.000000 -1.000000 -1.000000 -1.000000 -1.000000 -1.000000
-1.000000 -1.000000 -1.000000 -1.000000 -1.000000 -1.000000 -1.000000
-1.000000 -1.000000 -1.000000 -1.000000 -1.000000 -1.000000 -1.000000
-1.000000 -1.000000 -1.000000 -1.000000 -1.000000 -1.000000 -1.000000
0.000116 0.000003 0.000032 0.001113 0.001520 0.000238 0.996979
-1.000000 -1.000000 -1.000000 -1.000000 -1.000000 -1.000000 -1.000000
0.000520 0.000126 0.000765 0.000978 0.051286 0.012209 0.934117
-1.000000 -1.000000 -1.000000 -1.000000 -1.000000 -1.000000 -1.000000
0.014860 0.000678 0.007824 0.032482 0.708283 0.017408 0.218464
-1.000000 -1.000000 -1.000000 -1.000000 -1.000000 -1.000000 -1.000000
-1.000000 -1.000000 -1.000000 -1.000000 -1.000000 -1.000000 -1.000000
0.000463 0.000554 0.004102 0.000101 0.209633 0.005633 0.779515
0.000006 0.000027 0.002282 0.000329 0.007971 0.000303 0.989081
-1.000000 -1.000000 -1.000000 -1.000000 -1.000000 -1.000000 -1.000000
0.003739 0.008041 0.040787 0.000770 0.474644 0.023412 0.448607
-1.000000 -1.000000 -1.000000 -1.000000 -1.000000 -1.000000 -1.000000
-1.000000 -1.000000 -1.000000 -1.000000 -1.000000 -1.000000 -1.000000
0.000062 0.000023 0.017235 0.004660 0.000195 0.000067 0.977759
-1.000000 -1.000000 -1.000000 -1.000000 -1.000000 -1.000000 -1.000000
-1.000000 -1.000000 -1.000000 -1.000000 -1.000000 -1.000000 -1.000000
-1.000000 -1.000000 -1.000000 -1.000000 -1.000000 -1.000000 -1.000000
0.003170 0.000114 0.000138 0.008052 0.946054 0.027834 0.014638
-1.000000 -1.000000 -1.000000 -1.000000 -1.000000 -1.000000 -1.000000
-1.000000 -1.000000 -1.000000 -1.000000 -1.000000 -1.000000 -1.000000
0.000150 0.000034 0.004324 0.000069 0.004354 0.001350 0.989717
-1.000000 -1.000000 -1.000000 -1.000000 -1.000000 -1.000000 -1.000000
0.000363 0.000113 0.000037 0.000185 0.941264 0.000301 0.057738
-1.000000 -1.000000 -1.000000 -1.000000 -1.000000 -1.000000 -1.000000
-1.000000 -1.000000 -1.000000 -1.000000 -1.000000 -1.000000 -1.000000
0.005070 0.001221 0.001909 0.537605 0.336917 0.026282 0.090995
-1.000000 -1.000000 -1.000000 -1.000000 -1.000000 -1.000000 -1.000000
-1.000000 -1.000000 -1.000000 -1.000000 -1.000000 -1.000000 -1.000000
-1.000000 -1.000000 -1.000000 -1.000000 -1.000000 -1.000000 -1.000000
-1.000000 -1.000000 -1.000000 -1.000000 -1.000000 -1.000000 -1.000000
-1.000000 -1.000000 -1.000000 -1.000000 -1.000000 -1.000000 -1.000000
-1.000000 -1.000000 -1.000000 -1.000000 -1.000000 -1.000000 -1.000000
0.000022 0.000004 0.000144 0.000007 0.002296 0.000129 0.997398
-1.000000 -1.000000 -1.000000 -1.000000 -1.000000 -1.000000 -1.000000
0.000000 0.000000 0.000000 0.000003 0.996923 0.000152 0.002921
0.000083 0.000134 0.003726 0.001127 0.272806 0.007481 0.714643
-1.000000 -1.000000 -1.000000 -1.000000 -1.000000 -1.000000 -1.000000
-1.000000 -1.000000 -1.000000 -1.000000 -1.000000 -1.000000 -1.000000
0.000016 0.000068 0.000849 0.000433 0.136267 0.018405 0.843963
0.000087 0.000123 0.000671 0.001038 0.175315 0.000193 0.822573
-1.000000 -1.000000 -1.000000 -1.000000 -1.000000 -1.000000 -1.000000
-1.000000 -1.000000 -1.000000 -1.000000 -1.000000 -1.000000 -1.000000
0.000181 0.000095 0.000421 0.526826 0.044819 0.000157 0.427502
-1.000000 -1.000000 -1.000000 -1.000000 -1.000000 -1.000000 -1.000000
-1.000000 -1.000000 -1.000000 -1.000000 -1.000000 -1.000000 -1.000000
-1.000000 -1.000000 -1.000000 -1.000000 -1.000000 -1.000000 -1.000000
-1.000000 -1.000000 -1.000000 -1.000000 -1.000000 -1.000000 -1.000000
-1.000000 -1.000000 -1.000000 -1.000000 -1.000000 -1.000000 -1.000000
-1.000000 -1.000000 -1.000000 -1.000000 -1.000000 -1.000000 -1.000000
0.001745 0.000093 0.001511 0.012911 0.097759 0.007618 0.878363
-1.000000 -1.000000 -1.000000 -1.000000 -1.000000 -1.000000 -1.000000
-1.000000 -1.000000 -1.000000 -1.000000 -1.000000 -1.000000 -1.000000
0.000022 0.000004 0.000144 0.000007 0.002296 0.000129 0.997398
-1.000000 -1.000000 -1.000000 -1.000000 -1.000000 -1.000000 -1.000000
-1.000000 -1.000000 -1.000000 -1.000000 -1.000000 -1.000000 -1.000000
0.002125 0.000475 0.003890 0.000072 0.021167 0.000166 0.972106
-1.000000 -1.000000 -1.000000 -1.000000 -1.000000 -1.000000 -1.000000
0.004245 0.000914 0.002593 0.000113 0.082161 0.043774 0.866199
-1.000000 -1.000000 -1.000000 -1.000000 -1.000000 -1.000000 -1.000000
0.000095 0.000126 0.003348 0.013860 0.013955 0.001588 0.967027
-1.000000 -1.000000 -1.000000 -1.000000 -1.000000 -1.000000 -1.000000
-1.000000 -1.000000 -1.000000 -1.000000 -1.000000 -1.000000 -1.000000
0.000003 0.000001 0.000039 0.000164 0.002444 0.000023 0.997327
-1.000000 -1.000000 -1.000000 -1.000000 -1.000000 -1.000000 -1.000000
0.001719 0.000029 0.002125 0.000128 0.001284 0.000178 0.994536
0.000007 0.000005 0.000100 0.000008 0.938015 0.006591 0.055274
0.000008 0.000015 0.000051 0.000281 0.251095 0.001836 0.746715
0.000017 0.000009 0.000117 0.001416 0.011966 0.000649 0.985825
0.000958 0.001288 0.019836 0.000046 0.061063 0.004283 0.912526
-1.000000 -1.000000 -1.000000 -1.000000 -1.000000 -1.000000 -1.000000
-1.000000 -1.000000 -1.000000 -1.000000 -1.000000 -1.000000 -1.000000
-1.000000 -1.000000 -1.000000 -1.000000 -1.000000 -1.000000 -1.000000
-1.000000 -1.000000 -1.000000 -1.000000 -1.000000 -1.000000 -1.000000
0.013764 0.000593 0.000445 0.070723 0.800309 0.036402 0.077765
-1.000000 -1.000000 -1.000000 -1.000000 -1.000000 -1.000000 -1.000000
-1.000000 -1.000000 -1.000000 -1.000000 -1.000000 -1.000000 -1.000000
-1.000000 -1.000000 -1.000000 -1.000000 -1.000000 -1.000000 -1.000000
-1.000000 -1.000000 -1.000000 -1.000000 -1.000000 -1.000000 -1.000000
0.004939 0.000972 0.000449 0.009519 0.826206 0.001287 0.156628
-1.000000 -1.000000 -1.000000 -1.000000 -1.000000 -1.000000 -1.000000
-1.000000 -1.000000 -1.000000 -1.000000 -1.000000 -1.000000 -1.000000
-1.000000 -1.000000 -1.000000 -1.000000 -1.000000 -1.000000 -1.000000
0.002141 0.000247 0.000013 0.000390 0.987884 0.002300 0.007026
-1.000000 -1.000000 -1.000000 -1.000000 -1.000000 -1.000000 -1.000000
0.003195 0.000232 0.000211 0.024071 0.453372 0.518683 0.000236
0.000007 0.000003 0.000109 0.000005 0.002065 0.000113 0.997698
0.000008 0.000001 0.000019 0.000176 0.003037 0.000286 0.996473
0.016646 0.002034 0.002102 0.024782 0.618223 0.002432 0.333780
0.000157 0.000056 0.000432 0.000171 0.085400 0.006815 0.906968
-1.000000 -1.000000 -1.000000 -1.000000 -1.000000 -1.000000 -1.000000
-1.000000 -1.000000 -1.000000 -1.000000 -1.000000 -1.000000 -1.000000
-1.000000 -1.000000 -1.000000 -1.000000 -1.000000 -1.000000 -1.000000
-1.000000 -1.000000 -1.000000 -1.000000 -1.000000 -1.000000 -1.000000
0.000331 0.000169 0.007503 0.081410 0.665040 0.001501 0.244047
0.280399 0.031261 0.000765 0.017432 0.585142 0.003017 0.081983
-1.000000 -1.000000 -1.000000 -1.000000 -1.000000 -1.000000 -1.000000
-1.000000 -1.000000 -1.000000 -1.000000 -1.000000 -1.000000 -1.000000
0.000552 0.000589 0.018549 0.000086 0.068518 0.001022 0.910683
-1.000000 -1.000000 -1.000000 -1.000000 -1.000000 -1.000000 -1.000000
-1.000000 -1.000000 -1.000000 -1.000000 -1.000000 -1.000000 -1.000000
-1.000000 -1.000000 -1.000000 -1.000000 -1.000000 -1.000000 -1.000000
-1.000000 -1.000000 -1.000000 -1.000000 -1.000000 -1.000000 -1.000000
0.002520 0.000121 0.000142 0.960457 0.003152 0.000448 0.033159
-1.000000 -1.000000 -1.000000 -1.000000 -1.000000 -1.000000 -1.000000
0.000066 0.000025 0.003892 0.000189 0.000354 0.000186 0.995288
0.000035 0.000018 0.004199 0.000242 0.000226 0.000073 0.995208
-1.000000 -1.000000 -1.000000 -1.000000 -1.000000 -1.000000 -1.000000
-1.000000 -1.000000 -1.000000 -1.000000 -1.000000 -1.000000 -1.000000
0.000076 0.000231 0.024640 0.012939 0.058535 0.010160 0.893419
-1.000000 -1.000000 -1.000000 -1.000000 -1.000000 -1.000000 -1.000000
-1.000000 -1.000000 -1.000000 -1.000000 -1.000000 -1.000000 -1.000000
0.121207 0.001209 0.000783 0.002043 0.654011 0.003859 0.216887
0.000001 0.000000 0.000010 0.000083 0.000037 0.000001 0.999867
-1.000000 -1.000000 -1.000000 -1.000000 -1.000000 -1.000000 -1.000000
-1.000000 -1.000000 -1.000000 -1.000000 -1.000000 -1.000000 -1.000000
-1.000000 -1.000000 -1.000000 -1.000000 -1.000000 -1.000000 -1.000000
-1.000000 -1.000000 -1.000000 -1.000000 -1.000000 -1.000000 -1.000000
-1.000000 -1.000000 -1.000000 -1.000000 -1.000000 -1.000000 -1.000000
0.000359 0.000017 0.000243 0.000109 0.079015 0.000249 0.920009
-1.000000 -1.000000 -1.000000 -1.000000 -1.000000 -1.000000 -1.000000
-1.000000 -1.000000 -1.000000 -1.000000 -1.000000 -1.000000 -1.000000
-1.000000 -1.000000 -1.000000 -1.000000 -1.000000 -1.000000 -1.000000
0.000992 0.000013 0.000898 0.000045 0.055738 0.000083 0.942231
0.005880 0.000397 0.001809 0.013223 0.003515 0.000165 0.975012
-1.000000 -1.000000 -1.000000 -1.000000 -1.000000 -1.000000 -1.000000
0.004704 0.002090 0.002177 0.000309 0.909217 0.011286 0.070217
-1.000000 -1.000000 -1.000000 -1.000000 -1.000000 -1.000000 -1.000000
-1.000000 -1.000000 -1.000000 -1.000000 -1.000000 -1.000000 -1.000000
0.000875 0.000480 0.000179 0.113550 0.440388 0.021815 0.422713
0.000935 0.000082 0.004098 0.001220 0.004432 0.000422 0.988812
-1.000000 -1.000000 -1.000000 -1.000000 -1.000000 -1.000000 -1.000000
0.006442 0.052098 0.000344 0.001070 0.895764 0.043590 0.000692
-1.000000 -1.000000 -1.000000 -1.000000 -1.000000 -1.000000 -1.000000
-1.000000 -1.000000 -1.000000 -1.000000 -1.000000 -1.000000 -1.000000
0.000014 0.000002 0.000030 0.000001 0.001473 0.000016 0.998465
-1.000000 -1.000000 -1.000000 -1.000000 -1.000000 -1.000000 -1.000000
-1.000000 -1.000000 -1.000000 -1.000000 -1.000000 -1.000000 -1.000000
-1.000000 -1.000000 -1.000000 -1.000000 -1.000000 -1.000000 -1.000000
-1.000000 -1.000000 -1.000000 -1.000000 -1.000000 -1.000000 -1.000000
-1.000000 -1.000000 -1.000000 -1.000000 -1.000000 -1.000000 -1.000000
-1.000000 -1.000000 -1.000000 -1.000000 -1.000000 -1.000000 -1.000000
0.000595 0.000321 0.000071 0.000230 0.142592 0.003985 0.852206
-1.000000 -1.000000 -1.000000 -1.000000 -1.000000 -1.000000 -1.000000
-1.000000 -1.000000 -1.000000 -1.000000 -1.000000 -1.000000 -1.000000
0.000051 0.000037 0.000148 0.000256 0.828593 0.055382 0.115533
0.000012 0.000001 0.000016 0.000825 0.003942 0.000105 0.995099
-1.000000 -1.000000 -1.000000 -1.000000 -1.000000 -1.000000 -1.000000
0.001208 0.002322 0.005822 0.000197 0.133895 0.000170 0.856386
-1.000000 -1.000000 -1.000000 -1.000000 -1.000000 -1.000000 -1.000000
-1.000000 -1.000000 -1.000000 -1.000000 -1.000000 -1.000000 -1.000000
-1.000000 -1.000000 -1.000000 -1.000000 -1.000000 -1.000000 -1.000000
0.000002 0.000003 0.000911 0.000029 0.009339 0.000440 0.989276
0.000404 0.000005 0.000100 0.000228 0.016193 0.000326 0.982743
-1.000000 -1.000000 -1.000000 -1.000000 -1.000000 -1.000000 -1.000000
-1.000000 -1.000000 -1.000000 -1.000000 -1.000000 -1.000000 -1.000000
-1.000000 -1.000000 -1.000000 -1.000000 -1.000000 -1.000000 -1.000000
-1.000000 -1.000000 -1.000000 -1.000000 -1.000000 -1.000000 -1.000000
0.000112 0.000139 0.001464 0.001618 0.318287 0.000668 0.677711
-1.000000 -1.000000 -1.000000 -1.000000 -1.000000 -1.000000 -1.000000
0.000004 0.000000 0.000006 0.977001 0.000005 0.000004 0.022981
-1.000000 -1.000000 -1.000000 -1.000000 -1.000000 -1.000000 -1.000000
0.001017 0.000075 0.000448 0.001017 0.141226 0.015194 0.841023
-1.000000 -1.000000 -1.000000 -1.000000 -1.000000 -1.000000 -1.000000
0.000513 0.000892 0.001768 0.000109 0.315576 0.003488 0.677654
-1.000000 -1.000000 -1.000000 -1.000000 -1.000000 -1.000000 -1.000000
0.000021 0.000053 0.003558 0.002845 0.064320 0.003674 0.925529
0.002999 0.000562 0.000763 0.000162 0.193817 0.002403 0.799294
-1.000000 -1.000000 -1.000000 -1.000000 -1.000000 -1.000000 -1.000000
-1.000000 -1.000000 -1.000000 -1.000000 -1.000000 -1.000000 -1.000000
0.001514 0.000007 0.000168 0.001305 0.016322 0.000161 0.980523
0.007895 0.000068 0.003045 0.000065 0.037890 0.001342 0.949693
-1.000000 -1.000000 -1.000000 -1.000000 -1.000000 -1.000000 -1.000000
-1.000000 -1.000000 -1.000000 -1.000000 -1.000000 -1.000000 -1.000000
0.000152 0.000081 0.000045 0.000694 0.248800 0.000584 0.749644
0.000143 0.000013 0.000284 0.000038 0.004954 0.000075 0.994493
-1.000000 -1.000000 -1.000000 -1.000000 -1.000000 -1.000000 -1.000000
-1.000000 -1.000000 -1.000000 -1.000000 -1.000000 -1.000000 -1.000000
-1.000000 -1.000000 -1.000000 -1.000000 -1.000000 -1.000000 -1.000000
0.232182 0.428998 0.000530 0.012193 0.265077 0.002930 0.058089
-1.000000 -1.000000 -1.000000 -1.000000 -1.000000 -1.000000 -1.000000
0.001256 0.000011 0.000606 0.000058 0.008875 0.000088 0.989106
-1.000000 -1.000000 -1.000000 -1.000000 -1.000000 -1.000000 -1.000000
-1.000000 -1.000000 -1.000000 -1.000000 -1.000000 -1.000000 -1.000000
-1.000000 -1.000000 -1.000000 -1.000000 -1.000000 -1.000000 -1.000000
-1.000000 -1.000000 -1.000000 -1.000000 -1.000000 -1.000000 -1.000000
0.000018 0.000014 0.038640 0.000003 0.002599 0.000024 0.958701
-1.000000 -1.000000 -1.000000 -1.000000 -1.000000 -1.000000 -1.000000
0.010458 0.000657 0.001404 0.007543 0.923495 0.030603 0.025839
-1.000000 -1.000000 -1.000000 -1.000000 -1.000000 -1.000000 -1.000000
0.004377 0.000080 0.005840 0.000060 0.000651 0.000020 0.988973
0.000124 0.000007 0.000074 0.001082 0.005698 0.001251 0.991763
-1.000000 -1.000000 -1.000000 -1.000000 -1.000000 -1.000000 -1.000000
0.001844 0.001519 0.002876 0.000714 0.518858 0.344170 0.130019
-1.000000 -1.000000 -1.000000 -1.000000 -1.000000 -1.000000 -1.000000
-1.000000 -1.000000 -1.000000 -1.000000 -1.000000 -1.000000 -1.000000
-1.000000 -1.000000 -1.000000 -1.000000 -1.000000 -1.000000 -1.000000
-1.000000 -1.000000 -1.000000 -1.000000 -1.000000 -1.000000 -1.000000
0.001959 0.000098 0.009790 0.000032 0.003802 0.000042 0.984276
0.016823 0.000117 0.003060 0.000562 0.268162 0.007687 0.703588
-1.000000 -1.000000 -1.000000 -1.000000 -1.000000 -1.000000 -1.000000
0.000000 0.000000 0.000001 0.997624 0.000004 0.000000 0.002370
-1.000000 -1.000000 -1.000000 -1.000000 -1.000000 -1.000000 -1.000000
-1.000000 -1.000000 -1.000000 -1.000000 -1.000000 -1.000000 -1.000000
0.000309 0.000188 0.001552 0.000311 0.153635 0.001929 0.842075
-1.000000 -1.000000 -1.000000 -1.000000 -1.000000 -1.000000 -1.000000
0.000006 0.000001 0.000278 0.000004 0.000331 0.000006 0.999374
0.000729 0.000824 0.000076 0.000563 0.849469 0.147756 0.000583
-1.000000 -1.000000 -1.000000 -1.000000 -1.000000 -1.000000 -1.000000
-1.000000 -1.000000 -1.000000 -1.000000 -1.000000 -1.000000 -1.000000
-1.000000 -1.000000 -1.000000 -1.000000 -1.000000 -1.000000 -1.000000
-1.000000 -1.000000 -1.000000 -1.000000 -1.000000 -1.000000 -1.000000
0.000120 0.000045 0.008123 0.003119 0.002130 0.000632 0.985831
-1.000000 -1.000000 -1.000000 -1.000000 -1.000000 -1.000000 -1.000000
0.000314 0.000113 0.017018 0.000011 0.058766 0.000501 0.923277
0.000015 0.000003 0.000024 0.000125 0.001441 0.000084 0.998307
-1.000000 -1.000000 -1.000000 -1.000000 -1.000000 -1.000000 -1.000000
-1.000000 -1.000000 -1.000000 -1.000000 -1.000000 -1.000000 -1.000000
-1.000000 -1.000000 -1.000000 -1.000000 -1.000000 -1.000000 -1.000000
0.000034 0.000052 0.000006 0.997129 0.001951 0.000029 0.000800
0.002715 0.002116 0.127798 0.000033 0.275795 0.001149 0.590393
-1.000000 -1.000000 -1.000000 -1.000000 -1.000000 -1.000000 -1.000000
-1.000000 -1.000000 -1.000000 -1.000000 -1.000000 -1.000000 -1.000000
0.000212 0.000018 0.000324 0.000045 0.943058 0.011056 0.045288
0.000021 0.000079 0.005136 0.000722 0.160970 0.012766 0.820305
0.001291 0.000178 0.025988 0.002372 0.019920 0.023468 0.926783
-1.000000 -1.000000 -1.000000 -1.000000 -1.000000 -1.000000 -1.000000
-1.000000 -1.000000 -1.000000 -1.000000 -1.000000 -1.000000 -1.000000
-1.000000 -1.000000 -1.000000 -1.000000 -1.000000 -1.000000 -1.000000
0.000238 0.000014 0.000890 0.000158 0.000310 0.000024 0.998367
-1.000000 -1.000000 -1.000000 -1.000000 -1.000000 -1.000000 -1.000000
0.000005 0.000004 0.000441 0.000049 0.000559 0.000052 0.998890
-1.000000 -1.000000 -1.000000 -1.000000 -1.000000 -1.000000 -1.000000
0.000195 0.000004 0.000005 0.000037 0.984310 0.000244 0.015206
0.012882 0.010447 0.002492 0.005560 0.717839 0.169093 0.081687
0.000535 0.000192 0.034672 0.000137 0.307491 0.011715 0.645256
0.001733 0.000013 0.001521 0.000020 0.006492 0.000079 0.990141
0.000169 0.000075 0.000287 0.000427 0.334386 0.000730 0.663927
-1.000000 -1.000000 -1.000000 -1.000000 -1.000000 -1.000000 -1.000000
-1.000000 -1.000000 -1.000000 -1.000000 -1.000000 -1.000000 -1.000000
-1.000000 -1.000000 -1.000000 -1.000000 -1.000000 -1.000000 -1.000000
0.000795 0.000079 0.002365 0.002527 0.029146 0.000825 0.964263
-1.000000 -1.000000 -1.000000 -1.000000 -1.000000 -1.000000 -1.000000
-1.000000 -1.000000 -1.000000 -1.000000 -1.000000 -1.000000 -1.000000
0.081158 0.006551 0.019811 0.051579 0.204087 0.016059 0.620755
0.002056 0.000629 0.673835 0.000089 0.029616 0.000142 0.293633
0.000075 0.000125 0.014582 0.000264 0.039999 0.050442 0.894514
-1.000000 -1.000000 -1.000000 -1.000000 -1.000000 -1.000000 -1.000000
-1.000000 -1.000000 -1.000000 -1.000000 -1.000000 -1.000000 -1.000000
-1.000000 -1.000000 -1.000000 -1.000000 -1.000000 -1.000000 -1.000000
-1.000000 -1.000000 -1.000000 -1.000000 -1.000000 -1.000000 -1.000000
-1.000000 -1.000000 -1.000000 -1.000000 -1.000000 -1.000000 -1.000000
-1.000000 -1.000000 -1.000000 -1.000000 -1.000000 -1.000000 -1.000000
-1.000000 -1.000000 -1.000000 -1.000000 -1.000000 -1.000000 -1.000000
0.001718 0.000589 0.168460 0.001242 0.075625 0.002259 0.750108
0.332832 0.343261 0.003258 0.004192 0.284991 0.019904 0.011562
-1.000000 -1.000000 -1.000000 -1.000000 -1.000000 -1.000000 -1.000000
0.000013 0.000003 0.000694 0.000008 0.001208 0.000110 0.997964
-1.000000 -1.000000 -1.000000 -1.000000 -1.000000 -1.000000 -1.000000
0.000014 0.000040 0.004565 0.000006 0.004844 0.000288 0.990243
0.000003 0.000007 0.055672 0.000003 0.000224 0.000035 0.944055
-1.000000 -1.000000 -1.000000 -1.000000 -1.000000 -1.000000 -1.000000
-1.000000 -1.000000 -1.000000 -1.000000 -1.000000 -1.000000 -1.000000
-1.000000 -1.000000 -1.000000 -1.000000 -1.000000 -1.000000 -1.000000
0.000192 0.000020 0.000028 0.000351 0.009940 0.000403 0.989067
0.000188 0.000095 0.000743 0.000212 0.598218 0.004908 0.395636
0.000287 0.000063 0.000083 0.970284 0.002285 0.007730 0.019269
0.000807 0.000442 0.001012 0.830996 0.078035 0.087072 0.001636
-1.000000 -1.000000 -1.000000 -1.000000 -1.000000 -1.000000 -1.000000
-1.000000 -1.000000 -1.000000 -1.000000 -1.000000 -1.000000 -1.000000
-1.000000 -1.000000 -1.000000 -1.000000 -1.000000 -1.000000 -1.000000
-1.000000 -1.000000 -1.000000 -1.000000 -1.000000 -1.000000 -1.000000
-1.000000 -1.000000 -1.000000 -1.000000 -1.000000 -1.000000 -1.000000
0.000047 0.000010 0.000284 0.003982 0.866740 0.000428 0.128509
-1.000000 -1.000000 -1.000000 -1.000000 -1.000000 -1.000000 -1.000000
-1.000000 -1.000000 -1.000000 -1.000000 -1.000000 -1.000000 -1.000000
0.000006 0.000005 0.000069 0.000007 0.347685 0.000503 0.651726
-1.000000 -1.000000 -1.000000 -1.000000 -1.000000 -1.000000 -1.000000
-1.000000 -1.000000 -1.000000 -1.000000 -1.000000 -1.000000 -1.000000
-1.000000 -1.000000 -1.000000 -1.000000 -1.000000 -1.000000 -1.000000
-1.000000 -1.000000 -1.000000 -1.000000 -1.000000 -1.000000 -1.000000
0.000567 0.000029 0.000024 0.988092 0.009813 0.001388 0.000087
0.000989 0.000487 0.004754 0.000502 0.902239 0.013636 0.077392
-1.000000 -1.000000 -1.000000 -1.000000 -1.000000 -1.000000 -1.000000
0.000042 0.000017 0.000014 0.023909 0.520343 0.007145 0.448530
0.001451 0.000052 0.000846 0.000353 0.172015 0.003213 0.822071
0.001633 0.000010 0.000031 0.884127 0.000054 0.000002 0.114142
0.000379 0.000260 0.001890 0.000116 0.039827 0.000598 0.956930
-1.000000 -1.000000 -1.000000 -1.000000 -1.000000 -1.000000 -1.000000
-1.000000 -1.000000 -1.000000 -1.000000 -1.000000 -1.000000 -1.000000
0.000037 0.000033 0.000064 0.000043 0.979611 0.000569 0.019644
-1.000000 -1.000000 -1.000000 -1.000000 -1.000000 -1.000000 -1.000000
0.000715 0.000558 0.001485 0.000409 0.901749 0.001008 0.094076
-1.000000 -1.000000 -1.000000 -1.000000 -1.000000 -1.000000 -1.000000
0.000468 0.000010 0.000496 0.000088 0.017443 0.000080 0.981416
0.000247 0.000067 0.000090 0.001442 0.734989 0.011041 0.252123
-1.000000 -1.000000 -1.000000 -1.000000 -1.000000 -1.000000 -1.000000
-1.000000 -1.000000 -1.000000 -1.000000 -1.000000 -1.000000 -1.000000
0.020688 0.003873 0.234581 0.037044 0.012284 0.011563 0.679967
0.000015 0.000147 0.001777 0.030847 0.032986 0.000979 0.933250
-1.000000 -1.000000 -1.000000 -1.000000 -1.000000 -1.000000 -1.000000
-1.000000 -1.000000 -1.000000 -1.000000 -1.000000 -1.000000 -1.000000
0.000030 0.000003 0.000238 0.000010 0.017573 0.000215 0.981931
-1.000000 -1.000000 -1.000000 -1.000000 -1.000000 -1.000000 -1.000000
-1.000000 -1.000000 -1.000000 -1.000000 -1.000000 -1.000000 -1.000000
-1.000000 -1.000000 -1.000000 -1.000000 -1.000000 -1.000000 -1.000000
-1.000000 -1.000000 -1.000000 -1.000000 -1.000000 -1.000000 -1.000000
-1.000000 -1.000000 -1.000000 -1.000000 -1.000000 -1.000000 -1.000000
-1.000000 -1.000000 -1.000000 -1.000000 -1.000000 -1.000000 -1.000000
-1.000000 -1.000000 -1.000000 -1.000000 -1.000000 -1.000000 -1.000000
0.000067 0.000063 0.000110 0.000255 0.688819 0.001835 0.308850
0.000036 0.000005 0.000692 0.000216 0.000518 0.000111 0.998423
-1.000000 -1.000000 -1.000000 -1.000000 -1.000000 -1.000000 -1.000000
-1.000000 -1.000000 -1.000000 -1.000000 -1.000000 -1.000000 -1.000000
0.699262 0.000430 0.000503 0.000325 0.049043 0.000218 0.250218
0.006856 0.000146 0.000373 0.000244 0.979813 0.001120 0.011448
0.000164 0.000096 0.000592 0.000073 0.475003 0.002140 0.521933
-1.000000 -1.000000 -1.000000 -1.000000 -1.000000 -1.000000 -1.000000
0.000577 0.000011 0.001171 0.001225 0.003222 0.002222 0.991572
-1.000000 -1.000000 -1.000000 -1.000000 -1.000000 -1.000000 -1.000000
0.000015 0.000029 0.000009 0.996392 0.001393 0.000273 0.001889
-1.000000 -1.000000 -1.000000 -1.000000 -1.000000 -1.000000 -1.000000
-1.000000 -1.000000 -1.000000 -1.000000 -1.000000 -1.000000 -1.000000
0.000231 0.000018 0.000147 0.000311 0.238927 0.006466 0.753900
-1.000000 -1.000000 -1.000000 -1.000000 -1.000000 -1.000000 -1.000000
-1.000000 -1.000000 -1.000000 -1.000000 -1.000000 -1.000000 -1.000000
0.001024 0.000148 0.023165 0.036958 0.002970 0.000054 0.935682
-1.000000 -1.000000 -1.000000 -1.000000 -1.000000 -1.000000 -1.000000
-1.000000 -1.000000 -1.000000 -1.000000 -1.000000 -1.000000 -1.000000
-1.000000 -1.000000 -1.000000 -1.000000 -1.000000 -1.000000 -1.000000
-1.000000 -1.000000 -1.000000 -1.000000 -1.000000 -1.000000 -1.000000
-1.000000 -1.000000 -1.000000 -1.000000 -1.000000 -1.000000 -1.000000
-1.000000 -1.000000 -1.000000 -1.000000 -1.000000 -1.000000 -1.000000
-1.000000 -1.000000 -1.000000 -1.000000 -1.000000 -1.000000 -1.000000
-1.000000 -1.000000 -1.000000 -1.000000 -1.000000 -1.000000 -1.000000
-1.000000 -1.000000 -1.000000 -1.000000 -1.000000 -1.000000 -1.000000
0.018562 0.000691 0.004226 0.009738 0.850652 0.011618 0.104513
-1.000000 -1.000000 -1.000000 -1.000000 -1.000000 -1.000000 -1.000000
0.000025 0.000000 0.000042 0.000010 0.000407 0.000057 0.999458
-1.000000 -1.000000 -1.000000 -1.000000 -1.000000 -1.000000 -1.000000
-1.000000 -1.000000 -1.000000 -1.000000 -1.000000 -1.000000 -1.000000
0.001522 0.001122 0.023329 0.000158 0.070673 0.007696 0.895500
0.000327 0.000080 0.000520 0.002819 0.123358 0.006557 0.866339
0.001844 0.001519 0.002876 0.000714 0.518858 0.344170 0.130019
-1.000000 -1.000000 -1.000000 -1.000000 -1.000000 -1.000000 -1.000000
-1.000000 -1.000000 -1.000000 -1.000000 -1.000000 -1.000000 -1.000000
-1.000000 -1.000000 -1.000000 -1.000000 -1.000000 -1.000000 -1.000000
-1.000000 -1.000000 -1.000000 -1.000000 -1.000000 -1.000000 -1.000000
-1.000000 -1.000000 -1.000000 -1.000000 -1.000000 -1.000000 -1.000000
-1.000000 -1.000000 -1.000000 -1.000000 -1.000000 -1.000000 -1.000000
-1.000000 -1.000000 -1.000000 -1.000000 -1.000000 -1.000000 -1.000000
-1.000000 -1.000000 -1.000000 -1.000000 -1.000000 -1.000000 -1.000000
-1.000000 -1.000000 -1.000000 -1.000000 -1.000000 -1.000000 -1.000000
-1.000000 -1.000000 -1.000000 -1.000000 -1.000000 -1.000000 -1.000000
-1.000000 -1.000000 -1.000000 -1.000000 -1.000000 -1.000000 -1.000000
0.003272 0.000012 0.000254 0.000368 0.076215 0.000508 0.919371
0.000203 0.000147 0.333556 0.000184 0.010019 0.000548 0.655343
-1.000000 -1.000000 -1.000000 -1.000000 -1.000000 -1.000000 -1.000000
0.000098 0.000037 0.000228 0.000135 0.757390 0.001802 0.240310
0.004377 0.000080 0.005840 0.000060 0.000651 0.000020 0.988973
0.000264 0.000004 0.000003 0.997100 0.000021 0.000002 0.002606
0.001359 0.001151 0.113316 0.001026 0.038418 0.004020 0.840711
0.000154 0.000052 0.000038 0.000228 0.214983 0.000637 0.783909
-1.000000 -1.000000 -1.000000 -1.000000 -1.000000 -1.000000 -1.000000
-1.000000 -1.000000 -1.000000 -1.000000 -1.000000 -1.000000 -1.000000
-1.000000 -1.000000 -1.000000 -1.000000 -1.000000 -1.000000 -1.000000
0.000029 0.000010 0.000478 0.000228 0.006972 0.000877 0.991406
-1.000000 -1.000000 -1.000000 -1.000000 -1.000000 -1.000000 -1.000000
-1.000000 -1.000000 -1.000000 -1.000000 -1.000000 -1.000000 -1.000000
-1.000000 -1.000000 -1.000000 -1.000000 -1.000000 -1.000000 -1.000000
0.000532 0.000699 0.008572 0.658259 0.023103 0.000405 0.308430
0.000278 0.000387 0.018809 0.000013 0.014488 0.002773 0.963253
0.000293 0.000319 0.000414 0.000071 0.178981 0.000729 0.819193
-1.000000 -1.000000 -1.000000 -1.000000 -1.000000 -1.000000 -1.000000
0.000003 0.000003 0.012474 0.000015 0.004206 0.000028 0.983270
-1.000000 -1.000000 -1.000000 -1.000000 -1.000000 -1.000000 -1.000000
-1.000000 -1.000000 -1.000000 -1.000000 -1.000000 -1.000000 -1.000000
-1.000000 -1.000000 -1.000000 -1.000000 -1.000000 -1.000000 -1.000000
-1.000000 -1.000000 -1.000000 -1.000000 -1.000000 -1.000000 -1.000000
-1.000000 -1.000000 -1.000000 -1.000000 -1.000000 -1.000000 -1.000000
-1.000000 -1.000000 -1.000000 -1.000000 -1.000000 -1.000000 -1.000000
0.012882 0.010447 0.002492 0.005560 0.717839 0.169093 0.081687
-1.000000 -1.000000 -1.000000 -1.000000 -1.000000 -1.000000 -1.000000
-1.000000 -1.000000 -1.000000 -1.000000 -1.000000 -1.000000 -1.000000
-1.000000 -1.000000 -1.000000 -1.000000 -1.000000 -1.000000 -1.000000
0.000001 0.000001 0.000052 0.996924 0.000010 0.000001 0.003010
-1.000000 -1.000000 -1.000000 -1.000000 -1.000000 -1.000000 -1.000000
0.000150 0.000073 0.002119 0.000098 0.017182 0.000100 0.980279
-1.000000 -1.000000 -1.000000 -1.000000 -1.000000 -1.000000 -1.000000
0.018480 0.000158 0.005018 0.000275 0.004105 0.001401 0.970564
-1.000000 -1.000000 -1.000000 -1.000000 -1.000000 -1.000000 -1.000000
-1.000000 -1.000000 -1.000000 -1.000000 -1.000000 -1.000000 -1.000000
0.004728 0.000414 0.000244 0.006063 0.964580 0.009985 0.013986
0.000774 0.000058 0.003683 0.000095 0.049568 0.007779 0.938043
-1.000000 -1.000000 -1.000000 -1.000000 -1.000000 -1.000000 -1.000000
-1.000000 -1.000000 -1.000000 -1.000000 -1.000000 -1.000000 -1.000000
-1.000000 -1.000000 -1.000000 -1.000000 -1.000000 -1.000000 -1.000000
0.000710 0.000010 0.011269 0.000067 0.000623 0.000347 0.986975
-1.000000 -1.000000 -1.000000 -1.000000 -1.000000 -1.000000 -1.000000
-1.000000 -1.000000 -1.000000 -1.000000 -1.000000 -1.000000 -1.000000
0.000363 0.000113 0.000037 0.000185 0.941264 0.000301 0.057738
-1.000000 -1.000000 -1.000000 -1.000000 -1.000000 -1.000000 -1.000000
-1.000000 -1.000000 -1.000000 -1.000000 -1.000000 -1.000000 -1.000000
0.004288 0.000781 0.008516 0.023319 0.145564 0.011725 0.805806
-1.000000 -1.000000 -1.000000 -1.000000 -1.000000 -1.000000 -1.000000
0.026094 0.000326 0.009896 0.007027 0.107243 0.043512 0.805902
-1.000000 -1.000000 -1.000000 -1.000000 -1.000000 -1.000000 -1.000000
-1.000000 -1.000000 -1.000000 -1.000000 -1.000000 -1.000000 -1.000000
0.000012 0.000007 0.000195 0.000019 0.073369 0.061614 0.864785
0.000056 0.000019 0.000772 0.000511 0.022130 0.003515 0.972997
0.000232 0.000003 0.000246 0.000028 0.001558 0.000496 0.997437
0.000011 0.000030 0.000193 0.000004 0.273716 0.000765 0.725280
-1.000000 -1.000000 -1.000000 -1.000000 -1.000000 -1.000000 -1.000000
-1.000000 -1.000000 -1.000000 -1.000000 -1.000000 -1.000000 -1.000000
0.000001 0.000003 0.000055 0.000000 0.057498 0.000051 0.942392
0.000794 0.000234 0.023882 0.000025 0.027853 0.000379 0.946832
0.001562 0.000091 0.004975 0.002287 0.002306 0.000451 0.988328
0.000369 0.000088 0.017748 0.000361 0.003857 0.006606 0.970970
-1.000000 -1.000000 -1.000000 -1.000000 -1.000000 -1.000000 -1.000000
0.001200 0.002184 0.001603 0.025345 0.755183 0.010964 0.203521
0.000487 0.000349 0.000067 0.001409 0.580291 0.000175 0.417222
-1.000000 -1.000000 -1.000000 -1.000000 -1.000000 -1.000000 -1.000000
0.000016 0.000021 0.000031 0.000010 0.302547 0.000612 0.696764
-1.000000 -1.000000 -1.000000 -1.000000 -1.000000 -1.000000 -1.000000
-1.000000 -1.000000 -1.000000 -1.000000 -1.000000 -1.000000 -1.000000
-1.000000 -1.000000 -1.000000 -1.000000 -1.000000 -1.000000 -1.000000
0.000226 0.000784 0.009714 0.002031 0.213285 0.001373 0.772587
-1.000000 -1.000000 -1.000000 -1.000000 -1.000000 -1.000000 -1.000000
-1.000000 -1.000000 -1.000000 -1.000000 -1.000000 -1.000000 -1.000000
-1.000000 -1.000000 -1.000000 -1.000000 -1.000000 -1.000000 -1.000000
-1.000000 -1.000000 -1.000000 -1.000000 -1.000000 -1.000000 -1.000000
0.035014 0.018584 0.000043 0.000786 0.920428 0.020010 0.005135
-1.000000 -1.000000 -1.000000 -1.000000 -1.000000 -1.000000 -1.000000
0.003172 0.000088 0.000296 0.759888 0.000930 0.000431 0.235195
-1.000000 -1.000000 -1.000000 -1.000000 -1.000000 -1.000000 -1.000000
-1.000000 -1.000000 -1.000000 -1.000000 -1.000000 -1.000000 -1.000000
-1.000000 -1.000000 -1.000000 -1.000000 -1.000000 -1.000000 -1.000000
-1.000000 -1.000000 -1.000000 -1.000000 -1.000000 -1.000000 -1.000000
-1.000000 -1.000000 -1.000000 -1.000000 -1.000000 -1.000000 -1.000000
-1.000000 -1.000000 -1.000000 -1.000000 -1.000000 -1.000000 -1.000000
0.000751 0.000515 0.001555 0.812548 0.009767 0.003141 0.171724
-1.000000 -1.000000 -1.000000 -1.000000 -1.000000 -1.000000 -1.000000
0.000032 0.000002 0.000027 0.000767 0.009221 0.000151 0.989800
-1.000000 -1.000000 -1.000000 -1.000000 -1.000000 -1.000000 -1.000000
-1.000000 -1.000000 -1.000000 -1.000000 -1.000000 -1.000000 -1.000000
-1.000000 -1.000000 -1.000000 -1.000000 -1.000000 -1.000000 -1.000000
0.001219 0.000287 0.024673 0.001589 0.014680 0.000386 0.957166
-1.000000 -1.000000 -1.000000 -1.000000 -1.000000 -1.000000 -1.000000
0.000791 0.000249 0.003505 0.001420 0.376932 0.003517 0.613585
-1.000000 -1.000000 -1.000000 -1.000000 -1.000000 -1.000000 -1.000000
0.000001 0.000001 0.000001 0.000003 0.953542 0.006472 0.039979
-1.000000 -1.000000 -1.000000 -1.000000 -1.000000 -1.000000 -1.000000
-1.000000 -1.000000 -1.000000 -1.000000 -1.000000 -1.000000 -1.000000
-1.000000 -1.000000 -1.000000 -1.000000 -1.000000 -1.000000 -1.000000
0.000079 0.000016 0.000036 0.000011 0.331593 0.000178 0.668087
-1.000000 -1.000000 -1.000000 -1.000000 -1.000000 -1.000000 -1.000000
-1.000000 -1.000000 -1.000000 -1.000000 -1.000000 -1.000000 -1.000000
-1.000000 -1.000000 -1.000000 -1.000000 -1.000000 -1.000000 -1.000000
-1.000000 -1.000000 -1.000000 -1.000000 -1.000000 -1.000000 -1.000000
-1.000000 -1.000000 -1.000000 -1.000000 -1.000000 -1.000000 -1.000000
0.002822 0.000942 0.002530 0.013668 0.243748 0.004351 0.731939
-1.000000 -1.000000 -1.000000 -1.000000 -1.000000 -1.000000 -1.000000
-1.000000 -1.000000 -1.000000 -1.000000 -1.000000 -1.000000 -1.000000
-1.000000 -1.000000 -1.000000 -1.000000 -1.000000 -1.000000 -1.000000
-1.000000 -1.000000 -1.000000 -1.000000 -1.000000 -1.000000 -1.000000
-1.000000 -1.000000 -1.000000 -1.000000 -1.000000 -1.000000 -1.000000
-1.000000 -1.000000 -1.000000 -1.000000 -1.000000 -1.000000 -1.000000
-1.000000 -1.000000 -1.000000 -1.000000 -1.000000 -1.000000 -1.000000
-1.000000 -1.000000 -1.000000 -1.000000 -1.000000 -1.000000 -1.000000
-1.000000 -1.000000 -1.000000 -1.000000 -1.000000 -1.000000 -1.000000
-1.000000 -1.000000 -1.000000 -1.000000 -1.000000 -1.000000 -1.000000
0.011626 0.001303 0.093661 0.001764 0.021628 0.008196 0.861823
-1.000000 -1.000000 -1.000000 -1.000000 -1.000000 -1.000000 -1.000000
0.000868 0.000561 0.001481 0.001440 0.796753 0.017854 0.181042
0.000559 0.000185 0.009918 0.001262 0.139837 0.020989 0.827252
-1.000000 -1.000000 -1.000000 -1.000000 -1.000000 -1.000000 -1.000000
0.000038 0.000670 0.036149 0.000117 0.002637 0.912986 0.047404
0.000300 0.000006 0.000680 0.000058 0.000270 0.000030 0.998655
-1.000000 -1.000000 -1.000000 -1.000000 -1.000000 -1.000000 -1.000000
-1.000000 -1.000000 -1.000000 -1.000000 -1.000000 -1.000000 -1.000000
0.000721 0.000040 0.001658 0.000062 0.000426 0.000028 0.997065
-1.000000 -1.000000 -1.000000 -1.000000 -1.000000 -1.000000 -1.000000
0.002056 0.000629 0.673835 0.000089 0.029616 0.000142 0.293633
-1.000000 -1.000000 -1.000000 -1.000000 -1.000000 -1.000000 -1.000000
-1.000000 -1.000000 -1.000000 -1.000000 -1.000000 -1.000000 -1.000000
0.000209 0.000085 0.000212 0.000533 0.683045 0.005361 0.310556
-1.000000 -1.000000 -1.000000 -1.000000 -1.000000 -1.000000 -1.000000
-1.000000 -1.000000 -1.000000 -1.000000 -1.000000 -1.000000 -1.000000
-1.000000 -1.000000 -1.000000 -1.000000 -1.000000 -1.000000 -1.000000
0.005028 0.000185 0.001946 0.209566 0.000460 0.000073 0.782742
0.001962 0.000010 0.000030 0.857451 0.000028 0.000037 0.140483
0.002725 0.000378 0.004186 0.000464 0.881717 0.016802 0.093728
0.000148 0.000074 0.000460 0.937958 0.003386 0.000132 0.057842
-1.000000 -1.000000 -1.000000 -1.000000 -1.000000 -1.000000 -1.000000
0.000035 0.000016 0.000306 0.000221 0.004114 0.000334 0.994975
0.000184 0.000047 0.000129 0.981659 0.002220 0.000573 0.015189
-1.000000 -1.000000 -1.000000 -1.000000 -1.000000 -1.000000 -1.000000
0.000155 0.000055 0.000256 0.000011 0.986540 0.002117 0.010865
-1.000000 -1.000000 -1.000000 -1.000000 -1.000000 -1.000000 -1.000000
-1.000000 -1.000000 -1.000000 -1.000000 -1.000000 -1.000000 -1.000000
-1.000000 -1.000000 -1.000000 -1.000000 -1.000000 -1.000000 -1.000000
0.000568 0.000307 0.009361 0.000529 0.442529 0.010408 0.536298
-1.000000 -1.000000 -1.000000 -1.000000 -1.000000 -1.000000 -1.000000
-1.000000 -1.000000 -1.000000 -1.000000 -1.000000 -1.000000 -1.000000
-1.000000 -1.000000 -1.000000 -1.000000 -1.000000 -1.000000 -1.000000
0.000115 0.000018 0.003722 0.000647 0.008895 0.000385 0.986219
0.017670 0.000120 0.000962 0.237199 0.003879 0.001394 0.738774
0.001879 0.000301 0.006323 0.000032 0.000801 0.000016 0.990647
0.000334 0.002344 0.122944 0.000339 0.127215 0.055804 0.691020
-1.000000 -1.000000 -1.000000 -1.000000 -1.000000 -1.000000 -1.000000
-1.000000 -1.000000 -1.000000 -1.000000 -1.000000 -1.000000 -1.000000
-1.000000 -1.000000 -1.000000 -1.000000 -1.000000 -1.000000 -1.000000
-1.000000 -1.000000 -1.000000 -1.000000 -1.000000 -1.000000 -1.000000
-1.000000 -1.000000 -1.000000 -1.000000 -1.000000 -1.000000 -1.000000
-1.000000 -1.000000 -1.000000 -1.000000 -1.000000 -1.000000 -1.000000
0.002234 0.000622 0.009445 0.334715 0.001359 0.220860 0.430765
0.000123 0.000024 0.000078 0.000123 0.026048 0.000547 0.973058
-1.000000 -1.000000 -1.000000 -1.000000 -1.000000 -1.000000 -1.000000
-1.000000 -1.000000 -1.000000 -1.000000 -1.000000 -1.000000 -1.000000
0.000047 0.000012 0.000238 0.000021 0.002657 0.000157 0.996868
-1.000000 -1.000000 -1.000000 -1.000000 -1.000000 -1.000000 -1.000000
-1.000000 -1.000000 -1.000000 -1.000000 -1.000000 -1.000000 -1.000000
-1.000000 -1.000000 -1.000000 -1.000000 -1.000000 -1.000000 -1.000000
-1.000000 -1.000000 -1.000000 -1.000000 -1.000000 -1.000000 -1.000000
-1.000000 -1.000000 -1.000000 -1.000000 -1.000000 -1.000000 -1.000000
-1.000000 -1.000000 -1.000000 -1.000000 -1.000000 -1.000000 -1.000000
-1.000000 -1.000000 -1.000000 -1.000000 -1.000000 -1.000000 -1.000000
-1.000000 -1.000000 -1.000000 -1.000000 -1.000000 -1.000000 -1.000000
-1.000000 -1.000000 -1.000000 -1.000000 -1.000000 -1.000000 -1.000000
-1.000000 -1.000000 -1.000000 -1.000000 -1.000000 -1.000000 -1.000000
0.000528 0.000059 0.000013 0.000081 0.170343 0.000387 0.828589
-1.000000 -1.000000 -1.000000 -1.000000 -1.000000 -1.000000 -1.000000
-1.000000 -1.000000 -1.000000 -1.000000 -1.000000 -1.000000 -1.000000
0.000557 0.000628 0.280370 0.000087 0.002100 0.008151 0.708106
-1.000000 -1.000000 -1.000000 -1.000000 -1.000000 -1.000000 -1.000000
0.420001 0.018982 0.021258 0.000589 0.032154 0.006010 0.501006
0.010458 0.000657 0.001404 0.007543 0.923495 0.030603 0.025839
0.000793 0.000613 0.000160 0.000194 0.946394 0.000256 0.051590
-1.000000 -1.000000 -1.000000 -1.000000 -1.000000 -1.000000 -1.000000
0.000461 0.000023 0.000641 0.000122 0.048127 0.000165 0.950461
-1.000000 -1.000000 -1.000000 -1.000000 -1.000000 -1.000000 -1.000000
0.000045 0.000002 0.000009 0.000009 0.010438 0.000389 0.989109
-1.000000 -1.000000 -1.000000 -1.000000 -1.000000 -1.000000 -1.000000
-1.000000 -1.000000 -1.000000 -1.000000 -1.000000 -1.000000 -1.000000
0.000381 0.000083 0.002469 0.001529 0.448381 0.001585 0.545572
0.000612 0.000074 0.009966 0.000005 0.005716 0.000085 0.983543
-1.000000 -1.000000 -1.000000 -1.000000 -1.000000 -1.000000 -1.000000
0.007442 0.000339 0.000746 0.483023 0.015278 0.002035 0.491137
-1.000000 -1.000000 -1.000000 -1.000000 -1.000000 -1.000000 -1.000000
0.000175 0.000016 0.000825 0.000181 0.009956 0.001640 0.987206
-1.000000 -1.000000 -1.000000 -1.000000 -1.000000 -1.000000 -1.000000
-1.000000 -1.000000 -1.000000 -1.000000 -1.000000 -1.000000 -1.000000
0.000032 0.000002 0.000013 0.000012 0.002718 0.000111 0.997112
-1.000000 -1.000000 -1.000000 -1.000000 -1.000000 -1.000000 -1.000000
0.000069 0.000037 0.004962 0.000048 0.018669 0.008029 0.968186
-1.000000 -1.000000 -1.000000 -1.000000 -1.000000 -1.000000 -1.000000
-1.000000 -1.000000 -1.000000 -1.000000 -1.000000 -1.000000 -1.000000
-1.000000 -1.000000 -1.000000 -1.000000 -1.000000 -1.000000 -1.000000
-1.000000 -1.000000 -1.000000 -1.000000 -1.000000 -1.000000 -1.000000
0.000033 0.000040 0.011596 0.000044 0.002764 0.000199 0.985325
-1.000000 -1.000000 -1.000000 -1.000000 -1.000000 -1.000000 -1.000000
-1.000000 -1.000000 -1.000000 -1.000000 -1.000000 -1.000000 -1.000000
-1.000000 -1.000000 -1.000000 -1.000000 -1.000000 -1.000000 -1.000000
-1.000000 -1.000000 -1.000000 -1.000000 -1.000000 -1.000000 -1.000000
-1.000000 -1.000000 -1.000000 -1.000000 -1.000000 -1.000000 -1.000000
-1.000000 -1.000000 -1.000000 -1.000000 -1.000000 -1.000000 -1.000000
-1.000000 -1.000000 -1.000000 -1.000000 -1.000000 -1.000000 -1.000000
-1.000000 -1.000000 -1.000000 -1.000000 -1.000000 -1.000000 -1.000000
-1.000000 -1.000000 -1.000000 -1.000000 -1.000000 -1.000000 -1.000000
-1.000000 -1.000000 -1.000000 -1.000000 -1.000000 -1.000000 -1.000000
-1.000000 -1.000000 -1.000000 -1.000000 -1.000000 -1.000000 -1.000000
-1.000000 -1.000000 -1.000000 -1.000000 -1.000000 -1.000000 -1.000000
-1.000000 -1.000000 -1.000000 -1.000000 -1.000000 -1.000000 -1.000000
0.000057 0.000085 0.001089 0.003165 0.010127 0.000855 0.984621
0.000334 0.002344 0.122944 0.000339 0.127215 0.055804 0.691020
0.000315 0.000107 0.000494 0.000006 0.943205 0.000940 0.054932
-1.000000 -1.000000 -1.000000 -1.000000 -1.000000 -1.000000 -1.000000
-1.000000 -1.000000 -1.000000 -1.000000 -1.000000 -1.000000 -1.000000
0.000280 0.000029 0.002918 0.003369 0.001348 0.000307 0.991750
-1.000000 -1.000000 -1.000000 -1.000000 -1.000000 -1.000000 -1.000000
-1.000000 -1.000000 -1.000000 -1.000000 -1.000000 -1.000000 -1.000000
0.000881 0.000019 0.009763 0.000029 0.001274 0.000139 0.987896
-1.000000 -1.000000 -1.000000 -1.000000 -1.000000 -1.000000 -1.000000
-1.000000 -1.000000 -1.000000 -1.000000 -1.000000 -1.000000 -1.000000
0.000238 0.000235 0.047836 0.000076 0.000972 0.000251 0.950392
-1.000000 -1.000000 -1.000000 -1.000000 -1.000000 -1.000000 -1.000000
0.000992 0.000013 0.000898 0.000045 0.055738 0.000083 0.942231
-1.000000 -1.000000 -1.000000 -1.000000 -1.000000 -1.000000 -1.000000
0.000041 0.000013 0.000039 0.000082 0.559247 0.001525 0.439053
-1.000000 -1.000000 -1.000000 -1.000000 -1.000000 -1.000000 -1.000000
-1.000000 -1.000000 -1.000000 -1.000000 -1.000000 -1.000000 -1.000000
-1.000000 -1.000000 -1.000000 -1.000000 -1.000000 -1.000000 -1.000000
0.000013 0.000003 0.000029 0.000037 0.002919 0.000136 0.996863
-1.000000 -1.000000 -1.000000 -1.000000 -1.000000 -1.000000 -1.000000
-1.000000 -1.000000 -1.000000 -1.000000 -1.000000 -1.000000 -1.000000
0.000012 0.000021 0.003146 0.000041 0.521945 0.005750 0.469085
-1.000000 -1.000000 -1.000000 -1.000000 -1.000000 -1.000000 -1.000000
-1.000000 -1.000000 -1.000000 -1.000000 -1.000000 -1.000000 -1.000000
-1.000000 -1.000000 -1.000000 -1.000000 -1.000000 -1.000000 -1.000000
-1.000000 -1.000000 -1.000000 -1.000000 -1.000000 -1.000000 -1.000000
-1.000000 -1.000000 -1.000000 -1.000000 -1.000000 -1.000000 -1.000000
-1.000000 -1.000000 -1.000000 -1.000000 -1.000000 -1.000000 -1.000000
-1.000000 -1.000000 -1.000000 -1.000000 -1.000000 -1.000000 -1.000000
0.000506 0.000868 0.005536 0.005606 0.051262 0.000537 0.935686
-1.000000 -1.000000 -1.000000 -1.000000 -1.000000 -1.000000 -1.000000
0.000386 0.000743 0.065782 0.000062 0.029121 0.009432 0.894475
-1.000000 -1.000000 -1.000000 -1.000000 -1.000000 -1.000000 -1.000000
-1.000000 -1.000000 -1.000000 -1.000000 -1.000000 -1.000000 -1.000000
-1.000000 -1.000000 -1.000000 -1.000000 -1.000000 -1.000000 -1.000000
-1.000000 -1.000000 -1.000000 -1.000000 -1.000000 -1.000000 -1.000000
-1.000000 -1.000000 -1.000000 -1.000000 -1.000000 -1.000000 -1.000000
-1.000000 -1.000000 -1.000000 -1.000000 -1.000000 -1.000000 -1.000000
-1.000000 -1.000000 -1.000000 -1.000000 -1.000000 -1.000000 -1.000000
-1.000000 -1.000000 -1.000000 -1.000000 -1.000000 -1.000000 -1.000000
0.000001 0.000003 0.000249 0.000061 0.009237 0.000050 0.990399
0.000278 0.000061 0.022448 0.000120 0.008245 0.001429 0.967420
-1.000000 -1.000000 -1.000000 -1.000000 -1.000000 -1.000000 -1.000000
0.000146 0.000596 0.018261 0.000036 0.011224 0.000349 0.969387
-1.000000 -1.000000 -1.000000 -1.000000 -1.000000 -1.000000 -1.000000
-1.000000 -1.000000 -1.000000 -1.000000 -1.000000 -1.000000 -1.000000
-1.000000 -1.000000 -1.000000 -1.000000 -1.000000 -1.000000 -1.000000
0.000917 0.000399 0.007418 0.260552 0.126065 0.168530 0.436119
0.000039 0.000027 0.000129 0.000267 0.081883 0.001363 0.916291
0.001390 0.000272 0.090636 0.000083 0.001789 0.000338 0.905493
0.096586 0.000842 0.036340 0.005528 0.023388 0.074008 0.763309
-1.000000 -1.000000 -1.000000 -1.000000 -1.000000 -1.000000 -1.000000
0.000038 0.000021 0.000778 0.000050 0.148502 0.000388 0.850224
0.000181 0.000001 0.000006 0.000114 0.001212 0.000165 0.998321
0.000153 0.000117 0.000020 0.000107 0.276392 0.000246 0.722966
-1.000000 -1.000000 -1.000000 -1.000000 -1.000000 -1.000000 -1.000000
-1.000000 -1.000000 -1.000000 -1.000000 -1.000000 -1.000000 -1.000000
0.039393 0.003792 0.001090 0.348261 0.572932 0.016807 0.017724
-1.000000 -1.000000 -1.000000 -1.000000 -1.000000 -1.000000 -1.000000
0.000405 0.000079 0.001491 0.000142 0.726140 0.005312 0.266431
-1.000000 -1.000000 -1.000000 -1.000000 -1.000000 -1.000000 -1.000000
0.000068 0.000005 0.000026 0.000378 0.016527 0.001818 0.981178
0.000083 0.000194 0.000683 0.009898 0.329457 0.004510 0.655174
-1.000000 -1.000000 -1.000000 -1.000000 -1.000000 -1.000000 -1.000000
-1.000000 -1.000000 -1.000000 -1.000000 -1.000000 -1.000000 -1.000000
-1.000000 -1.000000 -1.000000 -1.000000 -1.000000 -1.000000 -1.000000
0.000053 0.001147 0.002006 0.000150 0.908073 0.003769 0.084802
-1.000000 -1.000000 -1.000000 -1.000000 -1.000000 -1.000000 -1.000000
0.000004 0.000005 0.000026 0.000003 0.894847 0.023834 0.081281
0.000301 0.001145 0.135667 0.003799 0.423760 0.206433 0.228895
0.000044 0.000079 0.144009 0.000010 0.001762 0.002321 0.851775
0.001063 0.000520 0.007617 0.014626 0.139133 0.006039 0.831001
-1.000000 -1.000000 -1.000000 -1.000000 -1.000000 -1.000000 -1.000000
-1.000000 -1.000000 -1.000000 -1.000000 -1.000000 -1.000000 -1.000000
0.000077 0.000022 0.000059 0.000708 0.009015 0.001943 0.988178
0.001408 0.001145 0.480434 0.000187 0.003847 0.001837 0.511142
-1.000000 -1.000000 -1.000000 -1.000000 -1.000000 -1.000000 -1.000000
0.003174 0.002413 0.000964 0.000351 0.001562 0.990725 0.000811
-1.000000 -1.000000 -1.000000 -1.000000 -1.000000 -1.000000 -1.000000
-1.000000 -1.000000 -1.000000 -1.000000 -1.000000 -1.000000 -1.000000
-1.000000 -1.000000 -1.000000 -1.000000 -1.000000 -1.000000 -1.000000
0.000212 0.000006 0.000273 0.000392 0.003030 0.000461 0.995627
-1.000000 -1.000000 -1.000000 -1.000000 -1.000000 -1.000000 -1.000000
-1.000000 -1.000000 -1.000000 -1.000000 -1.000000 -1.000000 -1.000000
0.000052 0.000023 0.000327 0.001868 0.073873 0.001352 0.922505
-1.000000 -1.000000 -1.000000 -1.000000 -1.000000 -1.000000 -1.000000
0.000001 0.000000 0.000005 0.000077 0.000037 0.000000 0.999879
-1.000000 -1.000000 -1.000000 -1.000000 -1.000000 -1.000000 -1.000000
-1.000000 -1.000000 -1.000000 -1.000000 -1.000000 -1.000000 -1.000000
-1.000000 -1.000000 -1.000000 -1.000000 -1.000000 -1.000000 -1.000000
0.001428 0.000532 0.366566 0.000457 0.049098 0.001185 0.580732
