-1.000000 -1.000000 -1.000000 -1.000000 -1.000000 -1.000000 -1.000000
0.000446 0.000043 0.000002 0.000055 0.990979 0.008447 0.000028
-1.000000 -1.000000 -1.000000 -1.000000 -1.000000 -1.000000 -1.000000
-1.000000 -1.000000 -1.000000 -1.000000 -1.000000 -1.000000 -1.000000
-1.000000 -1.000000 -1.000000 -1.000000 -1.000000 -1.000000 -1.000000
-1.000000 -1.000000 -1.000000 -1.000000 -1.000000 -1.000000 -1.000000
-1.000000 -1.000000 -1.000000 -1.000000 -1.000000 -1.000000 -1.000000
0.000244 0.000086 0.000037 0.000697 0.993034 0.005394 0.000509
-1.000000 -1.000000 -1.000000 -1.000000 -1.000000 -1.000000 -1.000000
0.050689 0.005782 0.000725 0.606857 0.286069 0.048750 0.001129
0.001006 0.000105 0.000012 0.000278 0.998125 0.000231 0.000243
0.009434 0.012162 0.000803 0.902845 0.053344 0.014321 0.007091
-1.000000 -1.000000 -1.000000 -1.000000 -1.000000 -1.000000 -1.000000
0.002044 0.000086 0.000013 0.040365 0.948465 0.008734 0.000293
0.000041 0.000087 0.000203 0.000145 0.735898 0.261686 0.001940
0.000011 0.000007 0.000000 0.987307 0.011873 0.000015 0.000787
0.000160 0.000027 0.000000 0.000390 0.999318 0.000079 0.000025
0.000192 0.000033 0.000001 0.000003 0.999268 0.000048 0.000454
0.000041 0.000056 0.000053 0.000104 0.892375 0.106293 0.001077
0.000168 0.000783 0.000016 0.504170 0.492378 0.000499 0.001986
-1.000000 -1.000000 -1.000000 -1.000000 -1.000000 -1.000000 -1.000000
0.000299 0.000057 0.000004 0.231281 0.763792 0.004548 0.000020
0.000038 0.000621 0.000057 0.000092 0.991350 0.007009 0.000833
-1.000000 -1.000000 -1.000000 -1.000000 -1.000000 -1.000000 -1.000000
-1.000000 -1.000000 -1.000000 -1.000000 -1.000000 -1.000000 -1.000000
0.000004 0.000000 0.000000 0.000014 0.999761 0.000220 0.000001
-1.000000 -1.000000 -1.000000 -1.000000 -1.000000 -1.000000 -1.000000
-1.000000 -1.000000 -1.000000 -1.000000 -1.000000 -1.000000 -1.000000
0.003602 0.005356 0.001104 0.000301 0.927876 0.054321 0.007440
-1.000000 -1.000000 -1.000000 -1.000000 -1.000000 -1.000000 -1.000000
0.000001 0.000000 0.000000 0.001030 0.998928 0.000030 0.000011
-1.000000 -1.000000 -1.000000 -1.000000 -1.000000 -1.000000 -1.000000
-1.000000 -1.000000 -1.000000 -1.000000 -1.000000 -1.000000 -1.000000
0.000151 0.000078 0.000028 0.001015 0.866997 0.131602 0.000129
0.000570 0.000100 0.000007 0.004850 0.994026 0.000316 0.000130
0.000087 0.000041 0.000003 0.878073 0.121622 0.000080 0.000094
0.000012 0.000023 0.000001 0.932811 0.066942 0.000206 0.000005
-1.000000 -1.000000 -1.000000 -1.000000 -1.000000 -1.000000 -1.000000
-1.000000 -1.000000 -1.000000 -1.000000 -1.000000 -1.000000 -1.000000
0.000502 0.000006 0.000006 0.000009 0.991428 0.007967 0.000083
-1.000000 -1.000000 -1.000000 -1.000000 -1.000000 -1.000000 -1.000000
-1.000000 -1.000000 -1.000000 -1.000000 -1.000000 -1.000000 -1.000000
-1.000000 -1.000000 -1.000000 -1.000000 -1.000000 -1.000000 -1.000000
-1.000000 -1.000000 -1.000000 -1.000000 -1.000000 -1.000000 -1.000000
-1.000000 -1.000000 -1.000000 -1.000000 -1.000000 -1.000000 -1.000000
-1.000000 -1.000000 -1.000000 -1.000000 -1.000000 -1.000000 -1.000000
0.004283 0.001077 0.015536 0.015199 0.807695 0.152900 0.003310
-1.000000 -1.000000 -1.000000 -1.000000 -1.000000 -1.000000 -1.000000
-1.000000 -1.000000 -1.000000 -1.000000 -1.000000 -1.000000 -1.000000
-1.000000 -1.000000 -1.000000 -1.000000 -1.000000 -1.000000 -1.000000
0.000491 0.000295 0.000463 0.013131 0.376398 0.607941 0.001280
0.000351 0.000030 0.000003 0.000094 0.996662 0.002841 0.000018
-1.000000 -1.000000 -1.000000 -1.000000 -1.000000 -1.000000 -1.000000
0.000785 0.001114 0.000006 0.000353 0.996907 0.000290 0.000545
0.000745 0.000016 0.000008 0.000221 0.994842 0.004089 0.000079
-1.000000 -1.000000 -1.000000 -1.000000 -1.000000 -1.000000 -1.000000
0.002063 0.000329 0.000011 0.402660 0.593824 0.000427 0.000686
0.000273 0.000346 0.000035 0.164021 0.826295 0.008953 0.000076
0.000329 0.000027 0.000028 0.000160 0.977677 0.020703 0.001076
-1.000000 -1.000000 -1.000000 -1.000000 -1.000000 -1.000000 -1.000000
0.000299 0.000256 0.000573 0.002690 0.785395 0.209720 0.001067
-1.000000 -1.000000 -1.000000 -1.000000 -1.000000 -1.000000 -1.000000
0.003165 0.000217 0.000011 0.000024 0.975446 0.021007 0.000129
-1.000000 -1.000000 -1.000000 -1.000000 -1.000000 -1.000000 -1.000000
0.000329 0.000120 0.000152 0.011458 0.966682 0.021128 0.000131
0.001352 0.000134 0.000060 0.001273 0.992698 0.004127 0.000355
0.000065 0.000054 0.000005 0.009631 0.989085 0.000753 0.000408
0.000748 0.000451 0.000138 0.000013 0.655655 0.341208 0.001788
0.005863 0.000027 0.000001 0.000453 0.991408 0.002236 0.000011
-1.000000 -1.000000 -1.000000 -1.000000 -1.000000 -1.000000 -1.000000
0.000001 0.000000 0.000000 0.000021 0.999962 0.000014 0.000002
-1.000000 -1.000000 -1.000000 -1.000000 -1.000000 -1.000000 -1.000000
-1.000000 -1.000000 -1.000000 -1.000000 -1.000000 -1.000000 -1.000000
0.004134 0.000022 0.000001 0.000490 0.994493 0.000836 0.000024
-1.000000 -1.000000 -1.000000 -1.000000 -1.000000 -1.000000 -1.000000
-1.000000 -1.000000 -1.000000 -1.000000 -1.000000 -1.000000 -1.000000
-1.000000 -1.000000 -1.000000 -1.000000 -1.000000 -1.000000 -1.000000
0.000237 0.000128 0.000005 0.864573 0.129869 0.005161 0.000026
0.000249 0.000180 0.000325 0.003421 0.149460 0.846113 0.000251
-1.000000 -1.000000 -1.000000 -1.000000 -1.000000 -1.000000 -1.000000
-1.000000 -1.000000 -1.000000 -1.000000 -1.000000 -1.000000 -1.000000
0.000070 0.000024 0.000023 0.000592 0.992613 0.006138 0.000540
0.001600 0.000340 0.000278 0.002945 0.842454 0.152249 0.000134
-1.000000 -1.000000 -1.000000 -1.000000 -1.000000 -1.000000 -1.000000
0.000298 0.000004 0.000000 0.000000 0.999496 0.000200 0.000002
-1.000000 -1.000000 -1.000000 -1.000000 -1.000000 -1.000000 -1.000000
0.001012 0.005420 0.000064 0.357880 0.635196 0.000113 0.000314
-1.000000 -1.000000 -1.000000 -1.000000 -1.000000 -1.000000 -1.000000
-1.000000 -1.000000 -1.000000 -1.000000 -1.000000 -1.000000 -1.000000
-1.000000 -1.000000 -1.000000 -1.000000 -1.000000 -1.000000 -1.000000
0.004240 0.000517 0.000088 0.010369 0.981552 0.001853 0.001382
0.004659 0.000327 0.000011 0.000364 0.988965 0.000129 0.005544
-1.000000 -1.000000 -1.000000 -1.000000 -1.000000 -1.000000 -1.000000
0.002427 0.000180 0.000847 0.012170 0.939662 0.043891 0.000823
0.010880 0.000323 0.000095 0.334376 0.604451 0.049570 0.000304
-1.000000 -1.000000 -1.000000 -1.000000 -1.000000 -1.000000 -1.000000
-1.000000 -1.000000 -1.000000 -1.000000 -1.000000 -1.000000 -1.000000
0.002088 0.004030 0.005605 0.007415 0.750852 0.197822 0.032188
0.001561 0.000544 0.000594 0.000108 0.154351 0.842384 0.000457
-1.000000 -1.000000 -1.000000 -1.000000 -1.000000 -1.000000 -1.000000
-1.000000 -1.000000 -1.000000 -1.000000 -1.000000 -1.000000 -1.000000
-1.000000 -1.000000 -1.000000 -1.000000 -1.000000 -1.000000 -1.000000
0.000144 0.000207 0.000253 0.006354 0.940944 0.014572 0.037526
0.000037 0.000036 0.000063 0.000095 0.975559 0.010161 0.014047
0.000983 0.000015 0.000002 0.000249 0.989612 0.008808 0.000331
-1.000000 -1.000000 -1.000000 -1.000000 -1.000000 -1.000000 -1.000000
0.000114 0.000035 0.000001 0.000013 0.984391 0.015419 0.000026
-1.000000 -1.000000 -1.000000 -1.000000 -1.000000 -1.000000 -1.000000
0.011136 0.002264 0.000396 0.736655 0.237042 0.009383 0.003124
-1.000000 -1.000000 -1.000000 -1.000000 -1.000000 -1.000000 -1.000000
-1.000000 -1.000000 -1.000000 -1.000000 -1.000000 -1.000000 -1.000000
-1.000000 -1.000000 -1.000000 -1.000000 -1.000000 -1.000000 -1.000000
0.025794 0.000549 0.000054 0.000708 0.971635 0.000536 0.000724
0.001046 0.000542 0.000182 0.829063 0.160493 0.008436 0.000238
-1.000000 -1.000000 -1.000000 -1.000000 -1.000000 -1.000000 -1.000000
0.001267 0.000183 0.000086 0.001256 0.969241 0.025698 0.002270
0.000453 0.001782 0.000075 0.001198 0.993261 0.002211 0.001018
-1.000000 -1.000000 -1.000000 -1.000000 -1.000000 -1.000000 -1.000000
-1.000000 -1.000000 -1.000000 -1.000000 -1.000000 -1.000000 -1.000000
0.031371 0.003273 0.000018 0.000476 0.961424 0.002765 0.000674
-1.000000 -1.000000 -1.000000 -1.000000 -1.000000 -1.000000 -1.000000
-1.000000 -1.000000 -1.000000 -1.000000 -1.000000 -1.000000 -1.000000
0.000127 0.000021 0.000000 0.000042 0.999371 0.000236 0.000203
0.001177 0.000148 0.000003 0.002319 0.992036 0.004260 0.000057
0.001564 0.000223 0.000003 0.000087 0.989012 0.009068 0.000044
-1.000000 -1.000000 -1.000000 -1.000000 -1.000000 -1.000000 -1.000000
-1.000000 -1.000000 -1.000000 -1.000000 -1.000000 -1.000000 -1.000000
0.000301 0.001051 0.000016 0.678674 0.317110 0.002771 0.000077
-1.000000 -1.000000 -1.000000 -1.000000 -1.000000 -1.000000 -1.000000
-1.000000 -1.000000 -1.000000 -1.000000 -1.000000 -1.000000 -1.000000
0.000821 0.000478 0.000016 0.068950 0.928780 0.000818 0.000137
-1.000000 -1.000000 -1.000000 -1.000000 -1.000000 -1.000000 -1.000000
-1.000000 -1.000000 -1.000000 -1.000000 -1.000000 -1.000000 -1.000000
0.002588 0.003805 0.001376 0.002529 0.877446 0.000417 0.111839
0.001915 0.000034 0.000001 0.000004 0.997827 0.000061 0.000157
-1.000000 -1.000000 -1.000000 -1.000000 -1.000000 -1.000000 -1.000000
-1.000000 -1.000000 -1.000000 -1.000000 -1.000000 -1.000000 -1.000000
0.000059 0.000041 0.000000 0.000488 0.999289 0.000118 0.000004
0.000103 0.000034 0.000000 0.000377 0.997565 0.001916 0.000004
-1.000000 -1.000000 -1.000000 -1.000000 -1.000000 -1.000000 -1.000000
-1.000000 -1.000000 -1.000000 -1.000000 -1.000000 -1.000000 -1.000000
0.006376 0.001178 0.000193 0.003359 0.873059 0.114988 0.000847
0.136230 0.124826 0.000087 0.000631 0.733763 0.003049 0.001414
-1.000000 -1.000000 -1.000000 -1.000000 -1.000000 -1.000000 -1.000000
-1.000000 -1.000000 -1.000000 -1.000000 -1.000000 -1.000000 -1.000000
-1.000000 -1.000000 -1.000000 -1.000000 -1.000000 -1.000000 -1.000000
-1.000000 -1.000000 -1.000000 -1.000000 -1.000000 -1.000000 -1.000000
-1.000000 -1.000000 -1.000000 -1.000000 -1.000000 -1.000000 -1.000000
-1.000000 -1.000000 -1.000000 -1.000000 -1.000000 -1.000000 -1.000000
-1.000000 -1.000000 -1.000000 -1.000000 -1.000000 -1.000000 -1.000000
0.000996 0.000044 0.000092 0.001653 0.976664 0.019722 0.000829
-1.000000 -1.000000 -1.000000 -1.000000 -1.000000 -1.000000 -1.000000
0.000171 0.000029 0.000001 0.003995 0.994915 0.000888 0.000002
0.000090 0.000027 0.000004 0.007928 0.988270 0.003655 0.000026
-1.000000 -1.000000 -1.000000 -1.000000 -1.000000 -1.000000 -1.000000
0.000121 0.000012 0.000000 0.000006 0.999040 0.000818 0.000003
-1.000000 -1.000000 -1.000000 -1.000000 -1.000000 -1.000000 -1.000000
0.000390 0.000193 0.003315 0.000468 0.769280 0.018278 0.208076
0.000583 0.000009 0.000010 0.000447 0.998362 0.000343 0.000245
0.000057 0.000031 0.000645 0.001071 0.073948 0.923793 0.000456
0.000142 0.000341 0.000004 0.097061 0.899513 0.000125 0.002814
-1.000000 -1.000000 -1.000000 -1.000000 -1.000000 -1.000000 -1.000000
0.000017 0.000011 0.000001 0.012123 0.986731 0.001088 0.000029
0.043795 0.000125 0.000001 0.000142 0.955483 0.000223 0.000231
-1.000000 -1.000000 -1.000000 -1.000000 -1.000000 -1.000000 -1.000000
-1.000000 -1.000000 -1.000000 -1.000000 -1.000000 -1.000000 -1.000000
0.000226 0.000219 0.000301 0.041663 0.951869 0.000913 0.004809
-1.000000 -1.000000 -1.000000 -1.000000 -1.000000 -1.000000 -1.000000
0.005626 0.006425 0.000051 0.004383 0.982642 0.000717 0.000157
-1.000000 -1.000000 -1.000000 -1.000000 -1.000000 -1.000000 -1.000000
-1.000000 -1.000000 -1.000000 -1.000000 -1.000000 -1.000000 -1.000000
0.084510 0.010102 0.000061 0.003079 0.897750 0.001172 0.003325
-1.000000 -1.000000 -1.000000 -1.000000 -1.000000 -1.000000 -1.000000
-1.000000 -1.000000 -1.000000 -1.000000 -1.000000 -1.000000 -1.000000
0.009130 0.000229 0.000093 0.001008 0.983515 0.004870 0.001154
-1.000000 -1.000000 -1.000000 -1.000000 -1.000000 -1.000000 -1.000000
0.000552 0.001781 0.000023 0.000232 0.947699 0.049639 0.000074
0.002049 0.000177 0.000115 0.024915 0.806266 0.166149 0.000328
0.117692 0.000273 0.000008 0.000020 0.845801 0.036003 0.000202
-1.000000 -1.000000 -1.000000 -1.000000 -1.000000 -1.000000 -1.000000
-1.000000 -1.000000 -1.000000 -1.000000 -1.000000 -1.000000 -1.000000
-1.000000 -1.000000 -1.000000 -1.000000 -1.000000 -1.000000 -1.000000
0.007043 0.000936 0.000478 0.023842 0.882899 0.084433 0.000369
-1.000000 -1.000000 -1.000000 -1.000000 -1.000000 -1.000000 -1.000000
-1.000000 -1.000000 -1.000000 -1.000000 -1.000000 -1.000000 -1.000000
0.001451 0.000665 0.000200 0.039273 0.938033 0.019966 0.000412
0.000009 0.000009 0.000006 0.891843 0.107822 0.000215 0.000096
-1.000000 -1.000000 -1.000000 -1.000000 -1.000000 -1.000000 -1.000000
0.008449 0.002946 0.000177 0.389817 0.468690 0.129746 0.000174
-1.000000 -1.000000 -1.000000 -1.000000 -1.000000 -1.000000 -1.000000
-1.000000 -1.000000 -1.000000 -1.000000 -1.000000 -1.000000 -1.000000
0.000042 0.000925 0.000074 0.002313 0.987747 0.002126 0.006773
0.000037 0.000023 0.000081 0.000012 0.997475 0.000761 0.001611
0.000107 0.000073 0.000006 0.018873 0.978123 0.000727 0.002091
0.000196 0.000152 0.000302 0.000643 0.889600 0.100834 0.008275
-1.000000 -1.000000 -1.000000 -1.000000 -1.000000 -1.000000 -1.000000
-1.000000 -1.000000 -1.000000 -1.000000 -1.000000 -1.000000 -1.000000
0.000008 0.000022 0.000000 0.001273 0.998470 0.000225 0.000001
-1.000000 -1.000000 -1.000000 -1.000000 -1.000000 -1.000000 -1.000000
0.000674 0.000045 0.000006 0.005979 0.981003 0.012270 0.000023
0.000034 0.000009 0.000003 0.999615 0.000127 0.000119 0.000093
-1.000000 -1.000000 -1.000000 -1.000000 -1.000000 -1.000000 -1.000000
-1.000000 -1.000000 -1.000000 -1.000000 -1.000000 -1.000000 -1.000000
0.022660 0.004663 0.000615 0.018426 0.837230 0.115495 0.000910
0.000130 0.000384 0.000006 0.019080 0.978824 0.001372 0.000204
-1.000000 -1.000000 -1.000000 -1.000000 -1.000000 -1.000000 -1.000000
0.000012 0.000022 0.000002 0.000298 0.999485 0.000167 0.000014
0.013311 0.001363 0.000089 0.017478 0.920999 0.046049 0.000711
-1.000000 -1.000000 -1.000000 -1.000000 -1.000000 -1.000000 -1.000000
0.000242 0.000495 0.001237 0.001197 0.744826 0.245156 0.006847
0.002576 0.000065 0.000022 0.000012 0.996911 0.000257 0.000156
-1.000000 -1.000000 -1.000000 -1.000000 -1.000000 -1.000000 -1.000000
-1.000000 -1.000000 -1.000000 -1.000000 -1.000000 -1.000000 -1.000000
-1.000000 -1.000000 -1.000000 -1.000000 -1.000000 -1.000000 -1.000000
-1.000000 -1.000000 -1.000000 -1.000000 -1.000000 -1.000000 -1.000000
-1.000000 -1.000000 -1.000000 -1.000000 -1.000000 -1.000000 -1.000000
-1.000000 -1.000000 -1.000000 -1.000000 -1.000000 -1.000000 -1.000000
-1.000000 -1.000000 -1.000000 -1.000000 -1.000000 -1.000000 -1.000000
0.039194 0.001286 0.003288 0.000753 0.944183 0.009210 0.002086
0.001181 0.000022 0.000021 0.000040 0.994876 0.003751 0.000109
-1.000000 -1.000000 -1.000000 -1.000000 -1.000000 -1.000000 -1.000000
-1.000000 -1.000000 -1.000000 -1.000000 -1.000000 -1.000000 -1.000000
-1.000000 -1.000000 -1.000000 -1.000000 -1.000000 -1.000000 -1.000000
-1.000000 -1.000000 -1.000000 -1.000000 -1.000000 -1.000000 -1.000000
-1.000000 -1.000000 -1.000000 -1.000000 -1.000000 -1.000000 -1.000000
-1.000000 -1.000000 -1.000000 -1.000000 -1.000000 -1.000000 -1.000000
0.000257 0.000015 0.000011 0.000128 0.995437 0.004105 0.000047
-1.000000 -1.000000 -1.000000 -1.000000 -1.000000 -1.000000 -1.000000
-1.000000 -1.000000 -1.000000 -1.000000 -1.000000 -1.000000 -1.000000
-1.000000 -1.000000 -1.000000 -1.000000 -1.000000 -1.000000 -1.000000
0.000003 0.000002 0.000006 0.000001 0.999490 0.000251 0.000247
-1.000000 -1.000000 -1.000000 -1.000000 -1.000000 -1.000000 -1.000000
-1.000000 -1.000000 -1.000000 -1.000000 -1.000000 -1.000000 -1.000000
-1.000000 -1.000000 -1.000000 -1.000000 -1.000000 -1.000000 -1.000000
-1.000000 -1.000000 -1.000000 -1.000000 -1.000000 -1.000000 -1.000000
0.000093 0.000061 0.000738 0.000170 0.928731 0.001356 0.068851
-1.000000 -1.000000 -1.000000 -1.000000 -1.000000 -1.000000 -1.000000
0.000236 0.000721 0.000020 0.070673 0.926344 0.001951 0.000056
-1.000000 -1.000000 -1.000000 -1.000000 -1.000000 -1.000000 -1.000000
-1.000000 -1.000000 -1.000000 -1.000000 -1.000000 -1.000000 -1.000000
-1.000000 -1.000000 -1.000000 -1.000000 -1.000000 -1.000000 -1.000000
0.000028 0.000102 0.000090 0.001847 0.909453 0.084534 0.003946
0.001593 0.000216 0.000020 0.009437 0.974162 0.014270 0.000303
0.000086 0.000151 0.000130 0.000189 0.733707 0.256956 0.008781
0.000001 0.000003 0.000007 0.004829 0.991450 0.003643 0.000067
0.004915 0.000388 0.001410 0.008229 0.757557 0.173829 0.053672
-1.000000 -1.000000 -1.000000 -1.000000 -1.000000 -1.000000 -1.000000
-1.000000 -1.000000 -1.000000 -1.000000 -1.000000 -1.000000 -1.000000
-1.000000 -1.000000 -1.000000 -1.000000 -1.000000 -1.000000 -1.000000
-1.000000 -1.000000 -1.000000 -1.000000 -1.000000 -1.000000 -1.000000
0.007854 0.027990 0.002278 0.083206 0.724026 0.148458 0.006189
0.001554 0.001446 0.000026 0.007955 0.979910 0.009095 0.000014
-1.000000 -1.000000 -1.000000 -1.000000 -1.000000 -1.000000 -1.000000
0.000025 0.000018 0.000001 0.194576 0.800544 0.004828 0.000008
-1.000000 -1.000000 -1.000000 -1.000000 -1.000000 -1.000000 -1.000000
0.014061 0.011862 0.000208 0.280427 0.478875 0.214454 0.000113
0.010692 0.000429 0.000060 0.047960 0.733738 0.014394 0.192727
0.000136 0.000366 0.001095 0.000610 0.763529 0.199395 0.034869
-1.000000 -1.000000 -1.000000 -1.000000 -1.000000 -1.000000 -1.000000
-1.000000 -1.000000 -1.000000 -1.000000 -1.000000 -1.000000 -1.000000
-1.000000 -1.000000 -1.000000 -1.000000 -1.000000 -1.000000 -1.000000
-1.000000 -1.000000 -1.000000 -1.000000 -1.000000 -1.000000 -1.000000
-1.000000 -1.000000 -1.000000 -1.000000 -1.000000 -1.000000 -1.000000
0.054836 0.000182 0.000004 0.000037 0.938285 0.006621 0.000036
0.000010 0.000003 0.000017 0.000057 0.993438 0.003437 0.003038
0.000050 0.000113 0.000051 0.000089 0.298420 0.700540 0.000737
0.000015 0.000001 0.000000 0.000001 0.990458 0.009522 0.000002
-1.000000 -1.000000 -1.000000 -1.000000 -1.000000 -1.000000 -1.000000
-1.000000 -1.000000 -1.000000 -1.000000 -1.000000 -1.000000 -1.000000
0.020001 0.001330 0.000002 0.000052 0.978455 0.000156 0.000004
-1.000000 -1.000000 -1.000000 -1.000000 -1.000000 -1.000000 -1.000000
0.000162 0.000047 0.000023 0.000506 0.987181 0.011343 0.000738
-1.000000 -1.000000 -1.000000 -1.000000 -1.000000 -1.000000 -1.000000
0.001335 0.000497 0.000151 0.004886 0.989527 0.000718 0.002886
-1.000000 -1.000000 -1.000000 -1.000000 -1.000000 -1.000000 -1.000000
0.000123 0.000003 0.000000 0.000021 0.999632 0.000220 0.000002
-1.000000 -1.000000 -1.000000 -1.000000 -1.000000 -1.000000 -1.000000
-1.000000 -1.000000 -1.000000 -1.000000 -1.000000 -1.000000 -1.000000
-1.000000 -1.000000 -1.000000 -1.000000 -1.000000 -1.000000 -1.000000
0.000066 0.000025 0.000000 0.000760 0.999124 0.000009 0.000015
-1.000000 -1.000000 -1.000000 -1.000000 -1.000000 -1.000000 -1.000000
-1.000000 -1.000000 -1.000000 -1.000000 -1.000000 -1.000000 -1.000000
0.000178 0.000071 0.000029 0.045224 0.946265 0.007264 0.000968
-1.000000 -1.000000 -1.000000 -1.000000 -1.000000 -1.000000 -1.000000
-1.000000 -1.000000 -1.000000 -1.000000 -1.000000 -1.000000 -1.000000
0.000575 0.000121 0.000507 0.421666 0.553303 0.023614 0.000215
-1.000000 -1.000000 -1.000000 -1.000000 -1.000000 -1.000000 -1.000000
0.010073 0.001697 0.000876 0.000976 0.963720 0.018986 0.003673
-1.000000 -1.000000 -1.000000 -1.000000 -1.000000 -1.000000 -1.000000
0.000007 0.000020 0.000000 0.003544 0.996397 0.000027 0.000004
-1.000000 -1.000000 -1.000000 -1.000000 -1.000000 -1.000000 -1.000000
-1.000000 -1.000000 -1.000000 -1.000000 -1.000000 -1.000000 -1.000000
0.000002 0.000007 0.000001 0.000048 0.999146 0.000098 0.000698
-1.000000 -1.000000 -1.000000 -1.000000 -1.000000 -1.000000 -1.000000
-1.000000 -1.000000 -1.000000 -1.000000 -1.000000 -1.000000 -1.000000
-1.000000 -1.000000 -1.000000 -1.000000 -1.000000 -1.000000 -1.000000
0.000056 0.000007 0.000033 0.000740 0.997644 0.000716 0.000805
-1.000000 -1.000000 -1.000000 -1.000000 -1.000000 -1.000000 -1.000000
-1.000000 -1.000000 -1.000000 -1.000000 -1.000000 -1.000000 -1.000000
-1.000000 -1.000000 -1.000000 -1.000000 -1.000000 -1.000000 -1.000000
-1.000000 -1.000000 -1.000000 -1.000000 -1.000000 -1.000000 -1.000000
0.000005 0.000004 0.000000 0.000005 0.995323 0.000007 0.004656
-1.000000 -1.000000 -1.000000 -1.000000 -1.000000 -1.000000 -1.000000
-1.000000 -1.000000 -1.000000 -1.000000 -1.000000 -1.000000 -1.000000
-1.000000 -1.000000 -1.000000 -1.000000 -1.000000 -1.000000 -1.000000
-1.000000 -1.000000 -1.000000 -1.000000 -1.000000 -1.000000 -1.000000
0.000084 0.000013 0.000002 0.000122 0.999243 0.000053 0.000483
0.000505 0.000257 0.000019 0.006431 0.985504 0.006926 0.000358
0.000001 0.000000 0.000000 0.000032 0.991049 0.008883 0.000034
0.000085 0.000011 0.000002 0.000184 0.987255 0.000337 0.012126
-1.000000 -1.000000 -1.000000 -1.000000 -1.000000 -1.000000 -1.000000
-1.000000 -1.000000 -1.000000 -1.000000 -1.000000 -1.000000 -1.000000
-1.000000 -1.000000 -1.000000 -1.000000 -1.000000 -1.000000 -1.000000
-1.000000 -1.000000 -1.000000 -1.000000 -1.000000 -1.000000 -1.000000
0.000341 0.000067 0.000001 0.000202 0.998814 0.000481 0.000093
0.000005 0.000001 0.000005 0.999552 0.000197 0.000006 0.000234
0.000765 0.000007 0.000002 0.998944 0.000122 0.000111 0.000050
-1.000000 -1.000000 -1.000000 -1.000000 -1.000000 -1.000000 -1.000000
-1.000000 -1.000000 -1.000000 -1.000000 -1.000000 -1.000000 -1.000000
-1.000000 -1.000000 -1.000000 -1.000000 -1.000000 -1.000000 -1.000000
0.000133 0.000165 0.000029 0.867535 0.130777 0.001326 0.000033
0.001012 0.005420 0.000064 0.357880 0.635196 0.000113 0.000314
-1.000000 -1.000000 -1.000000 -1.000000 -1.000000 -1.000000 -1.000000
-1.000000 -1.000000 -1.000000 -1.000000 -1.000000 -1.000000 -1.000000
0.000667 0.000227 0.000324 0.003451 0.981138 0.002984 0.011210
-1.000000 -1.000000 -1.000000 -1.000000 -1.000000 -1.000000 -1.000000
-1.000000 -1.000000 -1.000000 -1.000000 -1.000000 -1.000000 -1.000000
-1.000000 -1.000000 -1.000000 -1.000000 -1.000000 -1.000000 -1.000000
0.005717 0.000560 0.000045 0.014699 0.972727 0.006180 0.000072
0.010199 0.000177 0.000026 0.002532 0.971181 0.015725 0.000160
-1.000000 -1.000000 -1.000000 -1.000000 -1.000000 -1.000000 -1.000000
-1.000000 -1.000000 -1.000000 -1.000000 -1.000000 -1.000000 -1.000000
-1.000000 -1.000000 -1.000000 -1.000000 -1.000000 -1.000000 -1.000000
0.001283 0.000178 0.000022 0.474016 0.515778 0.008361 0.000362
0.000137 0.000143 0.000003 0.003095 0.994927 0.001544 0.000149
-1.000000 -1.000000 -1.000000 -1.000000 -1.000000 -1.000000 -1.000000
0.000000 0.000001 0.000000 0.000004 0.998887 0.000067 0.001041
0.001382 0.001587 0.000121 0.000430 0.822698 0.173011 0.000771
0.000254 0.000018 0.000001 0.000003 0.997137 0.002565 0.000022
-1.000000 -1.000000 -1.000000 -1.000000 -1.000000 -1.000000 -1.000000
-1.000000 -1.000000 -1.000000 -1.000000 -1.000000 -1.000000 -1.000000
-1.000000 -1.000000 -1.000000 -1.000000 -1.000000 -1.000000 -1.000000
-1.000000 -1.000000 -1.000000 -1.000000 -1.000000 -1.000000 -1.000000
0.000109 0.000031 0.000006 0.001105 0.997789 0.000668 0.000292
0.000416 0.000522 0.001412 0.001218 0.936766 0.054902 0.004764
-1.000000 -1.000000 -1.000000 -1.000000 -1.000000 -1.000000 -1.000000
0.026743 0.647880 0.000064 0.001412 0.240375 0.083127 0.000399
-1.000000 -1.000000 -1.000000 -1.000000 -1.000000 -1.000000 -1.000000
-1.000000 -1.000000 -1.000000 -1.000000 -1.000000 -1.000000 -1.000000
0.000073 0.011409 0.000040 0.016817 0.953273 0.018321 0.000067
-1.000000 -1.000000 -1.000000 -1.000000 -1.000000 -1.000000 -1.000000
0.000755 0.000146 0.000111 0.008427 0.986255 0.000661 0.003645
0.000017 0.000049 0.000015 0.000445 0.984739 0.014419 0.000316
-1.000000 -1.000000 -1.000000 -1.000000 -1.000000 -1.000000 -1.000000
-1.000000 -1.000000 -1.000000 -1.000000 -1.000000 -1.000000 -1.000000
-1.000000 -1.000000 -1.000000 -1.000000 -1.000000 -1.000000 -1.000000
0.000051 0.000006 0.000000 0.000016 0.999882 0.000019 0.000026
0.000452 0.000752 0.000303 0.006583 0.901192 0.088964 0.001753
0.004493 0.001194 0.000233 0.000025 0.880101 0.113380 0.000575
0.006579 0.002162 0.001191 0.000821 0.769126 0.164422 0.055699
0.385179 0.181466 0.000361 0.107787 0.299404 0.022551 0.003252
-1.000000 -1.000000 -1.000000 -1.000000 -1.000000 -1.000000 -1.000000
0.008334 0.001460 0.000107 0.055712 0.910306 0.023232 0.000850
-1.000000 -1.000000 -1.000000 -1.000000 -1.000000 -1.000000 -1.000000
-1.000000 -1.000000 -1.000000 -1.000000 -1.000000 -1.000000 -1.000000
0.001169 0.000114 0.000004 0.000622 0.994545 0.003517 0.000028
0.007471 0.000315 0.000001 0.004260 0.987776 0.000065 0.000112
-1.000000 -1.000000 -1.000000 -1.000000 -1.000000 -1.000000 -1.000000
-1.000000 -1.000000 -1.000000 -1.000000 -1.000000 -1.000000 -1.000000
-1.000000 -1.000000 -1.000000 -1.000000 -1.000000 -1.000000 -1.000000
0.002099 0.000453 0.002715 0.000520 0.931889 0.010267 0.052057
0.000195 0.000054 0.000004 0.000048 0.998893 0.000324 0.000483
-1.000000 -1.000000 -1.000000 -1.000000 -1.000000 -1.000000 -1.000000
-1.000000 -1.000000 -1.000000 -1.000000 -1.000000 -1.000000 -1.000000
0.000024 0.000015 0.000498 0.000055 0.990757 0.002903 0.005749
-1.000000 -1.000000 -1.000000 -1.000000 -1.000000 -1.000000 -1.000000
0.002743 0.000018 0.000002 0.000002 0.996910 0.000180 0.000144
-1.000000 -1.000000 -1.000000 -1.000000 -1.000000 -1.000000 -1.000000
0.004876 0.002807 0.000056 0.215549 0.767747 0.007281 0.001684
-1.000000 -1.000000 -1.000000 -1.000000 -1.000000 -1.000000 -1.000000
-1.000000 -1.000000 -1.000000 -1.000000 -1.000000 -1.000000 -1.000000
0.000007 0.000003 0.000000 0.003682 0.993459 0.000232 0.002615
-1.000000 -1.000000 -1.000000 -1.000000 -1.000000 -1.000000 -1.000000
-1.000000 -1.000000 -1.000000 -1.000000 -1.000000 -1.000000 -1.000000
-1.000000 -1.000000 -1.000000 -1.000000 -1.000000 -1.000000 -1.000000
-1.000000 -1.000000 -1.000000 -1.000000 -1.000000 -1.000000 -1.000000
0.000209 0.000026 0.000100 0.000391 0.997134 0.001397 0.000743
-1.000000 -1.000000 -1.000000 -1.000000 -1.000000 -1.000000 -1.000000
0.000072 0.000014 0.000001 0.000011 0.998590 0.001276 0.000037
0.000046 0.000015 0.000008 0.000059 0.991841 0.007823 0.000208
-1.000000 -1.000000 -1.000000 -1.000000 -1.000000 -1.000000 -1.000000
0.394235 0.032096 0.000054 0.011860 0.544109 0.015042 0.002604
-1.000000 -1.000000 -1.000000 -1.000000 -1.000000 -1.000000 -1.000000
0.000027 0.000007 0.000054 0.000165 0.991935 0.005853 0.001959
0.000256 0.000212 0.000017 0.396089 0.596638 0.006704 0.000085
0.000669 0.000030 0.000005 0.000123 0.997316 0.000240 0.001616
-1.000000 -1.000000 -1.000000 -1.000000 -1.000000 -1.000000 -1.000000
-1.000000 -1.000000 -1.000000 -1.000000 -1.000000 -1.000000 -1.000000
-1.000000 -1.000000 -1.000000 -1.000000 -1.000000 -1.000000 -1.000000
0.008705 0.001536 0.000491 0.020256 0.934741 0.030590 0.003682
-1.000000 -1.000000 -1.000000 -1.000000 -1.000000 -1.000000 -1.000000
0.023040 0.001663 0.000719 0.016674 0.653391 0.007970 0.296544
-1.000000 -1.000000 -1.000000 -1.000000 -1.000000 -1.000000 -1.000000
-1.000000 -1.000000 -1.000000 -1.000000 -1.000000 -1.000000 -1.000000
-1.000000 -1.000000 -1.000000 -1.000000 -1.000000 -1.000000 -1.000000
0.000104 0.000029 0.000001 0.057777 0.941912 0.000128 0.000048
-1.000000 -1.000000 -1.000000 -1.000000 -1.000000 -1.000000 -1.000000
-1.000000 -1.000000 -1.000000 -1.000000 -1.000000 -1.000000 -1.000000
-1.000000 -1.000000 -1.000000 -1.000000 -1.000000 -1.000000 -1.000000
0.000016 0.000001 0.000000 0.000001 0.999916 0.000063 0.000003
0.002161 0.007620 0.000141 0.628490 0.348861 0.012185 0.000542
-1.000000 -1.000000 -1.000000 -1.000000 -1.000000 -1.000000 -1.000000
-1.000000 -1.000000 -1.000000 -1.000000 -1.000000 -1.000000 -1.000000
-1.000000 -1.000000 -1.000000 -1.000000 -1.000000 -1.000000 -1.000000
-1.000000 -1.000000 -1.000000 -1.000000 -1.000000 -1.000000 -1.000000
-1.000000 -1.000000 -1.000000 -1.000000 -1.000000 -1.000000 -1.000000
0.000003 0.000002 0.000002 0.348809 0.648387 0.002787 0.000009
-1.000000 -1.000000 -1.000000 -1.000000 -1.000000 -1.000000 -1.000000
-1.000000 -1.000000 -1.000000 -1.000000 -1.000000 -1.000000 -1.000000
-1.000000 -1.000000 -1.000000 -1.000000 -1.000000 -1.000000 -1.000000
0.009215 0.002933 0.005951 0.001172 0.790759 0.026616 0.163354
0.003695 0.058079 0.001084 0.000245 0.900308 0.035643 0.000946
-1.000000 -1.000000 -1.000000 -1.000000 -1.000000 -1.000000 -1.000000
0.001495 0.000418 0.002291 0.001732 0.958941 0.000444 0.034679
-1.000000 -1.000000 -1.000000 -1.000000 -1.000000 -1.000000 -1.000000
0.000650 0.000096 0.000028 0.191835 0.803655 0.003375 0.000361
-1.000000 -1.000000 -1.000000 -1.000000 -1.000000 -1.000000 -1.000000
-1.000000 -1.000000 -1.000000 -1.000000 -1.000000 -1.000000 -1.000000
-1.000000 -1.000000 -1.000000 -1.000000 -1.000000 -1.000000 -1.000000
-1.000000 -1.000000 -1.000000 -1.000000 -1.000000 -1.000000 -1.000000
0.002286 0.003072 0.000874 0.000205 0.318681 0.670161 0.004722
0.002736 0.000431 0.000100 0.002778 0.983451 0.009576 0.000927
-1.000000 -1.000000 -1.000000 -1.000000 -1.000000 -1.000000 -1.000000
-1.000000 -1.000000 -1.000000 -1.000000 -1.000000 -1.000000 -1.000000
-1.000000 -1.000000 -1.000000 -1.000000 -1.000000 -1.000000 -1.000000
0.000132 0.000019 0.000036 0.000016 0.998851 0.000141 0.000804
0.001952 0.000212 0.000007 0.000006 0.997110 0.000588 0.000125
-1.000000 -1.000000 -1.000000 -1.000000 -1.000000 -1.000000 -1.000000
-1.000000 -1.000000 -1.000000 -1.000000 -1.000000 -1.000000 -1.000000
-1.000000 -1.000000 -1.000000 -1.000000 -1.000000 -1.000000 -1.000000
-1.000000 -1.000000 -1.000000 -1.000000 -1.000000 -1.000000 -1.000000
0.000451 0.000216 0.000181 0.000693 0.983951 0.014263 0.000244
0.000494 0.000289 0.000106 0.000168 0.977142 0.000071 0.021730
-1.000000 -1.000000 -1.000000 -1.000000 -1.000000 -1.000000 -1.000000
-1.000000 -1.000000 -1.000000 -1.000000 -1.000000 -1.000000 -1.000000
0.001909 0.023935 0.000003 0.005791 0.967104 0.001223 0.000036
-1.000000 -1.000000 -1.000000 -1.000000 -1.000000 -1.000000 -1.000000
-1.000000 -1.000000 -1.000000 -1.000000 -1.000000 -1.000000 -1.000000
0.000085 0.000730 0.001908 0.000511 0.018349 0.978092 0.000325
0.000068 0.000001 0.000002 0.000589 0.998974 0.000320 0.000046
0.001129 0.001564 0.020891 0.041030 0.692399 0.234927 0.008060
-1.000000 -1.000000 -1.000000 -1.000000 -1.000000 -1.000000 -1.000000
0.000785 0.529191 0.000255 0.002834 0.446415 0.015230 0.005290
-1.000000 -1.000000 -1.000000 -1.000000 -1.000000 -1.000000 -1.000000
0.000215 0.000332 0.000022 0.001223 0.982513 0.015366 0.000330
0.000066 0.000001 0.000000 0.000026 0.999827 0.000079 0.000000
-1.000000 -1.000000 -1.000000 -1.000000 -1.000000 -1.000000 -1.000000
-1.000000 -1.000000 -1.000000 -1.000000 -1.000000 -1.000000 -1.000000
-1.000000 -1.000000 -1.000000 -1.000000 -1.000000 -1.000000 -1.000000
-1.000000 -1.000000 -1.000000 -1.000000 -1.000000 -1.000000 -1.000000
-1.000000 -1.000000 -1.000000 -1.000000 -1.000000 -1.000000 -1.000000
-1.000000 -1.000000 -1.000000 -1.000000 -1.000000 -1.000000 -1.000000
-1.000000 -1.000000 -1.000000 -1.000000 -1.000000 -1.000000 -1.000000
-1.000000 -1.000000 -1.000000 -1.000000 -1.000000 -1.000000 -1.000000
-1.000000 -1.000000 -1.000000 -1.000000 -1.000000 -1.000000 -1.000000
0.000003 0.000006 0.000001 0.000024 0.996248 0.000061 0.003658
-1.000000 -1.000000 -1.000000 -1.000000 -1.000000 -1.000000 -1.000000
0.001593 0.001504 0.000883 0.035896 0.893914 0.064936 0.001275
0.000444 0.000334 0.000069 0.001961 0.945437 0.050869 0.000886
0.001385 0.000302 0.000023 0.000097 0.918858 0.078861 0.000473
-1.000000 -1.000000 -1.000000 -1.000000 -1.000000 -1.000000 -1.000000
0.000442 0.000436 0.000479 0.000424 0.676028 0.319332 0.002859
0.020021 0.050483 0.000126 0.003996 0.892791 0.032416 0.000167
0.018971 0.001812 0.000004 0.002477 0.976375 0.000329 0.000032
0.002839 0.002293 0.000634 0.198474 0.728583 0.065365 0.001812
-1.000000 -1.000000 -1.000000 -1.000000 -1.000000 -1.000000 -1.000000
0.000014 0.000006 0.000004 0.000550 0.998760 0.000586 0.000080
0.000521 0.000058 0.000018 0.006686 0.992171 0.000464 0.000082
-1.000000 -1.000000 -1.000000 -1.000000 -1.000000 -1.000000 -1.000000
0.000007 0.000002 0.000006 0.000109 0.999394 0.000366 0.000116
-1.000000 -1.000000 -1.000000 -1.000000 -1.000000 -1.000000 -1.000000
-1.000000 -1.000000 -1.000000 -1.000000 -1.000000 -1.000000 -1.000000
0.000062 0.000095 0.000005 0.024093 0.974686 0.000955 0.000104
-1.000000 -1.000000 -1.000000 -1.000000 -1.000000 -1.000000 -1.000000
0.000136 0.000043 0.000001 0.000031 0.997743 0.001820 0.000224
-1.000000 -1.000000 -1.000000 -1.000000 -1.000000 -1.000000 -1.000000
-1.000000 -1.000000 -1.000000 -1.000000 -1.000000 -1.000000 -1.000000
-1.000000 -1.000000 -1.000000 -1.000000 -1.000000 -1.000000 -1.000000
0.375502 0.008276 0.001336 0.001185 0.414021 0.198819 0.000860
0.000004 0.000014 0.000366 0.000100 0.862373 0.077108 0.060036
0.001668 0.003967 0.000100 0.675794 0.300686 0.017231 0.000554
0.009296 0.001605 0.000166 0.003398 0.728475 0.255899 0.001161
-1.000000 -1.000000 -1.000000 -1.000000 -1.000000 -1.000000 -1.000000
0.000585 0.000670 0.000002 0.008267 0.985606 0.004846 0.000024
-1.000000 -1.000000 -1.000000 -1.000000 -1.000000 -1.000000 -1.000000
0.000010 0.000034 0.000002 0.000097 0.992513 0.007166 0.000178
0.001588 0.001079 0.000152 0.005025 0.907188 0.040636 0.044332
0.000117 0.000021 0.000005 0.009303 0.987518 0.002459 0.000577
-1.000000 -1.000000 -1.000000 -1.000000 -1.000000 -1.000000 -1.000000
0.426725 0.015262 0.000193 0.001122 0.540331 0.011949 0.004418
0.078920 0.001322 0.000434 0.073754 0.799753 0.029156 0.016662
-1.000000 -1.000000 -1.000000 -1.000000 -1.000000 -1.000000 -1.000000
-1.000000 -1.000000 -1.000000 -1.000000 -1.000000 -1.000000 -1.000000
0.001008 0.000307 0.000923 0.056566 0.868869 0.068824 0.003504
-1.000000 -1.000000 -1.000000 -1.000000 -1.000000 -1.000000 -1.000000
-1.000000 -1.000000 -1.000000 -1.000000 -1.000000 -1.000000 -1.000000
-1.000000 -1.000000 -1.000000 -1.000000 -1.000000 -1.000000 -1.000000
-1.000000 -1.000000 -1.000000 -1.000000 -1.000000 -1.000000 -1.000000
0.006505 0.000484 0.000197 0.000995 0.849563 0.141340 0.000916
-1.000000 -1.000000 -1.000000 -1.000000 -1.000000 -1.000000 -1.000000
-1.000000 -1.000000 -1.000000 -1.000000 -1.000000 -1.000000 -1.000000
0.001442 0.000025 0.000003 0.001463 0.996785 0.000070 0.000212
-1.000000 -1.000000 -1.000000 -1.000000 -1.000000 -1.000000 -1.000000
0.000006 0.000006 0.000001 0.000006 0.991170 0.008774 0.000036
-1.000000 -1.000000 -1.000000 -1.000000 -1.000000 -1.000000 -1.000000
-1.000000 -1.000000 -1.000000 -1.000000 -1.000000 -1.000000 -1.000000
0.000238 0.000090 0.000198 0.000114 0.454662 0.543821 0.000878
-1.000000 -1.000000 -1.000000 -1.000000 -1.000000 -1.000000 -1.000000
-1.000000 -1.000000 -1.000000 -1.000000 -1.000000 -1.000000 -1.000000
0.000139 0.000022 0.000002 0.000053 0.997675 0.000715 0.001393
-1.000000 -1.000000 -1.000000 -1.000000 -1.000000 -1.000000 -1.000000
-1.000000 -1.000000 -1.000000 -1.000000 -1.000000 -1.000000 -1.000000
0.255809 0.006674 0.005106 0.018590 0.383530 0.185320 0.144971
-1.000000 -1.000000 -1.000000 -1.000000 -1.000000 -1.000000 -1.000000
0.001125 0.000266 0.000011 0.943727 0.054064 0.000565 0.000241
0.000039 0.000029 0.000045 0.025751 0.769186 0.204855 0.000095
-1.000000 -1.000000 -1.000000 -1.000000 -1.000000 -1.000000 -1.000000
-1.000000 -1.000000 -1.000000 -1.000000 -1.000000 -1.000000 -1.000000
0.002050 0.000153 0.000012 0.049572 0.947371 0.000513 0.000329
-1.000000 -1.000000 -1.000000 -1.000000 -1.000000 -1.000000 -1.000000
-1.000000 -1.000000 -1.000000 -1.000000 -1.000000 -1.000000 -1.000000
-1.000000 -1.000000 -1.000000 -1.000000 -1.000000 -1.000000 -1.000000
-1.000000 -1.000000 -1.000000 -1.000000 -1.000000 -1.000000 -1.000000
-1.000000 -1.000000 -1.000000 -1.000000 -1.000000 -1.000000 -1.000000
0.000171 0.000056 0.000062 0.029415 0.901471 0.068562 0.000264
0.016334 0.001919 0.000408 0.002537 0.777273 0.200935 0.000594
0.002431 0.000771 0.000076 0.001273 0.985313 0.009232 0.000905
-1.000000 -1.000000 -1.000000 -1.000000 -1.000000 -1.000000 -1.000000
-1.000000 -1.000000 -1.000000 -1.000000 -1.000000 -1.000000 -1.000000
-1.000000 -1.000000 -1.000000 -1.000000 -1.000000 -1.000000 -1.000000
-1.000000 -1.000000 -1.000000 -1.000000 -1.000000 -1.000000 -1.000000
0.002068 0.004794 0.000337 0.000017 0.914261 0.071037 0.007485
0.000081 0.000052 0.000075 0.021787 0.956159 0.015929 0.005917
-1.000000 -1.000000 -1.000000 -1.000000 -1.000000 -1.000000 -1.000000
0.063838 0.004970 0.000054 0.013421 0.911182 0.005010 0.001525
-1.000000 -1.000000 -1.000000 -1.000000 -1.000000 -1.000000 -1.000000
-1.000000 -1.000000 -1.000000 -1.000000 -1.000000 -1.000000 -1.000000
-1.000000 -1.000000 -1.000000 -1.000000 -1.000000 -1.000000 -1.000000
-1.000000 -1.000000 -1.000000 -1.000000 -1.000000 -1.000000 -1.000000
-1.000000 -1.000000 -1.000000 -1.000000 -1.000000 -1.000000 -1.000000
0.000373 0.000331 0.000047 0.918279 0.078396 0.002232 0.000342
-1.000000 -1.000000 -1.000000 -1.000000 -1.000000 -1.000000 -1.000000
-1.000000 -1.000000 -1.000000 -1.000000 -1.000000 -1.000000 -1.000000
0.001483 0.000410 0.000472 0.052575 0.924376 0.018238 0.002446
0.000650 0.000407 0.000180 0.866359 0.130920 0.000466 0.001017
-1.000000 -1.000000 -1.000000 -1.000000 -1.000000 -1.000000 -1.000000
0.000000 0.000000 0.000000 0.000472 0.994775 0.004447 0.000305
-1.000000 -1.000000 -1.000000 -1.000000 -1.000000 -1.000000 -1.000000
-1.000000 -1.000000 -1.000000 -1.000000 -1.000000 -1.000000 -1.000000
-1.000000 -1.000000 -1.000000 -1.000000 -1.000000 -1.000000 -1.000000
0.000430 0.000157 0.000012 0.001709 0.909323 0.088259 0.000109
0.001973 0.000510 0.000075 0.033603 0.958584 0.001183 0.004072
-1.000000 -1.000000 -1.000000 -1.000000 -1.000000 -1.000000 -1.000000
-1.000000 -1.000000 -1.000000 -1.000000 -1.000000 -1.000000 -1.000000
-1.000000 -1.000000 -1.000000 -1.000000 -1.000000 -1.000000 -1.000000
0.091969 0.005557 0.000292 0.008052 0.891802 0.001856 0.000472
-1.000000 -1.000000 -1.000000 -1.000000 -1.000000 -1.000000 -1.000000
-1.000000 -1.000000 -1.000000 -1.000000 -1.000000 -1.000000 -1.000000
0.023571 0.000583 0.000004 0.003456 0.972136 0.000183 0.000067
0.000200 0.000100 0.000008 0.000169 0.998988 0.000256 0.000279
0.000031 0.000013 0.000001 0.000009 0.991743 0.008130 0.000074
0.006752 0.000032 0.000001 0.000068 0.989084 0.004031 0.000032
0.000389 0.000201 0.000015 0.000006 0.986617 0.011827 0.000945
-1.000000 -1.000000 -1.000000 -1.000000 -1.000000 -1.000000 -1.000000
-1.000000 -1.000000 -1.000000 -1.000000 -1.000000 -1.000000 -1.000000
0.000932 0.000290 0.000025 0.011563 0.924557 0.062534 0.000099
0.000324 0.000029 0.000037 0.013069 0.784880 0.019734 0.181927
0.000005 0.000004 0.000024 0.000099 0.953849 0.045506 0.000513
0.001607 0.000179 0.000201 0.000028 0.990289 0.006646 0.001049
0.002453 0.000073 0.000001 0.000178 0.996943 0.000270 0.000082
-1.000000 -1.000000 -1.000000 -1.000000 -1.000000 -1.000000 -1.000000
0.000048 0.000002 0.000000 0.003494 0.995811 0.000640 0.000004
-1.000000 -1.000000 -1.000000 -1.000000 -1.000000 -1.000000 -1.000000
0.020992 0.002135 0.000143 0.034676 0.934084 0.007233 0.000738
0.000027 0.000009 0.000003 0.000591 0.998400 0.000875 0.000095
-1.000000 -1.000000 -1.000000 -1.000000 -1.000000 -1.000000 -1.000000
-1.000000 -1.000000 -1.000000 -1.000000 -1.000000 -1.000000 -1.000000
-1.000000 -1.000000 -1.000000 -1.000000 -1.000000 -1.000000 -1.000000
-1.000000 -1.000000 -1.000000 -1.000000 -1.000000 -1.000000 -1.000000
-1.000000 -1.000000 -1.000000 -1.000000 -1.000000 -1.000000 -1.000000
0.000029 0.000004 0.000000 0.000012 0.999586 0.000369 0.000001
0.002050 0.000153 0.000012 0.049572 0.947371 0.000513 0.000329
-1.000000 -1.000000 -1.000000 -1.000000 -1.000000 -1.000000 -1.000000
0.000141 0.000157 0.000006 0.003484 0.987909 0.008168 0.000134
-1.000000 -1.000000 -1.000000 -1.000000 -1.000000 -1.000000 -1.000000
-1.000000 -1.000000 -1.000000 -1.000000 -1.000000 -1.000000 -1.000000
0.000090 0.000015 0.000000 0.000009 0.999831 0.000052 0.000002
-1.000000 -1.000000 -1.000000 -1.000000 -1.000000 -1.000000 -1.000000
-1.000000 -1.000000 -1.000000 -1.000000 -1.000000 -1.000000 -1.000000
0.000040 0.000022 0.000009 0.000207 0.989148 0.010485 0.000088
0.003946 0.000110 0.000016 0.198882 0.639840 0.157154 0.000051
-1.000000 -1.000000 -1.000000 -1.000000 -1.000000 -1.000000 -1.000000
0.001137 0.000125 0.000651 0.031436 0.959781 0.004933 0.001936
0.000003 0.000002 0.000000 0.000079 0.999893 0.000014 0.000010
0.000555 0.000127 0.000010 0.015277 0.952928 0.031094 0.000008
-1.000000 -1.000000 -1.000000 -1.000000 -1.000000 -1.000000 -1.000000
-1.000000 -1.000000 -1.000000 -1.000000 -1.000000 -1.000000 -1.000000
0.001195 0.000085 0.000104 0.003334 0.756855 0.236720 0.001708
-1.000000 -1.000000 -1.000000 -1.000000 -1.000000 -1.000000 -1.000000
-1.000000 -1.000000 -1.000000 -1.000000 -1.000000 -1.000000 -1.000000
0.000143 0.000049 0.000017 0.008256 0.944680 0.046709 0.000146
0.000682 0.000088 0.001333 0.000025 0.769218 0.000316 0.228338
-1.000000 -1.000000 -1.000000 -1.000000 -1.000000 -1.000000 -1.000000
-1.000000 -1.000000 -1.000000 -1.000000 -1.000000 -1.000000 -1.000000
0.020166 0.003409 0.000068 0.139606 0.832970 0.003501 0.000280
-1.000000 -1.000000 -1.000000 -1.000000 -1.000000 -1.000000 -1.000000
0.000255 0.000152 0.000012 0.000465 0.996868 0.001531 0.000717
0.009149 0.001758 0.000317 0.574173 0.403760 0.009149 0.001694
-1.000000 -1.000000 -1.000000 -1.000000 -1.000000 -1.000000 -1.000000
-1.000000 -1.000000 -1.000000 -1.000000 -1.000000 -1.000000 -1.000000
0.000111 0.000121 0.000003 0.182446 0.817115 0.000147 0.000057
0.000008 0.000002 0.000000 0.000234 0.999018 0.000306 0.000433
0.002122 0.000259 0.000004 0.000823 0.993177 0.003591 0.000026
-1.000000 -1.000000 -1.000000 -1.000000 -1.000000 -1.000000 -1.000000
-1.000000 -1.000000 -1.000000 -1.000000 -1.000000 -1.000000 -1.000000
-1.000000 -1.000000 -1.000000 -1.000000 -1.000000 -1.000000 -1.000000
-1.000000 -1.000000 -1.000000 -1.000000 -1.000000 -1.000000 -1.000000
0.000013 0.000032 0.000028 0.000506 0.980690 0.002553 0.016178
0.007609 0.002228 0.000828 0.007332 0.923413 0.054368 0.004222
-1.000000 -1.000000 -1.000000 -1.000000 -1.000000 -1.000000 -1.000000
-1.000000 -1.000000 -1.000000 -1.000000 -1.000000 -1.000000 -1.000000
0.000832 0.001839 0.000559 0.025385 0.935590 0.006994 0.028801
-1.000000 -1.000000 -1.000000 -1.000000 -1.000000 -1.000000 -1.000000
-1.000000 -1.000000 -1.000000 -1.000000 -1.000000 -1.000000 -1.000000
0.000034 0.000027 0.000057 0.000188 0.970771 0.026121 0.002802
0.000262 0.000084 0.000014 0.000114 0.990551 0.006704 0.002272
0.002362 0.001579 0.000009 0.000578 0.994669 0.000775 0.000029
-1.000000 -1.000000 -1.000000 -1.000000 -1.000000 -1.000000 -1.000000
-1.000000 -1.000000 -1.000000 -1.000000 -1.000000 -1.000000 -1.000000
-1.000000 -1.000000 -1.000000 -1.000000 -1.000000 -1.000000 -1.000000
0.000207 0.000078 0.000128 0.597918 0.397074 0.001210 0.003384
0.014492 0.000687 0.000099 0.010651 0.966704 0.006093 0.001273
-1.000000 -1.000000 -1.000000 -1.000000 -1.000000 -1.000000 -1.000000
0.000625 0.000093 0.000043 0.001622 0.960141 0.037278 0.000198
0.000086 0.000033 0.000012 0.000674 0.995719 0.002677 0.000798
0.001181 0.000544 0.000064 0.010367 0.953839 0.033661 0.000343
-1.000000 -1.000000 -1.000000 -1.000000 -1.000000 -1.000000 -1.000000
-1.000000 -1.000000 -1.000000 -1.000000 -1.000000 -1.000000 -1.000000
0.000205 0.000217 0.000002 0.000023 0.998154 0.000823 0.000576
0.000287 0.000157 0.000013 0.000217 0.989607 0.009354 0.000365
-1.000000 -1.000000 -1.000000 -1.000000 -1.000000 -1.000000 -1.000000
-1.000000 -1.000000 -1.000000 -1.000000 -1.000000 -1.000000 -1.000000
-1.000000 -1.000000 -1.000000 -1.000000 -1.000000 -1.000000 -1.000000
-1.000000 -1.000000 -1.000000 -1.000000 -1.000000 -1.000000 -1.000000
0.000013 0.000001 0.000000 0.000033 0.999934 0.000018 0.000001
0.000246 0.000060 0.000007 0.020471 0.975575 0.003464 0.000177
0.005818 0.000694 0.000080 0.047347 0.942881 0.002277 0.000902
-1.000000 -1.000000 -1.000000 -1.000000 -1.000000 -1.000000 -1.000000
-1.000000 -1.000000 -1.000000 -1.000000 -1.000000 -1.000000 -1.000000
-1.000000 -1.000000 -1.000000 -1.000000 -1.000000 -1.000000 -1.000000
-1.000000 -1.000000 -1.000000 -1.000000 -1.000000 -1.000000 -1.000000
0.000062 0.000028 0.000000 0.006849 0.993037 0.000011 0.000012
-1.000000 -1.000000 -1.000000 -1.000000 -1.000000 -1.000000 -1.000000
-1.000000 -1.000000 -1.000000 -1.000000 -1.000000 -1.000000 -1.000000
0.007613 0.003228 0.000052 0.198272 0.789767 0.000633 0.000436
-1.000000 -1.000000 -1.000000 -1.000000 -1.000000 -1.000000 -1.000000
0.000000 0.000001 0.000000 0.988384 0.011600 0.000010 0.000004
0.000101 0.000155 0.000105 0.001373 0.963554 0.033210 0.001501
0.000202 0.000114 0.000169 0.240962 0.756973 0.000723 0.000858
0.000022 0.000014 0.000002 0.000370 0.998468 0.000656 0.000469
-1.000000 -1.000000 -1.000000 -1.000000 -1.000000 -1.000000 -1.000000
0.000497 0.000248 0.000084 0.000328 0.968844 0.029300 0.000698
-1.000000 -1.000000 -1.000000 -1.000000 -1.000000 -1.000000 -1.000000
-1.000000 -1.000000 -1.000000 -1.000000 -1.000000 -1.000000 -1.000000
-1.000000 -1.000000 -1.000000 -1.000000 -1.000000 -1.000000 -1.000000
0.000014 0.000004 0.000002 0.001072 0.991930 0.006880 0.000099
0.000958 0.000389 0.000003 0.000035 0.986548 0.012032 0.000036
-1.000000 -1.000000 -1.000000 -1.000000 -1.000000 -1.000000 -1.000000
0.000003 0.000002 0.000000 0.007975 0.991998 0.000010 0.000011
-1.000000 -1.000000 -1.000000 -1.000000 -1.000000 -1.000000 -1.000000
-1.000000 -1.000000 -1.000000 -1.000000 -1.000000 -1.000000 -1.000000
-1.000000 -1.000000 -1.000000 -1.000000 -1.000000 -1.000000 -1.000000
0.000665 0.000269 0.000456 0.000820 0.276362 0.720784 0.000644
0.000050 0.000079 0.000007 0.111641 0.885603 0.002463 0.000156
0.001141 0.001495 0.000500 0.207822 0.761579 0.026703 0.000760
-1.000000 -1.000000 -1.000000 -1.000000 -1.000000 -1.000000 -1.000000
0.000003 0.000011 0.000047 0.000035 0.591770 0.392966 0.015168
-1.000000 -1.000000 -1.000000 -1.000000 -1.000000 -1.000000 -1.000000
-1.000000 -1.000000 -1.000000 -1.000000 -1.000000 -1.000000 -1.000000
0.000004 0.000012 0.000000 0.000015 0.999363 0.000000 0.000606
0.004457 0.000653 0.000339 0.008388 0.866592 0.118140 0.001431
-1.000000 -1.000000 -1.000000 -1.000000 -1.000000 -1.000000 -1.000000
-1.000000 -1.000000 -1.000000 -1.000000 -1.000000 -1.000000 -1.000000
-1.000000 -1.000000 -1.000000 -1.000000 -1.000000 -1.000000 -1.000000
-1.000000 -1.000000 -1.000000 -1.000000 -1.000000 -1.000000 -1.000000
0.002919 0.000139 0.000013 0.003830 0.568003 0.425074 0.000022
0.000032 0.000039 0.001038 0.000018 0.954617 0.034466 0.009791
0.004276 0.000719 0.000116 0.000467 0.990495 0.003611 0.000317
-1.000000 -1.000000 -1.000000 -1.000000 -1.000000 -1.000000 -1.000000
0.006965 0.000197 0.000012 0.011740 0.973981 0.006789 0.000317
-1.000000 -1.000000 -1.000000 -1.000000 -1.000000 -1.000000 -1.000000
-1.000000 -1.000000 -1.000000 -1.000000 -1.000000 -1.000000 -1.000000
-1.000000 -1.000000 -1.000000 -1.000000 -1.000000 -1.000000 -1.000000
0.000978 0.005303 0.000002 0.090233 0.903393 0.000073 0.000017
-1.000000 -1.000000 -1.000000 -1.000000 -1.000000 -1.000000 -1.000000
-1.000000 -1.000000 -1.000000 -1.000000 -1.000000 -1.000000 -1.000000
-1.000000 -1.000000 -1.000000 -1.000000 -1.000000 -1.000000 -1.000000
0.001467 0.000724 0.000099 0.000420 0.983226 0.012445 0.001620
0.003518 0.000032 0.000017 0.000037 0.996031 0.000295 0.000070
0.000498 0.000035 0.000003 0.001618 0.995718 0.002055 0.000073
-1.000000 -1.000000 -1.000000 -1.000000 -1.000000 -1.000000 -1.000000
0.000620 0.000131 0.000011 0.001792 0.995370 0.001168 0.000908
-1.000000 -1.000000 -1.000000 -1.000000 -1.000000 -1.000000 -1.000000
-1.000000 -1.000000 -1.000000 -1.000000 -1.000000 -1.000000 -1.000000
0.000097 0.000051 0.000026 0.485638 0.511045 0.002855 0.000289
0.007150 0.001291 0.000060 0.000045 0.844808 0.000266 0.146382
-1.000000 -1.000000 -1.000000 -1.000000 -1.000000 -1.000000 -1.000000
0.000263 0.000025 0.000003 0.000192 0.996245 0.003184 0.000089
0.000012 0.000000 0.000002 0.000020 0.995272 0.004537 0.000157
-1.000000 -1.000000 -1.000000 -1.000000 -1.000000 -1.000000 -1.000000
-1.000000 -1.000000 -1.000000 -1.000000 -1.000000 -1.000000 -1.000000
-1.000000 -1.000000 -1.000000 -1.000000 -1.000000 -1.000000 -1.000000
-1.000000 -1.000000 -1.000000 -1.000000 -1.000000 -1.000000 -1.000000
0.430530 0.022849 0.001081 0.070484 0.465909 0.002263 0.006883
-1.000000 -1.000000 -1.000000 -1.000000 -1.000000 -1.000000 -1.000000
0.000729 0.000133 0.000036 0.000046 0.992089 0.006715 0.000253
0.012562 0.003853 0.000241 0.160049 0.783058 0.039096 0.001140
-1.000000 -1.000000 -1.000000 -1.000000 -1.000000 -1.000000 -1.000000
-1.000000 -1.000000 -1.000000 -1.000000 -1.000000 -1.000000 -1.000000
0.000068 0.000006 0.000000 0.001794 0.997822 0.000227 0.000082
-1.000000 -1.000000 -1.000000 -1.000000 -1.000000 -1.000000 -1.000000
-1.000000 -1.000000 -1.000000 -1.000000 -1.000000 -1.000000 -1.000000
-1.000000 -1.000000 -1.000000 -1.000000 -1.000000 -1.000000 -1.000000
0.000104 0.000090 0.000047 0.066607 0.925272 0.007372 0.000508
-1.000000 -1.000000 -1.000000 -1.000000 -1.000000 -1.000000 -1.000000
-1.000000 -1.000000 -1.000000 -1.000000 -1.000000 -1.000000 -1.000000
0.003916 0.001750 0.000439 0.004521 0.858018 0.130391 0.000967
-1.000000 -1.000000 -1.000000 -1.000000 -1.000000 -1.000000 -1.000000
-1.000000 -1.000000 -1.000000 -1.000000 -1.000000 -1.000000 -1.000000
0.000425 0.000020 0.000261 0.002835 0.717287 0.278317 0.000855
0.000401 0.000280 0.000344 0.000061 0.521278 0.141082 0.336553
-1.000000 -1.000000 -1.000000 -1.000000 -1.000000 -1.000000 -1.000000
-1.000000 -1.000000 -1.000000 -1.000000 -1.000000 -1.000000 -1.000000
-1.000000 -1.000000 -1.000000 -1.000000 -1.000000 -1.000000 -1.000000
-1.000000 -1.000000 -1.000000 -1.000000 -1.000000 -1.000000 -1.000000
0.005010 0.000258 0.000023 0.006987 0.976288 0.011167 0.000267
0.000001 0.000003 0.000003 0.000500 0.998311 0.001035 0.000147
0.000139 0.000025 0.000001 0.000033 0.997299 0.002484 0.000019
-1.000000 -1.000000 -1.000000 -1.000000 -1.000000 -1.000000 -1.000000
-1.000000 -1.000000 -1.000000 -1.000000 -1.000000 -1.000000 -1.000000
0.002680 0.000186 0.000016 0.000042 0.962286 0.032769 0.002021
-1.000000 -1.000000 -1.000000 -1.000000 -1.000000 -1.000000 -1.000000
0.000027 0.000017 0.000034 0.000214 0.978216 0.021387 0.000104
0.001283 0.000178 0.000022 0.474016 0.515778 0.008361 0.000362
0.000000 0.000000 0.000000 0.000008 0.999925 0.000064 0.000003
-1.000000 -1.000000 -1.000000 -1.000000 -1.000000 -1.000000 -1.000000
0.020196 0.000820 0.003686 0.001240 0.956686 0.011050 0.006323
-1.000000 -1.000000 -1.000000 -1.000000 -1.000000 -1.000000 -1.000000
-1.000000 -1.000000 -1.000000 -1.000000 -1.000000 -1.000000 -1.000000
-1.000000 -1.000000 -1.000000 -1.000000 -1.000000 -1.000000 -1.000000
0.018802 0.001374 0.000567 0.030057 0.926361 0.019657 0.003183
0.029052 0.024249 0.000576 0.059134 0.817838 0.059124 0.010026
0.000327 0.000045 0.000001 0.005408 0.993859 0.000154 0.000205
0.000016 0.000009 0.000003 0.000007 0.985724 0.014090 0.000151
-1.000000 -1.000000 -1.000000 -1.000000 -1.000000 -1.000000 -1.000000
-1.000000 -1.000000 -1.000000 -1.000000 -1.000000 -1.000000 -1.000000
-1.000000 -1.000000 -1.000000 -1.000000 -1.000000 -1.000000 -1.000000
-1.000000 -1.000000 -1.000000 -1.000000 -1.000000 -1.000000 -1.000000
-1.000000 -1.000000 -1.000000 -1.000000 -1.000000 -1.000000 -1.000000
0.000257 0.000235 0.000029 0.757668 0.240871 0.000029 0.000910
0.000143 0.000044 0.000005 0.000039 0.992672 0.007052 0.000044
0.001601 0.000034 0.000002 0.000021 0.995548 0.001930 0.000864
-1.000000 -1.000000 -1.000000 -1.000000 -1.000000 -1.000000 -1.000000
-1.000000 -1.000000 -1.000000 -1.000000 -1.000000 -1.000000 -1.000000
-1.000000 -1.000000 -1.000000 -1.000000 -1.000000 -1.000000 -1.000000
0.001507 0.003713 0.001988 0.000108 0.337951 0.651229 0.003503
0.000146 0.000102 0.000082 0.000029 0.949786 0.000937 0.048919
0.000054 0.000020 0.000058 0.000477 0.933188 0.066125 0.000078
-1.000000 -1.000000 -1.000000 -1.000000 -1.000000 -1.000000 -1.000000
0.000104 0.000153 0.000001 0.000005 0.998930 0.000198 0.000609
0.001064 0.000131 0.000024 0.000071 0.919113 0.079330 0.000267
0.006741 0.000873 0.008150 0.000180 0.911084 0.000698 0.072274
-1.000000 -1.000000 -1.000000 -1.000000 -1.000000 -1.000000 -1.000000
-1.000000 -1.000000 -1.000000 -1.000000 -1.000000 -1.000000 -1.000000
-1.000000 -1.000000 -1.000000 -1.000000 -1.000000 -1.000000 -1.000000
0.001049 0.000021 0.000002 0.000060 0.954015 0.044842 0.000010
0.000025 0.000012 0.000155 0.000166 0.959469 0.039611 0.000562
0.001198 0.000327 0.000035 0.380310 0.612448 0.000200 0.005483
-1.000000 -1.000000 -1.000000 -1.000000 -1.000000 -1.000000 -1.000000
-1.000000 -1.000000 -1.000000 -1.000000 -1.000000 -1.000000 -1.000000
-1.000000 -1.000000 -1.000000 -1.000000 -1.000000 -1.000000 -1.000000
-1.000000 -1.000000 -1.000000 -1.000000 -1.000000 -1.000000 -1.000000
-1.000000 -1.000000 -1.000000 -1.000000 -1.000000 -1.000000 -1.000000
0.044520 0.002824 0.000044 0.000398 0.944658 0.007318 0.000238
-1.000000 -1.000000 -1.000000 -1.000000 -1.000000 -1.000000 -1.000000
-1.000000 -1.000000 -1.000000 -1.000000 -1.000000 -1.000000 -1.000000
0.000178 0.000141 0.000002 0.000733 0.996817 0.002005 0.000124
0.000047 0.000043 0.000012 0.000139 0.983968 0.014463 0.001327
0.000251 0.000012 0.000000 0.000012 0.999628 0.000090 0.000007
0.000102 0.000027 0.000020 0.004293 0.986004 0.008690 0.000865
-1.000000 -1.000000 -1.000000 -1.000000 -1.000000 -1.000000 -1.000000
0.000020 0.000003 0.000000 0.001528 0.998056 0.000384 0.000009
-1.000000 -1.000000 -1.000000 -1.000000 -1.000000 -1.000000 -1.000000
-1.000000 -1.000000 -1.000000 -1.000000 -1.000000 -1.000000 -1.000000
0.000100 0.000014 0.000001 0.000014 0.999138 0.000694 0.000039
0.000015 0.000037 0.000069 0.000108 0.983954 0.001726 0.014091
-1.000000 -1.000000 -1.000000 -1.000000 -1.000000 -1.000000 -1.000000
0.008085 0.001038 0.000181 0.001385 0.882538 0.104816 0.001956
0.000038 0.000046 0.000030 0.000044 0.821633 0.171172 0.007038
0.000013 0.000013 0.000000 0.000089 0.999746 0.000120 0.000018
-1.000000 -1.000000 -1.000000 -1.000000 -1.000000 -1.000000 -1.000000
-1.000000 -1.000000 -1.000000 -1.000000 -1.000000 -1.000000 -1.000000
0.000175 0.000016 0.000001 0.000019 0.998524 0.000158 0.001107
-1.000000 -1.000000 -1.000000 -1.000000 -1.000000 -1.000000 -1.000000
-1.000000 -1.000000 -1.000000 -1.000000 -1.000000 -1.000000 -1.000000
-1.000000 -1.000000 -1.000000 -1.000000 -1.000000 -1.000000 -1.000000
0.000292 0.000792 0.000002 0.009162 0.985127 0.000887 0.003738
-1.000000 -1.000000 -1.000000 -1.000000 -1.000000 -1.000000 -1.000000
-1.000000 -1.000000 -1.000000 -1.000000 -1.000000 -1.000000 -1.000000
-1.000000 -1.000000 -1.000000 -1.000000 -1.000000 -1.000000 -1.000000
0.000386 0.000031 0.000001 0.000008 0.998904 0.000119 0.000551
-1.000000 -1.000000 -1.000000 -1.000000 -1.000000 -1.000000 -1.000000
0.000009 0.000009 0.000010 0.832138 0.166675 0.000596 0.000563
-1.000000 -1.000000 -1.000000 -1.000000 -1.000000 -1.000000 -1.000000
0.021181 0.000335 0.000021 0.001571 0.974580 0.002168 0.000143
0.000142 0.000341 0.000004 0.097061 0.899513 0.000125 0.002814
-1.000000 -1.000000 -1.000000 -1.000000 -1.000000 -1.000000 -1.000000
0.000005 0.000000 0.000000 0.000001 0.999943 0.000031 0.000020
0.000148 0.000213 0.000414 0.004836 0.217027 0.777102 0.000261
-1.000000 -1.000000 -1.000000 -1.000000 -1.000000 -1.000000 -1.000000
-1.000000 -1.000000 -1.000000 -1.000000 -1.000000 -1.000000 -1.000000
0.000011 0.000007 0.000015 0.000014 0.917093 0.082770 0.000090
0.001651 0.000172 0.000010 0.000828 0.981686 0.014481 0.001172
-1.000000 -1.000000 -1.000000 -1.000000 -1.000000 -1.000000 -1.000000
-1.000000 -1.000000 -1.000000 -1.000000 -1.000000 -1.000000 -1.000000
-1.000000 -1.000000 -1.000000 -1.000000 -1.000000 -1.000000 -1.000000
-1.000000 -1.000000 -1.000000 -1.000000 -1.000000 -1.000000 -1.000000
-1.000000 -1.000000 -1.000000 -1.000000 -1.000000 -1.000000 -1.000000
0.000354 0.000047 0.000022 0.001710 0.947689 0.049906 0.000272
0.000022 0.000003 0.000000 0.000188 0.999495 0.000263 0.000028
0.000046 0.000046 0.000004 0.017510 0.980424 0.001879 0.000091
0.000019 0.000069 0.000001 0.948621 0.051232 0.000022 0.000036
0.000244 0.000040 0.000018 0.057987 0.934538 0.007096 0.000076
0.000678 0.000223 0.000012 0.023057 0.932631 0.043230 0.000168
-1.000000 -1.000000 -1.000000 -1.000000 -1.000000 -1.000000 -1.000000
-1.000000 -1.000000 -1.000000 -1.000000 -1.000000 -1.000000 -1.000000
0.002528 0.000679 0.001058 0.092889 0.827596 0.013958 0.061293
0.000029 0.000037 0.000036 0.000365 0.928868 0.052780 0.017887
-1.000000 -1.000000 -1.000000 -1.000000 -1.000000 -1.000000 -1.000000
-1.000000 -1.000000 -1.000000 -1.000000 -1.000000 -1.000000 -1.000000
-1.000000 -1.000000 -1.000000 -1.000000 -1.000000 -1.000000 -1.000000
-1.000000 -1.000000 -1.000000 -1.000000 -1.000000 -1.000000 -1.000000
-1.000000 -1.000000 -1.000000 -1.000000 -1.000000 -1.000000 -1.000000
-1.000000 -1.000000 -1.000000 -1.000000 -1.000000 -1.000000 -1.000000
-1.000000 -1.000000 -1.000000 -1.000000 -1.000000 -1.000000 -1.000000
-1.000000 -1.000000 -1.000000 -1.000000 -1.000000 -1.000000 -1.000000
0.000002 0.000002 0.000001 0.000039 0.999206 0.000027 0.000722
-1.000000 -1.000000 -1.000000 -1.000000 -1.000000 -1.000000 -1.000000
-1.000000 -1.000000 -1.000000 -1.000000 -1.000000 -1.000000 -1.000000
-1.000000 -1.000000 -1.000000 -1.000000 -1.000000 -1.000000 -1.000000
-1.000000 -1.000000 -1.000000 -1.000000 -1.000000 -1.000000 -1.000000
-1.000000 -1.000000 -1.000000 -1.000000 -1.000000 -1.000000 -1.000000
0.000031 0.000003 0.000000 0.000003 0.999699 0.000263 0.000001
-1.000000 -1.000000 -1.000000 -1.000000 -1.000000 -1.000000 -1.000000
0.000061 0.000022 0.000019 0.003861 0.990951 0.003925 0.001161
-1.000000 -1.000000 -1.000000 -1.000000 -1.000000 -1.000000 -1.000000
0.000035 0.000017 0.000001 0.000007 0.999302 0.000504 0.000135
0.004169 0.000007 0.000001 0.000063 0.990541 0.005215 0.000004
0.006656 0.006466 0.000020 0.056140 0.930003 0.000330 0.000385
-1.000000 -1.000000 -1.000000 -1.000000 -1.000000 -1.000000 -1.000000
0.000189 0.000064 0.000001 0.001143 0.998164 0.000379 0.000061
0.003741 0.000058 0.000022 0.001524 0.234501 0.760144 0.000011
-1.000000 -1.000000 -1.000000 -1.000000 -1.000000 -1.000000 -1.000000
0.000363 0.000060 0.000125 0.000074 0.984404 0.014842 0.000132
-1.000000 -1.000000 -1.000000 -1.000000 -1.000000 -1.000000 -1.000000
-1.000000 -1.000000 -1.000000 -1.000000 -1.000000 -1.000000 -1.000000
-1.000000 -1.000000 -1.000000 -1.000000 -1.000000 -1.000000 -1.000000
0.000031 0.000043 0.000007 0.000142 0.993514 0.005114 0.001149
-1.000000 -1.000000 -1.000000 -1.000000 -1.000000 -1.000000 -1.000000
-1.000000 -1.000000 -1.000000 -1.000000 -1.000000 -1.000000 -1.000000
0.000512 0.000037 0.000004 0.019837 0.934101 0.045437 0.000071
-1.000000 -1.000000 -1.000000 -1.000000 -1.000000 -1.000000 -1.000000
0.000857 0.000065 0.000000 0.000056 0.998074 0.000946 0.000001
-1.000000 -1.000000 -1.000000 -1.000000 -1.000000 -1.000000 -1.000000
-1.000000 -1.000000 -1.000000 -1.000000 -1.000000 -1.000000 -1.000000
0.000039 0.000095 0.000246 0.000147 0.814137 0.171635 0.013701
-1.000000 -1.000000 -1.000000 -1.000000 -1.000000 -1.000000 -1.000000
-1.000000 -1.000000 -1.000000 -1.000000 -1.000000 -1.000000 -1.000000
0.000879 0.000128 0.000002 0.064264 0.934388 0.000314 0.000025
0.000124 0.000046 0.000005 0.079114 0.919896 0.000622 0.000193
-1.000000 -1.000000 -1.000000 -1.000000 -1.000000 -1.000000 -1.000000
0.002736 0.007839 0.014935 0.001315 0.701553 0.083740 0.187882
0.000099 0.000035 0.000044 0.000123 0.860772 0.138816 0.000111
-1.000000 -1.000000 -1.000000 -1.000000 -1.000000 -1.000000 -1.000000
-1.000000 -1.000000 -1.000000 -1.000000 -1.000000 -1.000000 -1.000000
0.055900 0.004545 0.000081 0.010612 0.918773 0.009705 0.000384
-1.000000 -1.000000 -1.000000 -1.000000 -1.000000 -1.000000 -1.000000
-1.000000 -1.000000 -1.000000 -1.000000 -1.000000 -1.000000 -1.000000
-1.000000 -1.000000 -1.000000 -1.000000 -1.000000 -1.000000 -1.000000
-1.000000 -1.000000 -1.000000 -1.000000 -1.000000 -1.000000 -1.000000
0.048636 0.000241 0.000000 0.001151 0.949901 0.000059 0.000012
-1.000000 -1.000000 -1.000000 -1.000000 -1.000000 -1.000000 -1.000000
-1.000000 -1.000000 -1.000000 -1.000000 -1.000000 -1.000000 -1.000000
0.000012 0.000004 0.000000 0.000023 0.998921 0.001037 0.000004
-1.000000 -1.000000 -1.000000 -1.000000 -1.000000 -1.000000 -1.000000
0.000159 0.000036 0.000026 0.001983 0.995704 0.001844 0.000248
0.000160 0.000111 0.000086 0.001669 0.986210 0.010670 0.001093
-1.000000 -1.000000 -1.000000 -1.000000 -1.000000 -1.000000 -1.000000
0.000124 0.000008 0.000001 0.000200 0.999102 0.000534 0.000032
-1.000000 -1.000000 -1.000000 -1.000000 -1.000000 -1.000000 -1.000000
0.000355 0.000404 0.000048 0.000287 0.630613 0.367980 0.000312
-1.000000 -1.000000 -1.000000 -1.000000 -1.000000 -1.000000 -1.000000
0.000000 0.000000 0.000000 0.999975 0.000024 0.000000 0.000000
-1.000000 -1.000000 -1.000000 -1.000000 -1.000000 -1.000000 -1.000000
-1.000000 -1.000000 -1.000000 -1.000000 -1.000000 -1.000000 -1.000000
-1.000000 -1.000000 -1.000000 -1.000000 -1.000000 -1.000000 -1.000000
-1.000000 -1.000000 -1.000000 -1.000000 -1.000000 -1.000000 -1.000000
0.001143 0.000331 0.000028 0.005587 0.975805 0.016887 0.000220
0.081496 0.006047 0.000100 0.000253 0.910297 0.000672 0.001135
-1.000000 -1.000000 -1.000000 -1.000000 -1.000000 -1.000000 -1.000000
0.005536 0.000143 0.000207 0.027510 0.865429 0.099479 0.001695
0.000224 0.000189 0.000079 0.002371 0.684433 0.312228 0.000477
0.000017 0.000063 0.000004 0.000004 0.995688 0.003669 0.000555
-1.000000 -1.000000 -1.000000 -1.000000 -1.000000 -1.000000 -1.000000
0.000017 0.000003 0.000004 0.000026 0.994254 0.005631 0.000064
0.001053 0.000164 0.000285 0.000104 0.382450 0.615436 0.000509
-1.000000 -1.000000 -1.000000 -1.000000 -1.000000 -1.000000 -1.000000
0.000067 0.000001 0.000000 0.000026 0.999893 0.000011 0.000002
-1.000000 -1.000000 -1.000000 -1.000000 -1.000000 -1.000000 -1.000000
-1.000000 -1.000000 -1.000000 -1.000000 -1.000000 -1.000000 -1.000000
0.003416 0.002235 0.000012 0.000065 0.984260 0.000834 0.009179
0.000039 0.000013 0.000000 0.183867 0.815768 0.000303 0.000009
-1.000000 -1.000000 -1.000000 -1.000000 -1.000000 -1.000000 -1.000000
-1.000000 -1.000000 -1.000000 -1.000000 -1.000000 -1.000000 -1.000000
-1.000000 -1.000000 -1.000000 -1.000000 -1.000000 -1.000000 -1.000000
-1.000000 -1.000000 -1.000000 -1.000000 -1.000000 -1.000000 -1.000000
0.000003 0.000003 0.000000 0.000002 0.999623 0.000163 0.000207
0.000112 0.000097 0.000103 0.151673 0.844569 0.000953 0.002493
-1.000000 -1.000000 -1.000000 -1.000000 -1.000000 -1.000000 -1.000000
-1.000000 -1.000000 -1.000000 -1.000000 -1.000000 -1.000000 -1.000000
-1.000000 -1.000000 -1.000000 -1.000000 -1.000000 -1.000000 -1.000000
-1.000000 -1.000000 -1.000000 -1.000000 -1.000000 -1.000000 -1.000000
0.000155 0.000026 0.000005 0.023662 0.966439 0.000647 0.009066
-1.000000 -1.000000 -1.000000 -1.000000 -1.000000 -1.000000 -1.000000
-1.000000 -1.000000 -1.000000 -1.000000 -1.000000 -1.000000 -1.000000
-1.000000 -1.000000 -1.000000 -1.000000 -1.000000 -1.000000 -1.000000
-1.000000 -1.000000 -1.000000 -1.000000 -1.000000 -1.000000 -1.000000
-1.000000 -1.000000 -1.000000 -1.000000 -1.000000 -1.000000 -1.000000
-1.000000 -1.000000 -1.000000 -1.000000 -1.000000 -1.000000 -1.000000
-1.000000 -1.000000 -1.000000 -1.000000 -1.000000 -1.000000 -1.000000
0.008105 0.000051 0.000002 0.000767 0.989938 0.000907 0.000229
-1.000000 -1.000000 -1.000000 -1.000000 -1.000000 -1.000000 -1.000000
-1.000000 -1.000000 -1.000000 -1.000000 -1.000000 -1.000000 -1.000000
0.050927 0.002151 0.000010 0.001328 0.944843 0.000083 0.000658
-1.000000 -1.000000 -1.000000 -1.000000 -1.000000 -1.000000 -1.000000
0.014614 0.002858 0.000886 0.005833 0.969482 0.005691 0.000636
-1.000000 -1.000000 -1.000000 -1.000000 -1.000000 -1.000000 -1.000000
-1.000000 -1.000000 -1.000000 -1.000000 -1.000000 -1.000000 -1.000000
-1.000000 -1.000000 -1.000000 -1.000000 -1.000000 -1.000000 -1.000000
-1.000000 -1.000000 -1.000000 -1.000000 -1.000000 -1.000000 -1.000000
-1.000000 -1.000000 -1.000000 -1.000000 -1.000000 -1.000000 -1.000000
0.002627 0.000744 0.000062 0.008313 0.980161 0.001897 0.006196
-1.000000 -1.000000 -1.000000 -1.000000 -1.000000 -1.000000 -1.000000
0.000303 0.000102 0.000011 0.000010 0.988211 0.010740 0.000623
-1.000000 -1.000000 -1.000000 -1.000000 -1.000000 -1.000000 -1.000000
0.336013 0.004793 0.000294 0.019764 0.613110 0.016325 0.009701
-1.000000 -1.000000 -1.000000 -1.000000 -1.000000 -1.000000 -1.000000
-1.000000 -1.000000 -1.000000 -1.000000 -1.000000 -1.000000 -1.000000
-1.000000 -1.000000 -1.000000 -1.000000 -1.000000 -1.000000 -1.000000
0.002120 0.001144 0.000124 0.068932 0.881131 0.046221 0.000328
0.000401 0.000336 0.000006 0.000482 0.993035 0.005699 0.000041
-1.000000 -1.000000 -1.000000 -1.000000 -1.000000 -1.000000 -1.000000
0.000111 0.000000 0.000000 0.000003 0.999878 0.000006 0.000001
0.003530 0.000678 0.000077 0.531036 0.423825 0.040542 0.000312
0.000026 0.000002 0.000001 0.000672 0.988939 0.010321 0.000040
0.000200 0.000076 0.000002 0.001214 0.998236 0.000248 0.000023
0.000234 0.000057 0.000028 0.002235 0.996043 0.001122 0.000281
-1.000000 -1.000000 -1.000000 -1.000000 -1.000000 -1.000000 -1.000000
0.000343 0.000204 0.000058 0.003711 0.987658 0.007008 0.001018
-1.000000 -1.000000 -1.000000 -1.000000 -1.000000 -1.000000 -1.000000
-1.000000 -1.000000 -1.000000 -1.000000 -1.000000 -1.000000 -1.000000
0.000036 0.000042 0.000002 0.871076 0.128721 0.000114 0.000010
0.000223 0.000127 0.000078 0.948316 0.038214 0.012976 0.000066
-1.000000 -1.000000 -1.000000 -1.000000 -1.000000 -1.000000 -1.000000
-1.000000 -1.000000 -1.000000 -1.000000 -1.000000 -1.000000 -1.000000
-1.000000 -1.000000 -1.000000 -1.000000 -1.000000 -1.000000 -1.000000
-1.000000 -1.000000 -1.000000 -1.000000 -1.000000 -1.000000 -1.000000
0.000381 0.000102 0.000017 0.001016 0.997205 0.001056 0.000223
-1.000000 -1.000000 -1.000000 -1.000000 -1.000000 -1.000000 -1.000000
-1.000000 -1.000000 -1.000000 -1.000000 -1.000000 -1.000000 -1.000000
-1.000000 -1.000000 -1.000000 -1.000000 -1.000000 -1.000000 -1.000000
0.000536 0.002016 0.000011 0.000044 0.973029 0.023549 0.000814
0.061086 0.000608 0.000040 0.000279 0.916256 0.021301 0.000430
0.016540 0.001379 0.001899 0.015087 0.545588 0.416571 0.002936
-1.000000 -1.000000 -1.000000 -1.000000 -1.000000 -1.000000 -1.000000
0.000061 0.000001 0.000001 0.000205 0.990778 0.008935 0.000019
0.000903 0.000266 0.000019 0.000223 0.992488 0.004339 0.001763
-1.000000 -1.000000 -1.000000 -1.000000 -1.000000 -1.000000 -1.000000
-1.000000 -1.000000 -1.000000 -1.000000 -1.000000 -1.000000 -1.000000
0.023565 0.000556 0.000118 0.137256 0.837055 0.001214 0.000236
0.000005 0.000004 0.000001 0.000713 0.998671 0.000105 0.000502
-1.000000 -1.000000 -1.000000 -1.000000 -1.000000 -1.000000 -1.000000
0.000062 0.000028 0.000002 0.980678 0.017751 0.000341 0.001137
-1.000000 -1.000000 -1.000000 -1.000000 -1.000000 -1.000000 -1.000000
-1.000000 -1.000000 -1.000000 -1.000000 -1.000000 -1.000000 -1.000000
-1.000000 -1.000000 -1.000000 -1.000000 -1.000000 -1.000000 -1.000000
0.003064 0.000246 0.000016 0.010412 0.985190 0.000135 0.000938
0.000186 0.000150 0.000012 0.000247 0.980687 0.018392 0.000325
0.001154 0.059860 0.000049 0.013528 0.912729 0.012612 0.000068
-1.000000 -1.000000 -1.000000 -1.000000 -1.000000 -1.000000 -1.000000
-1.000000 -1.000000 -1.000000 -1.000000 -1.000000 -1.000000 -1.000000
0.000016 0.000102 0.000014 0.016787 0.982022 0.000051 0.001007
0.000084 0.000060 0.000330 0.004293 0.725355 0.269348 0.000529
-1.000000 -1.000000 -1.000000 -1.000000 -1.000000 -1.000000 -1.000000
-1.000000 -1.000000 -1.000000 -1.000000 -1.000000 -1.000000 -1.000000
0.000019 0.000017 0.000010 0.001537 0.805918 0.192463 0.000036
0.008077 0.001326 0.045493 0.001775 0.755921 0.005802 0.181605
-1.000000 -1.000000 -1.000000 -1.000000 -1.000000 -1.000000 -1.000000
-1.000000 -1.000000 -1.000000 -1.000000 -1.000000 -1.000000 -1.000000
-1.000000 -1.000000 -1.000000 -1.000000 -1.000000 -1.000000 -1.000000
-1.000000 -1.000000 -1.000000 -1.000000 -1.000000 -1.000000 -1.000000
-1.000000 -1.000000 -1.000000 -1.000000 -1.000000 -1.000000 -1.000000
0.000553 0.000835 0.000006 0.000409 0.992964 0.005088 0.000146
-1.000000 -1.000000 -1.000000 -1.000000 -1.000000 -1.000000 -1.000000
-1.000000 -1.000000 -1.000000 -1.000000 -1.000000 -1.000000 -1.000000
0.001435 0.001053 0.000304 0.000036 0.863485 0.007488 0.126200
0.000060 0.000011 0.000001 0.000007 0.996220 0.003476 0.000226
-1.000000 -1.000000 -1.000000 -1.000000 -1.000000 -1.000000 -1.000000
-1.000000 -1.000000 -1.000000 -1.000000 -1.000000 -1.000000 -1.000000
0.000784 0.000246 0.000009 0.066780 0.931562 0.000427 0.000193
-1.000000 -1.000000 -1.000000 -1.000000 -1.000000 -1.000000 -1.000000
0.000061 0.000279 0.000117 0.001945 0.964408 0.019121 0.014070
-1.000000 -1.000000 -1.000000 -1.000000 -1.000000 -1.000000 -1.000000
0.002212 0.000273 0.000016 0.000464 0.995995 0.000224 0.000816
0.000382 0.000751 0.000428 0.001708 0.841513 0.141693 0.013524
0.000030 0.000009 0.000004 0.004649 0.993832 0.000716 0.000761
-1.000000 -1.000000 -1.000000 -1.000000 -1.000000 -1.000000 -1.000000
-1.000000 -1.000000 -1.000000 -1.000000 -1.000000 -1.000000 -1.000000
-1.000000 -1.000000 -1.000000 -1.000000 -1.000000 -1.000000 -1.000000
-1.000000 -1.000000 -1.000000 -1.000000 -1.000000 -1.000000 -1.000000
0.000004 0.000009 0.000001 0.000234 0.998717 0.001008 0.000027
-1.000000 -1.000000 -1.000000 -1.000000 -1.000000 -1.000000 -1.000000
-1.000000 -1.000000 -1.000000 -1.000000 -1.000000 -1.000000 -1.000000
0.007005 0.000177 0.000004 0.000225 0.987716 0.004848 0.000025
-1.000000 -1.000000 -1.000000 -1.000000 -1.000000 -1.000000 -1.000000
-1.000000 -1.000000 -1.000000 -1.000000 -1.000000 -1.000000 -1.000000
0.000213 0.000040 0.000002 0.000145 0.998062 0.000879 0.000659
0.000921 0.000374 0.000009 0.000023 0.994825 0.003440 0.000409
0.000274 0.000084 0.000021 0.000157 0.995301 0.001782 0.002381
-1.000000 -1.000000 -1.000000 -1.000000 -1.000000 -1.000000 -1.000000
-1.000000 -1.000000 -1.000000 -1.000000 -1.000000 -1.000000 -1.000000
-1.000000 -1.000000 -1.000000 -1.000000 -1.000000 -1.000000 -1.000000
-1.000000 -1.000000 -1.000000 -1.000000 -1.000000 -1.000000 -1.000000
0.009558 0.000328 0.000008 0.000009 0.962443 0.027637 0.000019
0.000013 0.000002 0.000000 0.000027 0.999593 0.000298 0.000067
0.000250 0.000070 0.000002 0.025676 0.973772 0.000129 0.000102
0.000730 0.000199 0.000009 0.003464 0.992830 0.002667 0.000100
0.000697 0.000208 0.000049 0.001461 0.995088 0.001420 0.001077
0.000045 0.000063 0.000022 0.000224 0.978815 0.020481 0.000350
-1.000000 -1.000000 -1.000000 -1.000000 -1.000000 -1.000000 -1.000000
0.000389 0.000018 0.000000 0.000016 0.999484 0.000088 0.000005
0.002802 0.000020 0.000007 0.000883 0.994745 0.001407 0.000135
-1.000000 -1.000000 -1.000000 -1.000000 -1.000000 -1.000000 -1.000000
-1.000000 -1.000000 -1.000000 -1.000000 -1.000000 -1.000000 -1.000000
0.000602 0.000052 0.000077 0.000947 0.937754 0.059699 0.000869
0.000005 0.000004 0.000000 0.000009 0.999355 0.000616 0.000011
-1.000000 -1.000000 -1.000000 -1.000000 -1.000000 -1.000000 -1.000000
-1.000000 -1.000000 -1.000000 -1.000000 -1.000000 -1.000000 -1.000000
-1.000000 -1.000000 -1.000000 -1.000000 -1.000000 -1.000000 -1.000000
0.000137 0.000124 0.000921 0.008522 0.853379 0.121884 0.015033
0.000078 0.000030 0.000019 0.000016 0.885372 0.114212 0.000273
-1.000000 -1.000000 -1.000000 -1.000000 -1.000000 -1.000000 -1.000000
0.002960 0.002677 0.000031 0.023271 0.970060 0.000898 0.000103
-1.000000 -1.000000 -1.000000 -1.000000 -1.000000 -1.000000 -1.000000
-1.000000 -1.000000 -1.000000 -1.000000 -1.000000 -1.000000 -1.000000
0.000153 0.000068 0.000029 0.045892 0.949391 0.002466 0.002000
-1.000000 -1.000000 -1.000000 -1.000000 -1.000000 -1.000000 -1.000000
-1.000000 -1.000000 -1.000000 -1.000000 -1.000000 -1.000000 -1.000000
-1.000000 -1.000000 -1.000000 -1.000000 -1.000000 -1.000000 -1.000000
-1.000000 -1.000000 -1.000000 -1.000000 -1.000000 -1.000000 -1.000000
0.008412 0.000026 0.000130 0.000081 0.989761 0.000802 0.000788
-1.000000 -1.000000 -1.000000 -1.000000 -1.000000 -1.000000 -1.000000
-1.000000 -1.000000 -1.000000 -1.000000 -1.000000 -1.000000 -1.000000
0.002732 0.001706 0.000007 0.078601 0.915375 0.001448 0.000129
0.000669 0.000007 0.000002 0.000006 0.967760 0.031446 0.000109
0.000305 0.000275 0.000077 0.000461 0.929220 0.064305 0.005357
-1.000000 -1.000000 -1.000000 -1.000000 -1.000000 -1.000000 -1.000000
-1.000000 -1.000000 -1.000000 -1.000000 -1.000000 -1.000000 -1.000000
-1.000000 -1.000000 -1.000000 -1.000000 -1.000000 -1.000000 -1.000000
0.000344 0.000113 0.000186 0.000063 0.151692 0.847141 0.000460
-1.000000 -1.000000 -1.000000 -1.000000 -1.000000 -1.000000 -1.000000
-1.000000 -1.000000 -1.000000 -1.000000 -1.000000 -1.000000 -1.000000
-1.000000 -1.000000 -1.000000 -1.000000 -1.000000 -1.000000 -1.000000
-1.000000 -1.000000 -1.000000 -1.000000 -1.000000 -1.000000 -1.000000
-1.000000 -1.000000 -1.000000 -1.000000 -1.000000 -1.000000 -1.000000
-1.000000 -1.000000 -1.000000 -1.000000 -1.000000 -1.000000 -1.000000
-1.000000 -1.000000 -1.000000 -1.000000 -1.000000 -1.000000 -1.000000
-1.000000 -1.000000 -1.000000 -1.000000 -1.000000 -1.000000 -1.000000
0.004471 0.023964 0.000201 0.016655 0.953077 0.000452 0.001179
0.002270 0.000193 0.000003 0.000221 0.993195 0.004024 0.000094
0.000185 0.000102 0.000002 0.000938 0.998101 0.000543 0.000129
-1.000000 -1.000000 -1.000000 -1.000000 -1.000000 -1.000000 -1.000000
0.012793 0.002671 0.000633 0.052739 0.812970 0.117722 0.000472
0.000756 0.005516 0.000298 0.011661 0.632995 0.348431 0.000343
-1.000000 -1.000000 -1.000000 -1.000000 -1.000000 -1.000000 -1.000000
-1.000000 -1.000000 -1.000000 -1.000000 -1.000000 -1.000000 -1.000000
0.001067 0.000754 0.000062 0.067967 0.911280 0.018730 0.000139
0.000039 0.000019 0.000362 0.005196 0.981550 0.011617 0.001216
-1.000000 -1.000000 -1.000000 -1.000000 -1.000000 -1.000000 -1.000000
-1.000000 -1.000000 -1.000000 -1.000000 -1.000000 -1.000000 -1.000000
-1.000000 -1.000000 -1.000000 -1.000000 -1.000000 -1.000000 -1.000000
-1.000000 -1.000000 -1.000000 -1.000000 -1.000000 -1.000000 -1.000000
0.000001 0.000000 0.000000 0.003935 0.995790 0.000264 0.000011
0.000014 0.000004 0.000000 0.000056 0.999886 0.000031 0.000010
-1.000000 -1.000000 -1.000000 -1.000000 -1.000000 -1.000000 -1.000000
-1.000000 -1.000000 -1.000000 -1.000000 -1.000000 -1.000000 -1.000000
-1.000000 -1.000000 -1.000000 -1.000000 -1.000000 -1.000000 -1.000000
-1.000000 -1.000000 -1.000000 -1.000000 -1.000000 -1.000000 -1.000000
0.002350 0.000114 0.000113 0.002187 0.865759 0.127816 0.001660
0.005009 0.039063 0.001140 0.238010 0.699644 0.015841 0.001293
0.000236 0.000346 0.001928 0.001494 0.718825 0.269574 0.007597
-1.000000 -1.000000 -1.000000 -1.000000 -1.000000 -1.000000 -1.000000
-1.000000 -1.000000 -1.000000 -1.000000 -1.000000 -1.000000 -1.000000
-1.000000 -1.000000 -1.000000 -1.000000 -1.000000 -1.000000 -1.000000
-1.000000 -1.000000 -1.000000 -1.000000 -1.000000 -1.000000 -1.000000
-1.000000 -1.000000 -1.000000 -1.000000 -1.000000 -1.000000 -1.000000
0.002113 0.000157 0.000466 0.002466 0.990062 0.001440 0.003295
0.000537 0.000110 0.000042 0.000017 0.984187 0.010136 0.004970
-1.000000 -1.000000 -1.000000 -1.000000 -1.000000 -1.000000 -1.000000
0.000005 0.000005 0.000005 0.000220 0.988535 0.008416 0.002813
-1.000000 -1.000000 -1.000000 -1.000000 -1.000000 -1.000000 -1.000000
0.002625 0.000620 0.000271 0.061119 0.924343 0.010640 0.000381
0.002764 0.000031 0.000012 0.000169 0.759629 0.237384 0.000010
0.151418 0.008999 0.000386 0.027662 0.794855 0.001608 0.015072
-1.000000 -1.000000 -1.000000 -1.000000 -1.000000 -1.000000 -1.000000
0.000064 0.000010 0.000004 0.000095 0.998317 0.000193 0.001318
0.000000 0.000000 0.000000 0.000785 0.999152 0.000062 0.000001
0.000001 0.000002 0.000001 0.000010 0.993406 0.006570 0.000010
0.000192 0.000004 0.000000 0.000124 0.999672 0.000007 0.000001
-1.000000 -1.000000 -1.000000 -1.000000 -1.000000 -1.000000 -1.000000
-1.000000 -1.000000 -1.000000 -1.000000 -1.000000 -1.000000 -1.000000
-1.000000 -1.000000 -1.000000 -1.000000 -1.000000 -1.000000 -1.000000
0.000055 0.000008 0.000001 0.002021 0.995278 0.002578 0.000059
-1.000000 -1.000000 -1.000000 -1.000000 -1.000000 -1.000000 -1.000000
-1.000000 -1.000000 -1.000000 -1.000000 -1.000000 -1.000000 -1.000000
0.001237 0.000492 0.010090 0.072191 0.892020 0.008689 0.015281
-1.000000 -1.000000 -1.000000 -1.000000 -1.000000 -1.000000 -1.000000
0.000375 0.000599 0.000098 0.050818 0.943224 0.000812 0.004073
-1.000000 -1.000000 -1.000000 -1.000000 -1.000000 -1.000000 -1.000000
0.000039 0.000027 0.000006 0.000250 0.997884 0.001163 0.000632
-1.000000 -1.000000 -1.000000 -1.000000 -1.000000 -1.000000 -1.000000
-1.000000 -1.000000 -1.000000 -1.000000 -1.000000 -1.000000 -1.000000
-1.000000 -1.000000 -1.000000 -1.000000 -1.000000 -1.000000 -1.000000
-1.000000 -1.000000 -1.000000 -1.000000 -1.000000 -1.000000 -1.000000
-1.000000 -1.000000 -1.000000 -1.000000 -1.000000 -1.000000 -1.000000
-1.000000 -1.000000 -1.000000 -1.000000 -1.000000 -1.000000 -1.000000
0.003038 0.000166 0.000065 0.007870 0.966114 0.021941 0.000806
-1.000000 -1.000000 -1.000000 -1.000000 -1.000000 -1.000000 -1.000000
-1.000000 -1.000000 -1.000000 -1.000000 -1.000000 -1.000000 -1.000000
-1.000000 -1.000000 -1.000000 -1.000000 -1.000000 -1.000000 -1.000000
-1.000000 -1.000000 -1.000000 -1.000000 -1.000000 -1.000000 -1.000000
-1.000000 -1.000000 -1.000000 -1.000000 -1.000000 -1.000000 -1.000000
-1.000000 -1.000000 -1.000000 -1.000000 -1.000000 -1.000000 -1.000000
-1.000000 -1.000000 -1.000000 -1.000000 -1.000000 -1.000000 -1.000000
0.000395 0.000827 0.000370 0.000852 0.457388 0.539229 0.000939
-1.000000 -1.000000 -1.000000 -1.000000 -1.000000 -1.000000 -1.000000
0.023147 0.000548 0.000016 0.000719 0.974930 0.000555 0.000085
0.004732 0.001303 0.000102 0.001778 0.948905 0.042575 0.000606
-1.000000 -1.000000 -1.000000 -1.000000 -1.000000 -1.000000 -1.000000
-1.000000 -1.000000 -1.000000 -1.000000 -1.000000 -1.000000 -1.000000
0.000011 0.000004 0.000001 0.000044 0.999372 0.000471 0.000097
-1.000000 -1.000000 -1.000000 -1.000000 -1.000000 -1.000000 -1.000000
-1.000000 -1.000000 -1.000000 -1.000000 -1.000000 -1.000000 -1.000000
0.013111 0.000404 0.000174 0.013094 0.943671 0.028814 0.000730
-1.000000 -1.000000 -1.000000 -1.000000 -1.000000 -1.000000 -1.000000
-1.000000 -1.000000 -1.000000 -1.000000 -1.000000 -1.000000 -1.000000
-1.000000 -1.000000 -1.000000 -1.000000 -1.000000 -1.000000 -1.000000
-1.000000 -1.000000 -1.000000 -1.000000 -1.000000 -1.000000 -1.000000
0.290332 0.058766 0.000052 0.001619 0.646819 0.002220 0.000192
-1.000000 -1.000000 -1.000000 -1.000000 -1.000000 -1.000000 -1.000000
-1.000000 -1.000000 -1.000000 -1.000000 -1.000000 -1.000000 -1.000000
-1.000000 -1.000000 -1.000000 -1.000000 -1.000000 -1.000000 -1.000000
-1.000000 -1.000000 -1.000000 -1.000000 -1.000000 -1.000000 -1.000000
0.000311 0.000066 0.000235 0.001191 0.499297 0.284057 0.214843
0.002616 0.000098 0.000014 0.000777 0.989006 0.007131 0.000358
0.000259 0.000100 0.000082 0.002026 0.451032 0.546221 0.000280
0.000033 0.000017 0.000005 0.005784 0.982233 0.011894 0.000034
0.020744 0.001168 0.000173 0.005945 0.960157 0.000164 0.011649
-1.000000 -1.000000 -1.000000 -1.000000 -1.000000 -1.000000 -1.000000
-1.000000 -1.000000 -1.000000 -1.000000 -1.000000 -1.000000 -1.000000
-1.000000 -1.000000 -1.000000 -1.000000 -1.000000 -1.000000 -1.000000
0.004304 0.000076 0.000007 0.002039 0.969704 0.023819 0.000051
-1.000000 -1.000000 -1.000000 -1.000000 -1.000000 -1.000000 -1.000000
-1.000000 -1.000000 -1.000000 -1.000000 -1.000000 -1.000000 -1.000000
0.000386 0.000028 0.000001 0.000061 0.998245 0.001254 0.000025
-1.000000 -1.000000 -1.000000 -1.000000 -1.000000 -1.000000 -1.000000
-1.000000 -1.000000 -1.000000 -1.000000 -1.000000 -1.000000 -1.000000
0.000006 0.000002 0.000000 0.000003 0.994635 0.005319 0.000035
-1.000000 -1.000000 -1.000000 -1.000000 -1.000000 -1.000000 -1.000000
0.001465 0.001185 0.000512 0.000040 0.865569 0.026649 0.104581
-1.000000 -1.000000 -1.000000 -1.000000 -1.000000 -1.000000 -1.000000
0.000012 0.000007 0.000006 0.001338 0.985958 0.012537 0.000141
-1.000000 -1.000000 -1.000000 -1.000000 -1.000000 -1.000000 -1.000000
0.000799 0.000831 0.000040 0.031626 0.965839 0.000689 0.000176
-1.000000 -1.000000 -1.000000 -1.000000 -1.000000 -1.000000 -1.000000
-1.000000 -1.000000 -1.000000 -1.000000 -1.000000 -1.000000 -1.000000
0.008684 0.001008 0.000337 0.066614 0.454891 0.467779 0.000689
0.000409 0.000241 0.000015 0.144562 0.847398 0.007110 0.000264
0.001974 0.000551 0.000100 0.001198 0.984279 0.009518 0.002379
-1.000000 -1.000000 -1.000000 -1.000000 -1.000000 -1.000000 -1.000000
-1.000000 -1.000000 -1.000000 -1.000000 -1.000000 -1.000000 -1.000000
-1.000000 -1.000000 -1.000000 -1.000000 -1.000000 -1.000000 -1.000000
-1.000000 -1.000000 -1.000000 -1.000000 -1.000000 -1.000000 -1.000000
-1.000000 -1.000000 -1.000000 -1.000000 -1.000000 -1.000000 -1.000000
0.000204 0.000110 0.000106 0.127202 0.841221 0.031114 0.000044
-1.000000 -1.000000 -1.000000 -1.000000 -1.000000 -1.000000 -1.000000
0.000077 0.000313 0.001741 0.000350 0.653670 0.332848 0.011001
-1.000000 -1.000000 -1.000000 -1.000000 -1.000000 -1.000000 -1.000000
0.002123 0.000314 0.000046 0.005843 0.988734 0.000941 0.001999
-1.000000 -1.000000 -1.000000 -1.000000 -1.000000 -1.000000 -1.000000
0.000010 0.000026 0.000006 0.000376 0.959337 0.040201 0.000044
-1.000000 -1.000000 -1.000000 -1.000000 -1.000000 -1.000000 -1.000000
-1.000000 -1.000000 -1.000000 -1.000000 -1.000000 -1.000000 -1.000000
0.000063 0.000209 0.000176 0.000797 0.635706 0.361750 0.001298
0.006097 0.000327 0.000021 0.004462 0.958450 0.030459 0.000183
0.000721 0.000747 0.000017 0.204504 0.791382 0.002037 0.000592
0.003714 0.000194 0.000027 0.001484 0.987624 0.005582 0.001375
-1.000000 -1.000000 -1.000000 -1.000000 -1.000000 -1.000000 -1.000000
0.001218 0.000462 0.000027 0.151228 0.844182 0.002264 0.000618
-1.000000 -1.000000 -1.000000 -1.000000 -1.000000 -1.000000 -1.000000
0.000436 0.000017 0.000009 0.998294 0.000165 0.000047 0.001033
0.001161 0.000303 0.001547 0.000880 0.838987 0.153308 0.003815
-1.000000 -1.000000 -1.000000 -1.000000 -1.000000 -1.000000 -1.000000
