59.967143 42.800000 44.140000 41.410000 86.790000 90.530000 43.700000 70.400000
53.301429 42.800000 44.140000 41.410000 76.380000 56.200000 41.780000 70.400000
47.648571 31.810000 27.270000 6.040000 86.790000 90.530000 24.330000 66.770000
45.888571 35.070000 24.320000 31.540000 78.070000 43.140000 44.340000 64.740000
0.000000 0.000000 0.000000 0.000000 0.000000 0.000000 0.000000 0.000000
42.862017 42.797495 42.342342 41.113281 83.089064 48.337388 10.104250 32.250301
41.183160 42.901879 42.342342 41.601562 82.412627 45.012165 9.222133 24.789410
47.235627 42.379958 41.441441 40.625000 82.638106 46.877534 18.444266 58.243081
45.033408 42.484342 41.441441 41.113281 82.187148 43.714517 17.241379 47.051745
42.926788 42.066806 42.342342 40.332031 83.145434 50.527170 10.184443 31.889290
41.265744 42.171190 42.342342 40.820312 82.468997 47.607461 9.382518 24.067389
47.386360 41.649269 41.441441 40.039062 82.694476 49.553933 18.444266 57.882070
45.121605 41.753653 41.441441 40.527344 82.243517 46.715328 17.321572 45.848375
43.022220 42.797495 42.342342 41.210938 83.709132 48.580697 10.264635 32.250301
41.373126 42.901879 42.342342 41.699219 83.201804 45.174371 9.382518 24.909747
47.386691 42.379958 41.441441 40.722656 83.314543 47.120843 18.604651 58.122744
45.240565 42.484342 41.441441 41.210938 82.976325 43.876723 17.401764 47.292419
43.028074 42.066806 42.342342 40.429688 83.596392 50.527170 10.344828 31.889290
41.408379 42.171190 42.342342 40.917969 83.089064 47.607461 9.542903 24.187726
47.467051 41.649269 41.441441 40.136719 83.201804 49.553933 18.524459 57.761733
45.269975 41.753653 41.441441 40.625000 82.863585 46.715328 17.401764 46.089049
42.376596 41.440501 42.342342 41.992188 82.581736 47.769667 9.222133 31.287605
40.735943 41.544885 42.342342 42.089844 81.961669 44.444444 8.340016 24.428400
46.725059 41.022965 41.441441 41.406250 82.130778 46.472019 17.321572 57.280385
44.561044 41.127349 41.441441 41.503906 81.736189 43.309002 16.118685 46.690734
42.529801 40.709812 42.342342 41.992188 82.638106 49.797242 9.302326 30.926594
40.906962 40.814196 42.342342 42.089844 82.018038 46.877534 8.500401 23.706378
46.924739 40.292276 41.441441 41.406250 82.187148 48.905109 17.321572 56.919374
44.698188 40.396660 41.441441 41.503906 81.792559 46.066504 16.198877 45.487365
42.514795 41.440501 42.342342 41.992188 83.145434 48.012976 9.382518 31.287605
40.903905 41.544885 42.342342 42.089844 82.694476 44.606650 8.500401 24.548736
46.854119 41.022965 41.441441 41.406250 82.750846 46.715328 17.481957 57.160048
44.746197 41.127349 41.441441 41.503906 82.468997 43.471208 16.279070 46.931408
42.609083 40.709812 42.342342 41.992188 83.032694 49.797242 9.462711 30.926594
41.027593 40.814196 42.342342 42.089844 82.581736 46.877534 8.660786 23.826715
46.983426 40.292276 41.441441 41.406250 82.638106 48.905109 17.401764 56.799037
44.824554 40.396660 41.441441 41.503906 82.356257 46.066504 16.279070 45.728039
42.820737 42.588727 42.342342 41.113281 83.089064 48.337388 10.024058 32.250301
41.141880 42.693111 42.342342 41.601562 82.412627 45.012165 9.141941 24.789410
47.334503 42.171190 42.342342 40.625000 82.638106 46.877534 18.444266 58.243081
45.132284 42.275574 42.342342 41.113281 82.187148 43.714517 17.241379 47.051745
42.885508 41.858038 42.342342 40.332031 83.145434 50.527170 10.104250 31.889290
41.224464 41.962422 42.342342 40.820312 82.468997 47.607461 9.302326 24.067389
47.485236 41.440501 42.342342 40.039062 82.694476 49.553933 18.444266 57.882070
45.220481 41.544885 42.342342 40.527344 82.243517 46.715328 17.321572 45.848375
42.980940 42.588727 42.342342 41.210938 83.709132 48.580697 10.184443 32.250301
41.331846 42.693111 42.342342 41.699219 83.201804 45.174371 9.302326 24.909747
47.485567 42.171190 42.342342 40.722656 83.314543 47.120843 18.604651 58.122744
45.339441 42.275574 42.342342 41.210938 82.976325 43.876723 17.401764 47.292419
42.986793 41.858038 42.342342 40.429688 83.596392 50.527170 10.264635 31.889290
41.367099 41.962422 42.342342 40.917969 83.089064 47.607461 9.462711 24.187726
47.565927 41.440501 42.342342 40.136719 83.201804 49.553933 18.524459 57.761733
45.368851 41.544885 42.342342 40.625000 82.863585 46.715328 17.401764 46.089049
42.335316 41.231733 42.342342 41.992188 82.581736 47.769667 9.141941 31.287605
40.694663 41.336117 42.342342 42.089844 81.961669 44.444444 8.259824 24.428400
46.823935 40.814196 42.342342 41.406250 82.130778 46.472019 17.321572 57.280385
44.659920 40.918580 42.342342 41.503906 81.736189 43.309002 16.118685 46.690734
42.488521 40.501044 42.342342 41.992188 82.638106 49.797242 9.222133 30.926594
40.865682 40.605428 42.342342 42.089844 82.018038 46.877534 8.420209 23.706378
47.023615 40.083507 42.342342 41.406250 82.187148 48.905109 17.321572 56.919374
44.797064 40.187891 42.342342 41.503906 81.792559 46.066504 16.198877 45.487365
42.473515 41.231733 42.342342 41.992188 83.145434 48.012976 9.302326 31.287605
40.862625 41.336117 42.342342 42.089844 82.694476 44.606650 8.420209 24.548736
46.952995 40.814196 42.342342 41.406250 82.750846 46.715328 17.481957 57.160048
44.845073 40.918580 42.342342 41.503906 82.468997 43.471208 16.279070 46.931408
42.567803 40.501044 42.342342 41.992188 83.032694 49.797242 9.382518 30.926594
40.986313 40.605428 42.342342 42.089844 82.581736 46.877534 8.580593 23.826715
47.082302 40.083507 42.342342 41.406250 82.638106 48.905109 17.401764 56.799037
44.923430 40.187891 42.342342 41.503906 82.356257 46.066504 16.279070 45.728039
42.518631 43.841336 41.441441 40.820312 82.694476 47.039740 9.783480 32.009627
40.841005 43.632568 41.441441 41.308594 82.018038 43.795620 8.901363 24.789410
46.842132 43.632568 40.540541 40.332031 82.243517 45.742092 17.401764 58.002407
44.669792 43.423800 40.540541 40.820312 81.792559 42.660178 16.279070 47.172082
42.594987 43.110647 41.441441 40.039062 82.750846 49.310624 9.863673 31.648616
40.935176 42.901879 41.441441 40.527344 82.074408 46.472019 9.061748 24.067389
47.004451 42.901879 40.540541 39.746094 82.299887 48.499594 17.401764 57.641396
44.769575 42.693111 40.540541 40.234375 81.848929 45.742092 16.359262 45.968712
42.669587 43.945720 41.441441 40.917969 83.145434 47.283049 9.943865 32.009627
41.021724 43.736952 41.441441 41.406250 82.638106 43.957826 9.061748 24.909747
46.983949 43.736952 40.540541 40.429688 82.750846 45.985401 17.562149 57.882070
44.867702 43.528184 40.540541 40.917969 82.412627 42.822384 16.439455 47.412756
42.672114 43.110647 41.441441 40.136719 83.032694 49.310624 10.024058 31.648616
41.053652 42.901879 41.441441 40.625000 82.525366 46.472019 9.222133 24.187726
47.060984 42.901879 40.540541 39.843750 82.638106 48.499594 17.481957 57.521059
44.893786 42.693111 40.540541 40.332031 82.299887 45.742092 16.439455 46.209386
42.165495 43.215031 41.441441 41.894531 82.187148 46.472019 8.901363 31.046931
40.512123 43.006263 41.441441 41.894531 81.567080 43.227899 8.019246 24.428400
46.478761 43.110647 40.540541 41.308594 81.736189 45.336577 16.279070 57.039711
44.330675 42.901879 40.540541 41.308594 81.341601 42.254663 15.156375 46.811071
42.344238 42.484342 41.441441 41.992188 82.243517 48.580697 8.981556 30.685921
40.708679 42.275574 41.441441 41.992188 81.623450 45.742092 8.179631 23.706378
46.703978 42.379958 40.540541 41.406250 81.792559 47.850770 16.279070 56.678700
44.493356 42.171190 40.540541 41.406250 81.397971 45.093268 15.236568 45.607702
42.294447 43.319415 41.441441 41.894531 82.581736 46.715328 9.061748 31.046931
40.670839 43.110647 41.441441 41.894531 82.130778 43.390105 8.179631 24.548736
46.598576 43.215031 40.540541 41.308594 82.187148 45.579886 16.439455 56.919374
44.506582 43.006263 40.540541 41.308594 81.905299 42.416869 15.316760 47.051745
42.399361 42.484342 41.441441 41.992188 82.468997 48.580697 9.141941 30.685921
40.805152 42.275574 41.441441 41.992188 82.018038 45.742092 8.340016 23.826715
46.738508 42.379958 40.540541 41.406250 82.074408 47.850770 16.359262 56.558363
44.595563 42.171190 40.540541 41.406250 81.792559 45.093268 15.316760 45.848375
42.591139 43.528184 42.342342 40.820312 82.694476 47.039740 9.703288 32.009627
40.913513 43.319415 42.342342 41.308594 82.018038 43.795620 8.821171 24.789410
47.054796 43.319415 42.342342 40.332031 82.243517 45.742092 17.401764 58.002407
44.882456 43.110647 42.342342 40.820312 81.792559 42.660178 16.279070 47.172082
42.667495 42.797495 42.342342 40.039062 82.750846 49.310624 9.783480 31.648616
41.007684 42.588727 42.342342 40.527344 82.074408 46.472019 8.981556 24.067389
47.217115 42.588727 42.342342 39.746094 82.299887 48.499594 17.401764 57.641396
44.982239 42.379958 42.342342 40.234375 81.848929 45.742092 16.359262 45.968712
42.757007 43.736952 42.342342 40.917969 83.145434 47.283049 9.863673 32.009627
41.109144 43.528184 42.342342 41.406250 82.638106 43.957826 8.981556 24.909747
47.211526 43.528184 42.342342 40.429688 82.750846 45.985401 17.562149 57.882070
45.095278 43.319415 42.342342 40.917969 82.412627 42.822384 16.439455 47.412756
42.759534 42.901879 42.342342 40.136719 83.032694 49.310624 9.943865 31.648616
41.141072 42.693111 42.342342 40.625000 82.525366 46.472019 9.141941 24.187726
47.288560 42.693111 42.342342 39.843750 82.638106 48.499594 17.481957 57.521059
45.121362 42.484342 42.342342 40.332031 82.299887 45.742092 16.439455 46.209386
42.238003 42.901879 42.342342 41.894531 82.187148 46.472019 8.821171 31.046931
40.584631 42.693111 42.342342 41.894531 81.567080 43.227899 7.939054 24.428400
46.691426 42.797495 42.342342 41.308594 81.736189 45.336577 16.279070 57.039711
44.543339 42.588727 42.342342 41.308594 81.341601 42.254663 15.156375 46.811071
42.416746 42.171190 42.342342 41.992188 82.243517 48.580697 8.901363 30.685921
40.781187 41.962422 42.342342 41.992188 81.623450 45.742092 8.099439 23.706378
46.916643 42.066806 42.342342 41.406250 81.792559 47.850770 16.279070 56.678700
44.706020 41.858038 42.342342 41.406250 81.397971 45.093268 15.236568 45.607702
42.381868 43.110647 42.342342 41.894531 82.581736 46.715328 8.981556 31.046931
40.758259 42.901879 42.342342 41.894531 82.130778 43.390105 8.099439 24.548736
46.826152 43.006263 42.342342 41.308594 82.187148 45.579886 16.439455 56.919374
44.734158 42.797495 42.342342 41.308594 81.905299 42.416869 15.316760 47.051745
42.486781 42.275574 42.342342 41.992188 82.468997 48.580697 9.061748 30.685921
40.892572 42.066806 42.342342 41.992188 82.018038 45.742092 8.259824 23.826715
46.966084 42.171190 42.342342 41.406250 82.074408 47.850770 16.359262 56.558363
44.823140 41.962422 42.342342 41.406250 81.792559 45.093268 15.316760 45.848375
42.862017 42.797495 42.342342 41.113281 83.089064 48.337388 10.104250 32.250301
41.231380 42.693111 42.342342 41.210938 82.187148 44.931062 9.141941 26.113117
42.247993 42.901879 43.243243 41.210938 82.863585 48.175182 8.580593 28.760529
40.293044 42.797495 43.243243 41.308594 82.018038 44.768856 7.698476 20.216606
41.997466 41.127349 42.342342 39.648438 82.525366 49.472830 7.217322 31.648616
40.577320 41.022965 42.342342 39.746094 81.679820 47.283049 6.335204 25.631769
41.448919 41.231733 43.243243 39.746094 82.356257 49.391727 5.773857 28.399519
39.681536 41.127349 43.243243 39.843750 81.567080 47.201946 5.052125 19.735259
42.825028 42.379958 41.441441 40.917969 83.821871 48.418491 10.906175 31.889290
41.259997 42.275574 41.441441 41.015625 82.976325 45.174371 9.943865 25.992780
42.204197 42.484342 42.342342 41.015625 83.709132 48.256285 9.222133 28.399519
40.306803 42.379958 42.342342 41.113281 82.863585 45.012165 8.340016 20.096270
41.844590 40.814196 41.441441 39.355469 83.089064 48.905109 8.019246 31.287605
40.481999 40.709812 41.441441 39.453125 82.243517 46.877534 7.137129 25.511432
41.281183 40.918580 42.342342 39.453125 82.976325 48.824006 6.415397 28.038508
39.563302 40.814196 42.342342 39.550781 82.130778 46.796431 5.693665 19.614922
42.793868 42.797495 42.342342 41.601562 83.089064 48.094079 10.104250 31.528279
41.238474 42.693111 42.342342 41.503906 82.187148 44.687753 9.141941 26.113117
42.156931 42.901879 43.243243 41.699219 82.863585 47.931873 8.420209 28.038508
40.277226 42.797495 43.243243 41.601562 82.018038 44.525547 7.538091 20.216606
41.966439 41.127349 42.342342 40.234375 82.525366 49.391727 7.217322 30.926594
40.621538 41.022965 42.342342 40.136719 81.679820 47.201946 6.335204 25.631769
41.406436 41.231733 43.243243 40.332031 82.356257 49.310624 5.693665 27.677497
39.714297 41.127349 43.243243 40.234375 81.567080 47.120843 4.971933 19.735259
42.756878 42.379958 41.441441 41.406250 83.821871 48.175182 10.906175 31.167268
41.267092 42.275574 41.441441 41.308594 82.976325 44.931062 9.943865 25.992780
42.113135 42.484342 42.342342 41.503906 83.709132 48.012976 9.061748 27.677497
40.290985 42.379958 42.342342 41.406250 82.863585 44.768856 8.179631 20.096270
41.813564 40.814196 41.441441 39.941406 83.089064 48.824006 8.019246 30.565584
40.526216 40.709812 41.441441 39.843750 82.243517 46.796431 7.137129 25.511432
41.238701 40.918580 42.342342 40.039062 82.976325 48.742903 6.335204 27.316486
39.596064 40.814196 42.342342 39.941406 82.130778 46.715328 5.613472 19.614922
43.191926 42.484342 45.045045 41.113281 83.089064 48.337388 10.024058 32.250301
41.561288 42.379958 45.045045 41.210938 82.187148 44.931062 9.061748 26.113117
42.437745 42.588727 45.045045 41.210938 82.863585 48.175182 8.420209 28.760529
40.482796 42.484342 45.045045 41.308594 82.018038 44.768856 7.538091 20.216606
42.338830 40.814196 45.045045 39.648438 82.525366 49.472830 7.217322 31.648616
40.918685 40.709812 45.045045 39.746094 81.679820 47.283049 6.335204 25.631769
41.650127 40.918580 45.045045 39.746094 82.356257 49.391727 5.693665 28.399519
39.882744 40.814196 45.045045 39.843750 81.567080 47.201946 4.971933 19.735259
43.412337 42.066806 45.945946 40.917969 83.821871 48.418491 10.825982 31.889290
41.847306 41.962422 45.945946 41.015625 82.976325 45.174371 9.863673 25.992780
42.651349 42.171190 45.945946 41.015625 83.709132 48.256285 9.061748 28.399519
40.753955 42.066806 45.945946 41.113281 82.863585 45.012165 8.179631 20.096270
42.443355 40.501044 45.945946 39.355469 83.089064 48.905109 8.019246 31.287605
41.080763 40.396660 45.945946 39.453125 82.243517 46.877534 7.137129 25.511432
41.739792 40.605428 45.945946 39.453125 82.976325 48.824006 6.335204 28.038508
40.021911 40.501044 45.945946 39.550781 82.130778 46.796431 5.613472 19.614922
43.123776 42.484342 45.045045 41.601562 83.089064 48.094079 10.024058 31.528279
41.568382 42.379958 45.045045 41.503906 82.187148 44.687753 9.061748 26.113117
42.346683 42.588727 45.045045 41.699219 82.863585 47.931873 8.259824 28.038508
40.466978 42.484342 45.045045 41.601562 82.018038 44.525547 7.377706 20.216606
42.307804 40.814196 45.045045 40.234375 82.525366 49.391727 7.217322 30.926594
40.962902 40.709812 45.045045 40.136719 81.679820 47.201946 6.335204 25.631769
41.607644 40.918580 45.045045 40.332031 82.356257 49.310624 5.613472 27.677497
39.915506 40.814196 45.045045 40.234375 81.567080 47.120843 4.891740 19.735259
43.344187 42.066806 45.945946 41.406250 83.821871 48.175182 10.825982 31.167268
41.854400 41.962422 45.945946 41.308594 82.976325 44.931062 9.863673 25.992780
42.560287 42.171190 45.945946 41.503906 83.709132 48.012976 8.901363 27.677497
40.738137 42.066806 45.945946 41.406250 82.863585 44.768856 8.019246 20.096270
42.412328 40.501044 45.945946 39.941406 83.089064 48.824006 8.019246 30.565584
41.124981 40.396660 45.945946 39.843750 82.243517 46.796431 7.137129 25.511432
41.697309 40.605428 45.945946 40.039062 82.976325 48.742903 6.255012 27.316486
40.054672 40.501044 45.945946 39.941406 82.130778 46.715328 5.533280 19.614922
42.691919 43.110647 42.342342 41.210938 82.863585 47.201946 9.863673 32.250301
41.061281 43.006263 42.342342 41.308594 81.961669 43.795620 8.901363 26.113117
42.048070 43.006263 43.243243 41.308594 82.638106 47.039740 8.340016 28.760529
40.093122 42.901879 43.243243 41.406250 81.792559 43.633414 7.457899 20.216606
41.940012 42.066806 42.342342 39.746094 82.299887 48.499594 6.976744 31.648616
40.519866 41.962422 42.342342 39.843750 81.454340 46.309813 6.094627 25.631769
41.361640 41.962422 43.243243 39.843750 82.130778 48.418491 5.533280 28.399519
39.594258 41.858038 43.243243 39.941406 81.341601 46.228710 4.811548 19.735259
42.665322 42.797495 41.441441 41.015625 83.483653 47.364152 10.665597 31.889290
41.100291 42.693111 41.441441 41.113281 82.638106 44.120032 9.703288 25.992780
42.014667 42.693111 42.342342 41.113281 83.370913 47.201946 8.981556 28.399519
40.117272 42.588727 42.342342 41.210938 82.525366 43.957826 8.099439 20.096270
41.756118 41.649269 41.441441 39.453125 82.750846 47.931873 7.778669 31.287605
40.393527 41.544885 41.441441 39.550781 81.905299 45.904298 6.896552 25.511432
41.162888 41.544885 42.342342 39.550781 82.638106 47.850770 6.174820 28.038508
39.445006 41.440501 42.342342 39.648438 81.792559 45.823195 5.453087 19.614922
42.622808 43.006263 42.342342 41.796875 82.863585 46.958637 9.863673 31.528279
41.067414 42.901879 42.342342 41.699219 81.961669 43.552311 8.901363 26.113117
41.956047 42.901879 43.243243 41.894531 82.638106 46.796431 8.179631 28.038508
40.076343 42.797495 43.243243 41.796875 81.792559 43.390105 7.297514 20.216606
41.908024 41.962422 42.342342 40.429688 82.299887 48.418491 6.976744 30.926594
40.563123 41.858038 42.342342 40.332031 81.454340 46.228710 6.094627 25.631769
41.318196 41.858038 43.243243 40.527344 82.130778 48.337388 5.453087 27.677497
39.626058 41.753653 43.243243 40.429688 81.341601 46.147607 4.731355 19.735259
42.596211 42.693111 41.441441 41.601562 83.483653 47.120843 10.665597 31.167268
41.106424 42.588727 41.441441 41.503906 82.638106 43.876723 9.703288 25.992780
41.922644 42.588727 42.342342 41.699219 83.370913 46.958637 8.821171 27.677497
40.100493 42.484342 42.342342 41.601562 82.525366 43.714517 7.939054 20.096270
41.724131 41.544885 41.441441 40.136719 82.750846 47.850770 7.778669 30.565584
40.436783 41.440501 41.441441 40.039062 81.905299 45.823195 6.896552 25.511432
41.119444 41.440501 42.342342 40.234375 82.638106 47.769667 6.094627 27.316486
39.476807 41.336117 42.342342 40.136719 81.792559 45.742092 5.372895 19.614922
42.893127 42.797495 44.144144 41.210938 82.863585 47.201946 9.783480 32.250301
41.262489 42.693111 44.144144 41.308594 81.961669 43.795620 8.821171 26.113117
42.120578 42.693111 44.144144 41.308594 82.638106 47.039740 8.259824 28.760529
40.165630 42.588727 44.144144 41.406250 81.792559 43.633414 7.377706 20.216606
42.152676 41.753653 44.144144 39.746094 82.299887 48.499594 6.976744 31.648616
40.732530 41.649269 44.144144 39.843750 81.454340 46.309813 6.094627 25.631769
41.445604 41.649269 44.144144 39.843750 82.130778 48.418491 5.533280 28.399519
39.678222 41.544885 44.144144 39.941406 81.341601 46.228710 4.811548 19.735259
43.123930 42.484342 45.045045 41.015625 83.483653 47.364152 10.585405 31.889290
41.558900 42.379958 45.045045 41.113281 82.638106 44.120032 9.623095 25.992780
42.344575 42.379958 45.045045 41.113281 83.370913 47.201946 8.901363 28.399519
40.447181 42.275574 45.045045 41.210938 82.525366 43.957826 8.019246 20.096270
42.226183 41.336117 45.045045 39.453125 82.750846 47.931873 7.778669 31.287605
40.863591 41.231733 45.045045 39.550781 81.905299 45.904298 6.896552 25.511432
41.504252 41.231733 45.045045 39.550781 82.638106 47.850770 6.174820 28.038508
39.786371 41.127349 45.045045 39.648438 81.792559 45.823195 5.453087 19.614922
42.824016 42.693111 44.144144 41.796875 82.863585 46.958637 9.783480 31.528279
41.268622 42.588727 44.144144 41.699219 81.961669 43.552311 8.821171 26.113117
42.028555 42.588727 44.144144 41.894531 82.638106 46.796431 8.099439 28.038508
40.148851 42.484342 44.144144 41.796875 81.792559 43.390105 7.217322 20.216606
42.120688 41.649269 44.144144 40.429688 82.299887 48.418491 6.976744 30.926594
40.775787 41.544885 44.144144 40.332031 81.454340 46.228710 6.094627 25.631769
41.402161 41.544885 44.144144 40.527344 82.130778 48.337388 5.453087 27.677497
39.710022 41.440501 44.144144 40.429688 81.341601 46.147607 4.731355 19.735259
43.054819 42.379958 45.045045 41.601562 83.483653 47.120843 10.585405 31.167268
41.565033 42.275574 45.045045 41.503906 82.638106 43.876723 9.623095 25.992780
42.252552 42.275574 45.045045 41.699219 83.370913 46.958637 8.740978 27.677497
40.430402 42.171190 45.045045 41.601562 82.525366 43.714517 7.858861 20.096270
42.194195 41.231733 45.045045 40.136719 82.750846 47.850770 7.778669 30.565584
40.906848 41.127349 45.045045 40.039062 81.905299 45.823195 6.896552 25.511432
41.460808 41.127349 45.045045 40.234375 82.638106 47.769667 6.094627 27.316486
39.818171 41.022965 45.045045 40.136719 81.792559 45.742092 5.372895 19.614922
42.862017 42.797495 42.342342 41.113281 83.089064 48.337388 10.104250 32.250301
38.868007 42.693111 42.342342 41.406250 81.454340 37.388483 8.740978 18.050542
47.044765 42.066806 42.342342 40.625000 82.525366 46.309813 18.043304 57.400722
40.256500 41.962422 42.342342 40.917969 81.059752 35.928629 16.118685 23.465704
42.011022 40.501044 43.243243 39.062500 82.525366 49.959448 7.618284 31.167268
39.205694 40.396660 43.243243 39.355469 80.947012 46.553122 6.736167 17.208183
45.793680 39.979123 43.243243 39.062500 82.018038 49.229521 10.825982 56.197353
40.122394 39.874739 43.243243 39.355469 80.552424 45.985401 9.222133 22.623345
42.895293 42.484342 41.441441 40.917969 83.765502 48.661800 10.986367 32.009627
39.000087 42.379958 41.441441 41.210938 82.581736 37.712895 9.623095 18.050542
47.044611 41.753653 41.441441 40.332031 83.427283 46.553122 18.765036 57.039711
40.356237 41.649269 41.441441 40.625000 82.299887 36.171938 16.840417 23.465704
41.918018 40.187891 42.342342 38.769531 83.145434 49.553933 8.500401 30.926594
39.211495 40.083507 42.342342 39.062500 82.018038 46.147607 7.618284 17.208183
45.705149 39.665971 42.342342 38.671875 82.807215 48.824006 11.788292 55.836342
40.141805 39.561587 42.342342 38.964844 81.736189 45.579886 10.184443 22.623345
42.344626 41.440501 42.342342 42.187500 82.525366 47.607461 9.141941 31.167268
38.320055 41.336117 42.342342 42.089844 80.947012 36.658556 7.778669 17.087846
46.527893 40.709812 42.342342 41.699219 81.961669 45.904298 16.760225 56.317690
39.709069 40.605428 42.342342 41.601562 80.552424 35.523114 14.835605 22.503008
41.635062 39.352818 43.243243 40.917969 81.961669 49.229521 6.655974 30.084236
38.816364 39.248434 43.243243 40.820312 80.439684 45.823195 5.773857 16.365824
45.364411 38.830898 43.243243 40.625000 81.454340 48.499594 9.783480 55.114320
39.679756 38.726514 43.243243 40.527344 80.045096 45.255474 8.179631 21.780987
42.609868 41.231733 42.342342 42.578125 83.314543 47.931873 9.943865 30.926594
38.667997 41.127349 42.342342 42.480469 82.074408 36.982968 8.580593 17.087846
46.796570 40.501044 42.342342 42.089844 82.976325 46.147607 17.562149 55.956679
40.061530 40.396660 42.342342 41.992188 81.792559 35.766423 15.637530 22.503008
41.760074 39.144050 43.243243 41.113281 82.694476 48.824006 7.457899 29.843562
39.024076 39.039666 43.243243 41.015625 81.510710 45.417680 6.575782 16.365824
45.519303 38.622129 43.243243 40.820312 82.356257 48.094079 10.745790 54.753309
39.926485 38.517745 43.243243 40.722656 81.228861 44.849959 9.141941 21.780987
42.919613 42.379958 43.243243 41.113281 83.089064 48.337388 10.024058 32.250301
38.925603 42.275574 43.243243 41.406250 81.454340 37.388483 8.660786 18.050542
47.090905 41.649269 43.243243 40.625000 82.525366 46.309813 17.882919 57.400722
40.302640 41.544885 43.243243 40.917969 81.059752 35.928629 15.958300 23.465704
41.951374 40.083507 43.243243 39.062500 82.525366 49.959448 7.618284 31.167268
39.146046 39.979123 43.243243 39.355469 80.947012 46.553122 6.736167 17.208183
45.711120 39.561587 43.243243 39.062500 82.018038 49.229521 10.665597 56.197353
40.039833 39.457203 43.243243 39.355469 80.552424 45.985401 9.061748 22.623345
43.210289 42.066806 44.144144 40.917969 83.765502 48.661800 10.906175 32.009627
39.315083 41.962422 44.144144 41.210938 82.581736 37.712895 9.542903 18.050542
47.348151 41.336117 44.144144 40.332031 83.427283 46.553122 18.604651 57.039711
40.659777 41.231733 44.144144 40.625000 82.299887 36.171938 16.680032 23.465704
42.115770 39.770355 44.144144 38.769531 83.145434 49.553933 8.500401 30.926594
39.409247 39.665971 44.144144 39.062500 82.018038 46.147607 7.618284 17.208183
45.879989 39.248434 44.144144 38.671875 82.807215 48.824006 11.627907 55.836342
40.316645 39.144050 44.144144 38.964844 81.736189 45.579886 10.024058 22.623345
42.402222 41.022965 43.243243 42.187500 82.525366 47.607461 9.061748 31.167268
38.377651 40.918580 43.243243 42.089844 80.947012 36.658556 7.698476 17.087846
46.574033 40.292276 43.243243 41.699219 81.961669 45.904298 16.599840 56.317690
39.755209 40.187891 43.243243 41.601562 80.552424 35.523114 14.675221 22.503008
41.575413 38.935282 43.243243 40.917969 81.961669 49.229521 6.655974 30.084236
38.756716 38.830898 43.243243 40.820312 80.439684 45.823195 5.773857 16.365824
45.281851 38.413361 43.243243 40.625000 81.454340 48.499594 9.623095 55.114320
39.597195 38.308977 43.243243 40.527344 80.045096 45.255474 8.019246 21.780987
42.796164 40.814196 44.144144 42.578125 83.314543 47.931873 9.863673 30.926594
38.854293 40.709812 44.144144 42.480469 82.074408 36.982968 8.500401 17.087846
46.971410 40.083507 44.144144 42.089844 82.976325 46.147607 17.401764 55.956679
40.236370 39.979123 44.144144 41.992188 81.792559 35.766423 15.477145 22.503008
41.829126 38.726514 44.144144 41.113281 82.694476 48.824006 7.457899 29.843562
39.093128 38.622129 44.144144 41.015625 81.510710 45.417680 6.575782 16.365824
45.565443 38.204593 44.144144 40.820312 82.356257 48.094079 10.585405 54.753309
39.972625 38.100209 44.144144 40.722656 81.228861 44.849959 8.981556 21.780987
42.471148 44.154489 41.441441 41.015625 82.581736 46.472019 9.623095 32.009627
38.448545 43.528184 41.441441 41.308594 80.947012 35.604217 8.259824 18.050542
46.665484 43.841336 41.441441 40.429688 82.018038 44.606650 17.161187 57.160048
39.848628 43.215031 41.441441 40.722656 80.552424 34.306569 15.236568 23.465704
41.781298 42.588727 42.342342 39.062500 82.074408 48.337388 7.137129 30.926594
38.935792 41.962422 42.342342 39.355469 80.496054 44.931062 6.255012 17.208183
45.534136 42.275574 42.342342 38.964844 81.567080 47.688564 9.943865 55.956679
39.822671 41.649269 42.342342 39.257812 80.101466 44.444444 8.340016 22.623345
42.590747 44.050104 40.540541 40.820312 83.652762 46.877534 10.425020 31.768953
38.666949 43.423800 40.540541 41.113281 82.468997 36.009732 9.061748 18.050542
46.736742 43.632568 40.540541 40.136719 83.314543 44.931062 17.802727 56.799037
40.019776 43.006263 40.540541 40.429688 82.187148 34.630981 15.878107 23.465704
41.769892 42.588727 41.441441 38.769531 83.032694 47.931873 7.939054 30.685921
39.023190 41.962422 41.441441 39.062500 81.905299 44.525547 7.056937 17.208183
45.512289 42.171190 41.441441 38.574219 82.694476 47.283049 10.825982 55.595668
39.908767 41.544885 41.441441 38.867188 81.623450 44.038929 9.222133 22.623345
42.087964 43.736952 41.441441 42.089844 82.018038 45.742092 8.660786 30.926594
38.020851 43.110647 41.441441 41.894531 80.439684 34.874290 7.297514 17.087846
46.297733 43.528184 41.441441 41.503906 81.454340 44.201135 15.878107 56.077016
39.436366 42.901879 41.441441 41.308594 80.045096 33.901054 13.953488 22.503008
41.523673 42.171190 42.342342 41.015625 81.510710 47.607461 6.174820 29.843562
38.650847 41.544885 42.342342 40.820312 79.988726 44.201135 5.292702 16.365824
45.238113 41.962422 42.342342 40.625000 81.003382 46.958637 8.901363 54.873646
39.499329 41.336117 42.342342 40.429688 79.594138 43.714517 7.297514 21.780987
42.436074 43.632568 41.441441 42.480469 83.201804 46.147607 9.462711 30.685921
38.451660 43.006263 41.441441 42.285156 81.961669 35.279805 8.099439 17.087846
46.622909 43.319415 41.441441 41.894531 82.863585 44.525547 16.599840 55.716005
39.845327 42.693111 41.441441 41.699219 81.679820 34.225466 14.675221 22.503008
41.726826 42.171190 42.342342 41.210938 82.581736 47.201946 6.976744 29.602888
38.936699 41.544885 42.342342 41.015625 81.397971 43.795620 6.094627 16.365824
45.444778 41.858038 42.342342 40.820312 82.243517 46.553122 9.783480 54.512635
39.797831 41.231733 42.342342 40.625000 81.116122 43.309002 8.179631 21.780987
42.657444 43.736952 43.243243 41.015625 82.581736 46.472019 9.542903 32.009627
38.634841 43.110647 43.243243 41.308594 80.947012 35.604217 8.179631 18.050542
46.851780 43.423800 43.243243 40.429688 82.018038 44.606650 17.080994 57.160048
40.034924 42.797495 43.243243 40.722656 80.552424 34.306569 15.156375 23.465704
41.850350 42.171190 43.243243 39.062500 82.074408 48.337388 7.137129 30.926594
39.004844 41.544885 43.243243 39.355469 80.496054 44.931062 6.255012 17.208183
45.591732 41.858038 43.243243 38.964844 81.567080 47.688564 9.863673 55.956679
39.880267 41.231733 43.243243 39.257812 80.101466 44.444444 8.259824 22.623345
43.049355 43.736952 44.144144 40.820312 83.652762 46.877534 10.344828 31.768953
39.125557 43.110647 44.144144 41.113281 82.468997 36.009732 8.981556 18.050542
47.195351 43.319415 44.144144 40.136719 83.314543 44.931062 17.722534 56.799037
40.478384 42.693111 44.144144 40.429688 82.187148 34.630981 15.797915 23.465704
42.111256 42.275574 44.144144 38.769531 83.032694 47.931873 7.939054 30.685921
39.364554 41.649269 44.144144 39.062500 81.905299 44.525547 7.056937 17.208183
45.842198 41.858038 44.144144 38.574219 82.694476 47.283049 10.745790 55.595668
40.238676 41.231733 44.144144 38.867188 81.623450 44.038929 9.141941 22.623345
42.274260 43.319415 43.243243 42.089844 82.018038 45.742092 8.580593 30.926594
38.207147 42.693111 43.243243 41.894531 80.439684 34.874290 7.217322 17.087846
46.484029 43.110647 43.243243 41.503906 81.454340 44.201135 15.797915 56.077016
39.622662 42.484342 43.243243 41.308594 80.045096 33.901054 13.873296 22.503008
41.592725 41.753653 43.243243 41.015625 81.510710 47.607461 6.174820 29.843562
38.719899 41.127349 43.243243 40.820312 79.988726 44.201135 5.292702 16.365824
45.295709 41.544885 43.243243 40.625000 81.003382 46.958637 8.821171 54.873646
39.556925 40.918580 43.243243 40.429688 79.594138 43.714517 7.217322 21.780987
42.765983 43.319415 44.144144 42.480469 83.201804 46.147607 9.382518 30.685921
38.781568 42.693111 44.144144 42.285156 81.961669 35.279805 8.019246 17.087846
46.952818 43.006263 44.144144 41.894531 82.863585 44.525547 16.519647 55.716005
40.175235 42.379958 44.144144 41.699219 81.679820 34.225466 14.595028 22.503008
41.939491 41.858038 44.144144 41.210938 82.581736 47.201946 6.976744 29.602888
39.149363 41.231733 44.144144 41.015625 81.397971 43.795620 6.094627 16.365824
45.645986 41.544885 44.144144 40.820312 82.243517 46.553122 9.703288 54.512635
39.999039 40.918580 44.144144 40.625000 81.116122 43.309002 8.099439 21.780987
